19731231 19.5 18.3 5 6.9 0 0 0 5 5 5 5 5 8.8 21.8 16.4 5.1 76.9 NA 10.3 95.7 33.4 16.1 5.1
19740101 27.7 26.9 9.2 12.3 1.5 1.2 2.7 8.5 6 6.2 9.6 6.7 17.2 26.7 18.9 7.4 79.1 NA 18.7 95.7 39.3 20 6.5
19740102 36.5 35.3 11.4 15.4 3 2.3 5.5 11.2 6.9 6.8 12.3 10.2 22.3 29.8 20.9 8.8 81.3 NA 27.1 96.4 45.1 24.9 7.5
19740103 44.7 43.7 15.7 20.8 3.9 3.5 8.4 14.7 7.9 8 16.9 11.9 30.6 34.7 23.5 11.1 84.1 NA 35.6 97.2 51.3 28.2 8.9
19740104 53.6 52.2 19.2 25.9 5.3 4.6 11.1 18.2 8.9 8.6 19.6 13.7 35.8 39.7 26.2 13.4 86.3 NA 44.1 97.2 58.4 33 10.4
19740105 61.7 60.8 23.4 31.5 11.1 10.2 17.1 21.7 9.8 9.8 24.2 17.1 44.1 45.5 28.9 15.7 88.4 NA 52.5 98.4 64.4 38.8 12
19740106 65.8 65.8 25.5 34.2 12.6 11.3 19.8 23.2 9.9 10.4 26.5 18.8 48.3 47.9 30.2 16.9 90.6 NA 60.9 98.5 67.3 42.7 12.7
19740107 74.7 74.4 29.7 39.8 14.1 12.5 22.5 26.7 10.9 11.6 31 20.6 56.6 52.8 32.9 19.2 92.8 NA 69.3 98.5 74.4 47.5 14.2
19740108 82.9 82.7 33.2 44.8 14.9 13.6 25.5 30.2 11.9 12.2 33.8 22.3 61.8 57.7 35.5 21.5 95.6 NA 77.9 99.2 80.6 50.8 15.6
19740109 91.7 91.2 36.2 48.3 16.4 14.8 28.2 32.9 12.8 13.4 38.3 25.8 70 60.9 37.5 22.9 97.8 NA 86.3 100 86.4 55.7 16.6
19740110 99.9 99.7 39.6 53.3 17.9 15.9 30.9 36.4 13.8 14.1 41.1 27.5 75.2 65.8 40 25.2 100 NA 94.7 100 92.3 59.6 18
19740111 99.9 99.7 39 49.2 19.3 15.3 28.7 33.7 13.1 13.4 43.6 24 70 67 40.2 23.9 99.9 NA 94.6 100 93 61.3 16.8
19740112 99.9 98.2 39.3 43.6 19.9 14.8 27.2 30.3 11.7 12.7 44 20.6 64.3 66.1 40.5 22.4 99.9 NA 95.5 100 94.3 61 14.9
19740113 99.9 98.1 38.7 39.5 21.3 14.2 25 27.6 11 12 46.5 17.1 59.2 67.2 40.7 21 99.8 NA 95.4 100 95 62.7 13.7
19740114 99.9 93.1 37.6 33.4 22.4 13.5 23.4 24.7 10.1 10.8 47.2 15.4 50.8 66.1 40.4 19.1 97.7 NA 95.4 100 96.2 62.9 11.8
19740115 99.9 93.1 36.9 29.3 23.8 12.9 21.2 22 9.4 10.2 49.7 11.9 45.6 67.3 40.6 17.7 97.6 NA 95.2 100 96.9 64.6 10.6
19740116 99.9 91.6 37.2 23.8 24.4 12.4 19.7 18.6 8.1 9.4 50.2 8.5 39.9 66.4 40.8 16.2 97.6 NA 96.2 100 98.3 64.3 8.8
19740117 100 91.5 36.6 19.7 25.8 11.8 17.5 15.9 7.4 8.8 52.7 5 34.7 67.6 41.1 14.8 97.5 NA 96 100 99 66 7.5
19740118 100 83.7 31.4 17.8 24.6 11.3 15.6 14.4 7 9.2 58.8 5 36.4 60.6 39.1 15 96.7 NA 89.1 99.9 99 64.2 7.1
19740119 100 75 26.5 15.8 23.5 10.8 13.7 12.3 6.6 9.4 64.2 5 38 51.3 35.8 14.7 95.8 NA 82.2 99.9 95.7 62.3 6.6
19740120 100 67.3 21.9 14.6 22.4 10.3 12.3 10.8 6.3 9.8 70.8 5 40.1 44.4 33.9 14.9 95 NA 75.4 99.8 95.7 60.6 6.2
19740121 98.3 59.5 15.8 12.6 20.6 9.7 10.2 8.6 5.7 10 75.6 0 38.8 35.7 31.3 14.8 91.3 NA 66.4 99.7 94.7 58.1 1
19740122 98.3 50.8 10.9 10.7 19.6 9.2 8.3 7.2 5.4 10.3 81.2 0 40.4 26.6 28 14.6 90.4 NA 59.5 99.7 91.4 56.3 0.4
19740123 98.3 42.9 5.7 8.8 18.2 8.7 6.4 5 5 10.6 87.1 0 42.1 19.5 26 14.7 89.6 NA 52.5 99.6 91.4 54.4 0
19740124 97.4 39.9 5.6 8.1 18.1 8.4 6.4 5 5 10.6 83.6 0 40.6 20.3 26.2 14.2 83.6 NA 52.8 99.6 90 53.3 0
19740125 96.4 36.3 5.7 7.8 17.9 7.9 6.3 5 5 10.5 79.3 0 38.7 21.7 26.4 13.7 76.2 NA 53.2 99.7 90 52.2 0
19740126 95.1 33.3 5.7 7.2 17.8 7.6 6.3 5 5 10.2 74.6 0 37.2 22.6 26.6 13.1 70.2 NA 53.5 99.7 88.6 50.7 0
19740127 95.2 30.4 5.6 6.9 17.7 7.3 6.2 5 5 10.1 71 0 35.1 23.5 27.5 12.6 65.1 NA 54.2 99.8 89.6 49.6 0
19740128 94.2 22.6 0.7 1.6 17.5 6.8 6.1 5 5 9.8 65 0 33.7 24.2 27.3 11.6 54.9 NA 54.1 99.9 87.5 48.1 0
19740129 93.3 19.8 0.8 0.9 17.1 6.5 6.1 5 5 9.7 61.5 0 31.8 25.5 27.6 11.1 48.9 NA 54.4 99.9 87.4 47.1 0
19740130 91.9 16 0.8 0.6 17.1 6 6 5 5 9.4 56 0 30.3 26.4 27.7 10.5 41.5 NA 54.8 100 86.1 45.5 0
19740131 91 13.1 0.7 0 16.7 5.7 6 5 5 9.4 52.4 0 28.2 27.2 27.9 10 35.6 NA 55 100 84.7 44.3 0
19740201 92.3 21.9 5.8 8.2 18.8 6.4 6.4 8 5.4 10.3 56 0 33.5 34.2 29.2 12.2 44.6 NA 58.4 100 86.7 46.7 0.9
19740202 93.4 27.3 8.3 13.7 20.9 7.2 7.2 9.5 5.5 10.7 58 0 36.7 44.3 31.2 14.5 55.7 NA 61.8 100 88 49.1 1.4
19740203 94.8 36.1 13.4 21.9 23.1 7.9 7.6 12.5 5.9 11.6 61.5 0 42 51.2 32.5 16.7 64.8 NA 65.2 100 90 51.5 2.3
19740204 96.2 43.2 20.4 29.7 24 8.4 8 14 6.1 12.2 63.9 0 45.4 62.3 34.4 20.1 70.8 NA 67 100 94.4 55 2.8
19740205 97.6 52 25.4 37.9 26.1 9.1 8.4 17 6.5 13.1 67.5 0 50.7 69.3 35.6 22.3 79.9 NA 70.4 100 96.4 57.4 3.8
19740206 98.6 57.4 28 43.4 28.2 9.8 9.1 18.4 6.6 13.6 69.5 0 53.9 79.4 37.7 24.6 90.9 NA 73.8 100 97.8 59.8 4.2
19740207 100 66.2 33 51.6 30.3 10.6 9.5 21.4 7 14.5 73 0 59.2 86.3 39 26.8 100 NA 77.2 100 99.8 62.2 5.2
19740208 100 69.8 37.5 52.4 33.1 11.1 14.6 18.4 6.6 18.5 76.5 0 58.7 87.4 46.8 30.9 99.9 NA 80.9 100 99.8 66 5.3
19740209 100 72 44.2 53.8 36.3 11.4 19 17 6.5 22.8 79.4 0 57.7 88.5 52.2 34.7 99.9 NA 82.6 100 99.8 69.5 5
19740210 100 75.6 48.7 54.6 39 12 24 14 6.1 26.8 82.9 0 57.3 89.6 60.1 38.7 99.8 NA 86.3 100 99.8 73.3 5.1
19740211 100 79.8 54 56 41.7 12.7 28.5 12.5 5.9 31.2 88.2 5 57.3 93.4 66.2 42.6 99.7 NA 88.9 100 99.3 75.6 9.3
19740212 100 83.3 58.4 56.8 44.5 13.3 33.5 9.5 5.5 35.3 91.7 5 56.8 94.4 74 46.6 99.6 NA 92.6 100 99.3 79.5 9.5
19740213 100 85.5 65.2 58.2 47.6 13.6 38 8 5.4 39.5 94.5 5 55.8 95.6 79.4 50.4 99.6 NA 94.3 100 99.4 83 9.2
19740214 100 89.1 69.6 59 50.4 14.2 43 5 5 43.5 98 5 55.4 96.6 87.3 54.4 99.5 NA 98 100 99.4 86.8 9.3
19740215 100 89.8 72.8 61.2 51.8 14.2 43.6 7.6 6.8 42.8 98 5.5 56.8 96.6 88.8 53.4 98.3 NA 94.7 100 99.4 86 9.3
19740216 100 89 74.9 62.9 53.7 14.3 45.6 11.5 9.4 42 98 6 59.6 96.6 89.7 52.5 97.5 NA 92.6 100 99.4 85.7 9.5
19740217 100 89.7 78.1 65.1 55.1 14.3 46.2 14.2 11.1 41.2 98 6.6 61 96.6 91.2 51.4 96.3 NA 89.4 100 99.4 84.9 9.5
19740218 100 91.2 83.3 68.4 56.9 14.3 48 17.5 13.6 40.6 98.6 7.6 63.5 97 91.6 50.6 95.1 NA 86.9 100 99.5 84.5 9.7
19740219 100 91.9 86.5 70.6 58.3 14.3 48.6 20.1 15.4 39.8 98.6 8.1 64.9 97 93.1 49.6 93.9 NA 83.7 100 99.5 83.7 9.6
19740220 100 91.1 88.6 72.3 60.2 14.4 50.6 24 18 39 98.6 8.7 67.7 97 94.1 48.7 93.1 NA 81.6 100 99.5 83.4 9.9
19740221 100 91.8 91.8 74.5 61.6 14.4 51.2 26.6 19.8 38.3 98.6 9.2 69.1 97 95.6 47.6 91.9 NA 78.4 100 99.5 82.6 9.8
19740222 100 80.8 87.3 73.7 61.7 15.6 50.1 24.6 19.3 37.3 98.6 8.7 70.4 97 95.4 48.3 87.7 NA 79.2 100 97.7 83.9 9.3
19740223 100 71.4 83.6 76 62.1 16.7 49.5 21.6 17.9 36.1 98.6 8.1 71 96.6 95.3 49.2 88.1 NA 79.4 100 96.5 85.8 8.5
19740224 100 60.3 79 75.2 62.2 17.8 48.3 19.5 17.4 35.2 98.6 7.6 72.3 96.6 95.1 49.9 83.9 NA 80.3 100 94.7 87.1 8
19740225 99.9 52.2 75.7 76.3 62.5 19 47.3 17 16.3 34.7 99.4 6.6 74.2 95.5 93.1 50.3 79.7 NA 79.5 100 93.1 88.5 7.1
19740226 99.9 41.1 71.2 75.5 62.6 20.1 46.1 15 15.8 33.7 99.4 6 75.5 95.5 93 51 75.5 NA 80.4 100 91.3 89.9 6.6
19740227 99.9 31.7 67.5 77.9 63 21.2 45.6 12 14.4 32.5 99.4 5.5 76.1 95 92.8 51.9 75.9 NA 80.5 100 90.1 91.7 5.8
19740228 99.9 20.7 62.9 77.1 63.1 22.4 44.4 9.9 13.9 31.5 99.4 5 77.4 95 92.7 52.6 71.7 NA 81.4 100 88.3 93.1 5.3
19740301 99.9 19.6 54.3 70.4 55.8 21.2 40.2 9.1 12.5 27.5 91.9 5 69.8 91.6 89.7 49.7 64.5 NA 78.2 99.7 86.1 86.8 5.2
19740302 99.9 19.1 48.3 63.6 51 20 35.6 8.4 11.1 23.9 84.3 5 64.5 86.2 88.2 46.4 57.8 NA 76.3 99.5 84.4 81.6 5.2
19740303 99.9 18.1 39.6 57 43.8 18.8 31.3 7.6 9.7 19.9 76.8 5 57 82.9 85.2 43.5 50.6 NA 73.1 99.1 82.3 75.3 5.1
19740304 100 17 33.7 50.3 38.9 18.4 27.3 2.3 4.1 13.3 70.8 0 48.7 77.8 83.5 41 42.3 NA 72.1 98.8 79.8 67.6 0.1
19740305 100 15.9 25 43.7 31.6 17.2 23 1.5 2.8 9.3 63.2 0 41.2 74.5 80.4 38.1 35.1 NA 68.9 98.5 77.6 61.3 0.1
19740306 100 15.4 19 36.9 26.8 16 18.5 0.8 1.4 5.6 55.7 0 35.9 69.1 78.9 34.9 28.4 NA 67 98.3 75.9 56.1 0
19740307 100 14.4 10.3 30.2 19.6 14.9 14.2 0 0 1.7 48.2 0 28.3 65.7 75.9 31.9 21.2 NA 63.8 98 73.8 49.8 0
19740308 99.9 13.3 12.2 32.3 23.2 15.6 15.8 0 0 1.5 46.8 0 27.8 69.3 75.3 32 18.8 NA 63.9 98.2 76.9 56.1 0
19740309 99.9 11.6 15.1 36.7 26.4 16.3 18 0 0 1.5 46.6 0 27 75.2 75.1 33.9 16.1 NA 63.7 98.3 80.6 61.1 0
19740310 99.9 10.5 16.9 38.7 30.1 17 19.6 0 0 1.3 45.2 0 26.5 78.8 74.5 34 13.7 NA 63.8 98.5 83.7 67.5 0
19740311 99.8 8.9 18.5 40.8 35.2 17.1 21.9 5 5 5.8 46.4 5 28.2 82.9 73.8 34.8 12.5 NA 63.8 98.8 87.5 74.6 5
19740312 99.8 7.8 20.4 42.8 38.9 17.8 23.5 5 5 5.6 45 5 27.7 86.5 73.2 34.9 10.1 NA 63.9 99 90.7 81 5
19740313 99.8 6.1 23.2 47.2 42 18.5 25.7 5 5 5.7 44.8 5 26.9 92.4 73.1 36.8 7.4 NA 63.8 99.1 94.3 86 5
19740314 99.7 5 25.1 49.2 45.7 19.2 27.3 5 5 5.5 43.4 5 26.4 96 72.5 36.9 5 NA 63.8 99.3 97.5 92.4 5
19740315 99.8 5 21.6 41.7 44.5 17 25.2 5 5 5.7 42.4 5 25.2 96 75.5 37.6 5 NA 59.6 99.2 96.3 92.4 5
19740316 99.8 5 18.9 36.8 43.1 15.7 23.5 5 5 5.9 41.3 5 24.5 94.7 79.2 37.8 5 NA 57.6 99.1 95 89.3 5
19740317 99.8 5 15.4 29.3 42 13.4 21.4 5 5 6.1 40.3 5 23.3 94.7 82.2 38.5 5 NA 53.3 99 93.8 89.4 5
19740318 99.9 0 9.7 22.3 40.1 8.1 16.8 0 0 1.5 36.6 0 20.6 91.6 85.4 39.7 0 NA 48.9 98.9 92.6 86.7 0.2
19740319 99.9 0 6.2 14.7 39 5.9 14.7 0 0 1.8 35.6 0 19.4 91.6 88.4 40.4 0 NA 44.7 98.8 91.4 86.7 0.2
19740320 100 0 3.5 9.8 37.6 4.6 13 0 0 1.9 34.5 0 18.7 90.3 92.1 40.6 0 NA 42.7 98.7 90.1 83.7 0.2
19740321 100 0 0 2.3 36.4 2.4 10.9 0 0 2.2 33.4 0 17.5 90.3 95.2 41.3 0 NA 38.4 98.6 88.9 83.7 0.2
19740322 96.3 0 0 2.6 35.8 2.2 9.5 0 0 4.5 42.7 0 17.4 90.3 92.7 44.1 1.9 NA 38.6 98.7 90.3 78.8 0.2
19740323 94.1 0 0 2.8 35.8 2 8.6 0 0 6.5 50.1 0 17.8 89.4 90.9 47.1 3.7 NA 40.3 98.8 91.4 74.7 0.2
19740324 90.4 0 0 3.1 35.3 1.9 7.3 0 0 8.8 59.3 0 17.7 89.4 88.4 49.9 5.6 NA 40.5 98.9 92.8 69.8 0.2
19740325 85.7 0 0 3.5 36 5.5 9.7 0 1.8 15.7 67.8 0 15.9 89.8 86.4 54.4 10.5 NA 40.9 99.1 93.6 63.6 0
19740326 82 0 0 3.8 35.4 5.3 8.3 0 1.8 17.9 77 0 15.8 89.8 83.9 57.3 12.4 NA 41.1 99.2 95.1 58.7 0
19740327 79.8 0 0 4 35.4 5.2 7.4 0 1.8 20 84.4 0 16.2 88.8 82.2 60.2 14.3 NA 42.7 99.3 96.1 54.6 0
19740328 76.1 0 0 4.3 34.9 5 6 0 1.8 22.3 93.7 0 16.1 88.8 79.6 63.1 16.1 NA 43 99.4 97.6 49.7 0
19740329 76.2 0 0 4.3 31.9 5 5.9 0 1.8 19.9 82.5 0 14.5 85.5 77.7 60.2 14.3 NA 39.5 99.4 95.5 50.3 0
19740330 75.8 0 0 4.6 29 5 5.8 0 1.8 17.7 74.7 0 12.9 83.1 74.5 57.4 12.4 NA 38.1 99.4 94.3 51.8 0
19740331 76 0 0 4.6 26 5 5.6 0 1.8 15.4 63.5 0 11.2 79.7 72.5 54.5 10.5 NA 34.7 99.4 92.2 52.4 0
19740401 75.3 0 0 5 21.4 5 5.4 0 0 12.1 54.1 0 9.9 76.4 69.6 50 5.6 NA 33.3 99.4 90.9 52.3 0
19740402 75.4 0 0 5.1 18.4 5 5.3 0 0 9.7 42.9 0 8.2 73.1 67.7 47.1 3.7 NA 29.8 99.4 88.8 52.9 0
19740403 75 0 0 5.3 15.5 5 5.2 0 0 7.6 35.1 0 6.6 70.6 64.5 44.3 1.9 NA 28.5 99.4 87.7 54.5 0
19740404 75.2 0 0 5.4 12.5 5 5 0 0 5.2 24 0 5 67.3 62.5 41.4 0 NA 25 99.4 85.6 55.1 0
19740405 70.6 0 0 4.7 12.1 5.1 5 0 0 5 21 0 4.2 65 57.3 38.3 0 NA 23 99.4 86.3 52.3 0
19740406 68.2 0 0 3.9 11.5 5.1 5 0 0 4.9 18.5 0 3.5 61.6 52.5 34.9 0 NA 19 98.4 87.3 49.1 0
19740407 63.6 0 0 3.2 11 5.1 5 0 0 4.6 15.5 0 2.7 59.3 47.3 31.8 0 NA 17 98.4 88 46.4 0
19740408 61.4 0 0 2.2 10.3 5.2 5 0 0 4.2 14.2 0 2.2 56.6 40.7 27.4 0 NA 13 98.4 87.5 44.8 0
19740409 56.8 0 0 1.4 9.8 5.2 5 0 0 3.9 11.2 0 1.5 54.4 35.5 24.3 0 NA 11 98.5 88.3 42 0
19740410 54.4 0 0 0.7 9.3 5.2 5 0 0 3.8 8.7 0 0.7 50.9 30.8 20.9 0 NA 7 97.4 89.2 38.9 0
19740411 49.8 0 0 0 8.8 5.3 5 0 0 3.6 5.8 0 0 48.6 25.5 17.8 0 NA 5 97.5 90 36.1 0
19740412 50.1 0 0 0 8.6 5.2 5 0 0 3.6 5.6 0 0 48.3 24.8 16.5 0 NA 5 96 90.5 34.3 0
19740413 50.5 0 0 0 8.5 5.2 5 0 0 3.6 5.5 0 0 45.5 23.8 15.3 0 NA 5 95.5 89.7 33.4 0
19740414 50.8 0 0 0 8.3 5.2 5 0 0 3.6 5.4 0 0 45.2 23.1 14 0 NA 5 94 90.2 31.7 0
19740415 51.5 5 5 5 8 5.1 5 5 5 5 5.3 5 5 45.7 22.2 12.8 5 NA 5 92.3 90.2 30.7 5
19740416 51.7 5 5 5 7.8 5.1 5 5 5 5 5.2 5 5 45.4 21.5 11.5 5 NA 5 90.9 90.7 28.9 5
19740417 52.2 5 5 5 7.7 5.1 5 5 5 5 5.1 5 5 42.5 20.5 10.3 5 NA 5 90.3 89.9 28 5
19740418 52.4 5 5 5 7.5 5 5 5 5 5 5 5 5 42.2 19.8 9 5 NA 5 88.9 90.4 26.3 5
19740419 45.9 5 5 5 7.1 5 5 5 5 5 5 5 5 39.8 19.1 8.6 5 NA 5 85.4 81.1 26 5
19740420 40.2 5 5 5 6.7 5 5 5 5 5 5 5 5 35.3 18.2 8 5 NA 5 83 73.2 25.7 5
19740421 33.7 5 5 5 6.4 5 5 5 5 5 5 5 5 32.9 17.5 7.6 5 NA 5 79.6 63.9 25.4 5
19740422 24.9 0 0 0 5.3 0.6 0 0 0 0 0 0 0 29.2 17 7 0 NA 0 73.5 54.4 24.1 0
19740423 18.4 0 0 0 4.9 0.6 0 0 0 0 0 0 0 26.7 16.3 6.6 0 NA 0 70 45.1 23.8 0
19740424 12.6 0 0 0 4.5 0.6 0 0 0 0 0 0 0 22.3 15.4 6 0 NA 0 67.7 37.1 23.5 0
19740425 6.1 0 0 0 4.1 0.6 0 0 0 0 0 0 0 19.8 14.7 5.6 0 NA 0 64.2 27.9 23.2 0
19740426 5.9 0 0 0 4.1 0.6 0 0 0 0 0 0 0 18.1 14 5.5 0 NA 0 55.9 24.7 20.9 0
19740427 5.8 0 0 0 4.1 0.6 0 0 0 0 0 0 0 16.3 13.4 5.4 0 NA 0 50.4 21.8 19.1 0
19740428 5.6 0 0 0 4.1 0.6 0 0 0 0 0 0 0 14.5 12.7 5.4 0 NA 0 42.1 18.7 16.7 0
19740429 5.5 0 0 0 0 0 0 0 1.7 5 5 0 0 12.1 11.9 5.2 0 NA 0 36.5 14.3 11.2 0
19740430 5.3 0 0 0 0 0 0 0 1.7 5 5 0 0 10.4 11.2 5.2 0 NA 0 28.3 11.1 8.9 0
19740501 5.2 0 0 0 0 0 0 0 1.7 5 5 0 0 8.6 10.7 5.1 0 NA 0 22.7 8.2 7.1 0
19740502 5 0 0 0 0 0 0 0 1.7 5 5 0 0 6.8 9.9 5 0 NA 0 14.4 5.1 4.7 0
