19851214 32.3 28 5 5 5 5 5 5 5 5 5 5 15.7 7.1 10.2 5.2 40 NA 19.7 52.4 28.4 9.7 5
19851215 44.4 36.6 5.2 6 5 6.3 6.8 5 8.1 6.4 5.7 5 15.7 7 10.9 5.3 50 NA 25.9 63.1 28.6 15.2 5
19851216 49.8 40.8 5.4 6.7 5 8.3 9 5 10.2 7.4 6.2 5 15.6 6.8 11.3 5.4 59.9 NA 31.4 64.5 31.2 18.4 5
19851217 61.2 46.1 5.6 7.5 5 10.2 11.3 5 12.3 8.4 7.1 5 15.5 6.8 11.9 5.5 60 NA 38.3 74.5 32.1 22.4 5
19851218 70.4 54.2 5.9 8.2 5.1 12.5 13.7 5 14.4 9.6 7.6 5 16.8 6.7 12.3 5.6 69.9 NA 39.6 77.2 31.7 28.7 5
19851219 79.8 62.1 6 8.9 5.1 12.8 14.4 5 18.6 11.2 8.1 5 16.8 6.5 12.8 5.7 79.9 NA 45.1 87.2 31.6 32.5 5
19851220 89.2 66.5 6.2 9.7 5.1 14.8 16.6 5 20.7 12.2 9 5 16.7 6.4 13.2 5.8 89.7 NA 52 88.6 34.3 36 5
19851221 98.3 73.5 6.4 10.4 5.1 16.9 18.9 5 22.8 13.3 9.5 5 16.6 6.2 13.7 5.9 94.8 NA 57.5 95 34.6 41.1 5
19851222 98.3 76.4 20.1 24.3 6.1 16.8 18.4 5 20.7 12.2 15.4 5 17.7 10 14.5 6.1 94.8 NA 58.9 93.8 36.4 38.8 5
19851223 98.3 78.5 29.3 33.7 6.5 15.4 16.8 5 18.6 11.7 19.3 5 20 12.5 15.7 6.4 94.6 NA 61.1 91.4 37 37.1 5.1
19851224 98.3 80.9 38.4 43.5 7.9 15.7 16.5 5 14.4 10.2 24.7 5 20 16.4 16.2 6.5 94.6 NA 63.3 89 37.8 34.6 5.1
19851225 100 86.5 56.7 62.1 8.2 15.3 15.7 5 12.3 9.3 28.7 5 20.5 18.9 17.4 6.9 99.3 NA 66 90.4 37.7 32.1 5.2
19851226 100 88.3 65.8 71.4 8.6 15.2 15.2 5 10.2 9.2 32.6 5 20.5 22.6 17.9 7.2 98.9 NA 65.5 90.4 40.9 29.7 5.2
19851227 100 90.7 75 81 10 14.1 13.6 5 8.1 8.3 38.1 5 22.8 26.4 19.2 7.4 98.9 NA 68.7 88 38.8 28.3 5.3
19851228 100 93.6 88.7 95 10.4 13.9 12.8 5 5 7.1 42 5 22.8 28.9 19.4 7.6 98.9 NA 70.3 85.6 41.9 25.1 5.3
19851229 100 93.9 89.5 91.7 11 15.1 13.3 6 5.6 9.9 43.8 8.6 26.6 28.1 19.2 8.3 98.9 NA 71.3 88 44.8 29.4 5.9
19851230 100 94.1 90.1 89.5 11 15.7 13 7.9 6.8 12.5 45 14.4 29.2 26.6 18 8.7 98.7 NA 74 90.4 51.8 34.5 6.2
19851231 99.9 94.2 90.7 87.3 11.9 16 13.1 7.9 6.8 14.5 46.2 15.1 30.3 25 17.8 8.9 99.2 NA 74.9 92.3 56.2 39.4 6.6
19860101 99.9 94.3 91.6 81.4 12.4 16.6 12.8 9.9 8 16.1 47.3 20.9 33.3 24.2 17.1 9.3 96.8 NA 77.8 92.8 60.5 44.7 7.2
19860102 99.9 94.6 92.2 79.2 12.2 17.6 13.1 9.9 8 18.1 48.5 22.3 36.9 23.1 16.9 9.7 96.8 NA 78.9 95.2 63.7 47.2 7.9
19860103 99.9 94.9 92.8 77 13.1 18.2 13 11.9 9.2 20.7 49.5 28.1 39.4 21.7 15.8 10 96.9 NA 81.8 97.6 72 52.6 8.2
19860104 99.9 95 93.7 73.7 13.1 18.8 12.9 11.9 9.2 22.8 50.8 28.8 42.1 20.5 15.3 10.4 96.9 NA 82.4 99.7 75.8 57.6 8.6
19860105 99.6 88.5 92.3 71 12.4 16.6 13.9 11.9 9.2 20.7 49 28.1 38.2 20.3 16.3 10.4 95.3 NA 78.6 99.7 75.8 53.2 8.2
19860106 99 83.7 91.4 68.4 11.5 15.1 16.4 9.9 8 18 46.8 22.3 35.6 19.9 17.3 10.2 94.6 NA 78.3 99.7 77 49.2 7.8
19860107 98.7 79.4 89.4 66.2 11 13.7 15.8 9.9 8 15.9 44.9 20.9 33 19.9 17.7 10.6 92.7 NA 73.8 99.7 76.8 48.1 7.1
19860108 96.6 72.7 85.6 64.3 10.4 10.9 18.4 7.9 6.8 13.2 44.6 15.1 30.1 20.1 18.7 10.1 93 NA 71 99.7 76.7 43.8 6.4
19860109 96 67.3 83 61.8 9.5 9.4 18.1 7.9 6.8 11.1 42.9 14.4 27.5 19.7 20 9.9 93 NA 66.2 99.7 80.9 39.4 6
19860110 95.7 63 82.3 57.5 8.9 8 20.6 6 5.6 8.4 40.8 8.6 24.9 19.4 20.9 10.6 89.9 NA 66.3 99.7 77.9 35.5 5.6
19860111 95.2 57.5 80.4 56.2 8.1 5.8 20 5 5 5 37.7 5 22 19.3 21.6 9.9 89.8 NA 61.7 99.7 79.9 32.4 5
19860112 95.6 63 82.4 62.6 8 8.1 20.6 6.7 5 5.1 40.8 7.3 27.9 19.8 22.5 10.6 90 NA 62.1 99.7 83.1 34.3 5.2
19860113 95.8 67.3 83.4 68.3 8.2 10 22.5 8.2 5.1 5.4 43.6 13.6 32.8 20.1 23.2 13 93.1 NA 63.8 99.7 83.4 36.8 5.4
19860114 96.3 72.6 86.1 74 8 11.7 22.8 9.2 5.1 5.5 46.6 18.2 37.7 20.4 24.3 13.7 93.3 NA 64.1 99.7 86.5 38 5.6
19860115 98.4 79.4 90.1 77.2 7.9 14.5 24.7 11.6 5.1 5.5 49.3 22.8 42 21.1 25.7 14.9 96.2 NA 64.5 100 89.4 40.2 5.9
19860116 98.7 83.7 92.7 86.9 8.4 16.9 25.4 12.6 5.1 6.1 52.7 30.8 46.9 21.4 26.8 16.5 96.6 NA 64.6 100 89.4 44.5 6.2
19860117 99.2 88.5 93.4 88.5 8.2 18.6 27.2 14 5.2 6.2 55.6 35.4 51.8 21.7 27.4 18.2 98.1 NA 66.4 100 92.9 46.1 6.4
19860118 99.4 94.9 95 95 8.1 20.7 27.3 15.5 5.2 6.2 58.4 40 57.5 22.2 28.7 19.5 99.8 NA 66 100 94.4 47.3 6.7
19860119 99.5 94 94.8 95 11 21.6 28.1 15.4 5.2 7.9 59.2 36.8 59 21.4 28.3 19.8 99.8 NA 66.6 100 94.4 49.4 7.6
19860120 99.6 92.8 94.4 95 14.4 23.6 30.4 14.9 5.1 9.1 61 37.9 59.8 20.8 28.1 21.6 99.7 NA 70.5 100 94.4 50.9 8.1
19860121 99.6 92.3 94.4 95 18.9 24.3 31.3 14.8 5.1 10.4 61 32.5 62.5 20.2 27.9 21.5 99.7 NA 71 100 94.4 51.1 8.9
19860122 99.7 88.6 92.4 95.1 23.5 26.6 32 14.2 5.1 11.2 58.3 33.5 63.1 19 26.9 23.3 97.1 NA 71.7 100 94.6 52.6 9.7
19860123 99.8 86.9 92 95.1 26.5 28.8 32.4 14.1 5.1 12.5 59.2 31.6 63.9 18.4 26.7 23.8 97 NA 72.8 100 94.6 55 10.2
19860124 99.9 86.3 92 95.1 29.9 29.6 34.8 13.6 5 13.7 59.9 30.3 65.6 17.9 26.4 25.1 97 NA 76.1 100 94.6 56.3 11.1
19860125 99.9 85.5 91.7 95.1 34.4 32 35.8 13.3 5 15 60.6 27.9 66.1 17 26.3 25.5 97 NA 77.1 100 94.6 57.5 11.7
19860126 99.9 86.3 92 95.1 38.5 33.6 40.2 12.4 5.9 17.4 64.6 30.2 66.5 19 28.5 28.5 96.9 NA 79.9 100 94.6 60.7 11.8
19860127 99.9 87.3 92 95.1 42.9 35.5 42.5 12.4 7.7 19 69.3 30.4 66.8 20.5 30.2 30.7 96.8 NA 81.7 100 94.6 63.4 11.4
19860128 99.9 89.1 92.4 95.1 46.1 37.4 46.3 12.5 9.6 21 76.8 32.7 67.4 21.8 31.6 34.5 96.8 NA 83.6 100 95 65.4 11.6
19860129 100 92.4 94.4 97.3 50.5 39.5 51.2 11.6 11.4 24.4 82.3 32 67.6 23.4 33.9 38.4 99.6 NA 91 100 99.1 70.6 11.5
19860130 100 92.9 94.4 97.3 55.8 41.7 54.8 10.7 11.4 26.7 85.9 32.4 67.9 25.8 36.5 40.9 99.6 NA 93 100 99.1 72.6 11.4
19860131 100 94.5 94.8 97.3 57.6 43 57 10.7 13.2 28.2 91.1 34.7 68.3 27.3 38.2 44 99.5 NA 94.7 100 99.3 75.3 11.2
19860201 100 95.4 95 97.3 62.8 45.4 60.8 10.3 15 30.5 96.1 35.9 68.6 28.7 39.6 46.5 99.4 NA 97.5 100 99.3 77.7 11.2
19860202 99.9 93.7 94.1 94.3 59.3 47 54.9 10.1 16.2 30 91.4 32.3 69.6 30.5 41.7 48 99.3 NA 93.3 100 99.3 78.4 11.3
19860203 99.9 92.6 92.9 89.1 56.9 48.8 49.5 10.1 18.4 31.5 87.2 28.6 70.6 34.1 44.2 49 99.2 NA 90.5 100 98.8 78 11.9
19860204 99.8 91.5 91.8 86.6 54.6 49.6 44.6 10.1 18.4 30.1 83.5 21.4 71.9 36.1 46.2 49.8 99.2 NA 87.6 100 98.8 78.4 11.6
19860205 99.8 90.3 88.1 82.2 50.5 49.1 37.3 9.5 18.8 30.2 76.6 17.7 73.8 41 49 49.4 96.7 NA 83.9 100 98.5 77.1 11.6
19860206 99.8 88.3 86.9 78.6 47.2 51.7 33.3 9.4 21.1 30.3 73.2 14.1 75.1 44.5 52 52.1 96.6 NA 81.2 100 98.5 78.2 12.8
19860207 99.7 87.1 85.8 73.4 44.9 53.5 28.4 9.1 21.1 30.4 69.4 10.5 76.1 46.7 54.2 53.1 96.4 NA 78.3 100 98 77.8 12.8
19860208 99.7 85.9 84.5 70.9 41.8 54.4 21.9 9.2 23.3 30.5 64 5 76.8 50.5 56.5 53.6 96.4 NA 74.5 100 98 77.7 12.7
19860209 99.7 84.8 84.7 72.1 46 52.2 29.6 18 25.8 33.1 69.4 6.9 78.8 54.6 59.2 55 96.6 NA 77.3 100 98 79.2 15.4
19860210 99.7 86.1 86.7 78.7 48.1 47.9 35.5 24.8 31.5 36.6 72.9 8.1 80.8 62 61.7 55.2 96.7 NA 79.8 100 98.6 80.6 18
19860211 99.8 82.7 86.5 80 50.8 44 40.9 30.7 33.1 38.7 77 9.3 84.5 63.9 63.8 55.2 96.9 NA 81.6 100 98.6 81.5 19.4
19860212 99.8 85.5 88.5 82.6 54.5 40.3 47.3 40.5 39.2 43.1 83.8 10.6 86.9 70.5 64.8 58.1 97.6 NA 83.5 100 99 82.5 22.6
19860213 99.8 81.9 88.3 83.8 58.6 38.2 53 46.4 40.9 44.7 87.5 13.1 89.2 75.1 68.1 58.8 97.7 NA 86.2 100 99 84.1 25.6
19860214 99.9 83.5 90.3 90.4 61.2 33.9 59.1 53.2 46.5 48.9 91.6 14.3 92 79.1 69.3 59.1 97.9 NA 87 100 99.6 86.2 28
19860215 99.9 79.9 89.8 91.6 64 30.1 65.1 60.6 48.4 50.8 96.5 15.5 94 84.3 72.1 59.9 98.1 NA 89.6 100 99.6 86.5 30.1
19860216 99.9 80.8 89.5 91.1 65 32.8 65.8 62.1 50 52 96.5 16.1 93.8 84.6 75.5 63.1 98.1 NA 89.8 100 99.6 87.6 30.9
19860217 100 80.5 89.9 92.2 65.4 35 66.6 63.1 51.1 52.8 96.4 16.5 93.9 84.6 77.5 67 98.1 NA 90.2 100 99.6 87.9 31.7
19860218 100 81.1 89.2 91.2 65.8 36.7 67.4 64.4 52.2 54 96.8 16.9 93.6 84.4 81.6 71 98.1 NA 90.3 100 99.6 88.6 32
19860219 100 81 89.6 91.2 68.2 39.8 67.1 65.8 53.5 54.5 95.2 17.3 94 84.4 85.5 76.3 95 NA 90.4 100 99.5 88.3 32.7
19860220 100 81.7 88.6 90.1 69.5 42.1 66.5 66.8 54.6 55.7 95.2 18.1 93.7 84.2 88 80.1 95 NA 90.6 100 99.5 89.1 33.4
19860221 100 81.8 89 91.4 69.5 43.5 67.8 67.9 55.7 56.6 95.2 18.5 93.9 84.3 90.8 84 95 NA 90.7 100 99.5 89.2 34.2
19860222 100 81.8 88.4 90.4 70.4 45.7 68.3 69.1 56.9 57.4 95.2 18.9 93.6 83.8 94 88.5 95 NA 91 100 99.5 89.8 34.5
19860223 100 83.3 89.6 90.2 69.5 47.6 67.2 67.5 55.3 59.1 94.5 22.1 94 83.6 93.8 86.7 94.9 NA 90.8 100 99.5 89.2 35.4
19860224 100 81.9 89.8 89.5 67.2 49.2 65.8 65.9 52.5 59.8 93.7 24.1 94.3 81.2 93.4 86.5 94.9 NA 94.9 100 99.5 89.6 34.6
19860225 100 84.9 91.4 89.9 65.9 52 68 65.3 51 61.3 93 25.8 94.4 82 92.9 84.3 94.8 NA 94.8 100 99.5 89.1 33.8
19860226 100 82.9 89.7 86.1 69.7 55.6 67.3 64.2 50.4 64.4 94.1 27.9 95.3 79.8 91.9 82.2 97.3 NA 94.7 100 100 89.4 33.4
19860227 100 84.5 91 85.9 68.3 56 66.1 62.5 47.7 66.4 93.3 32.2 95.8 79.6 91.7 81.6 97.3 NA 96.6 100 100 88.8 34.8
19860228 100 83.3 91.1 85.3 66 58.9 66.4 61.2 45.5 67.5 92.6 34.3 96.1 77.2 91.1 79.8 97.2 NA 96.6 100 100 89.1 34
19860301 100 84.1 91.7 85.2 65.1 60.6 64.4 58.5 41.4 68 91.8 36.2 96.3 77 90.7 78.7 97.2 NA 98.4 100 100 88.2 33.3
19860302 100 81.6 90 83.4 62.3 54.4 66.4 56.2 40 68.2 92.4 32.6 96.1 78.7 89.9 78.2 95.5 NA 96.6 100 100 87.9 31
19860303 100 77.8 88.9 80.9 62.7 50.9 68 57 41.2 67.1 90.4 30.3 95.6 79.8 89.7 78.1 95.7 NA 92.8 100 100 88.1 32.1
19860304 100 75.7 87.8 80.1 61.3 47.5 69.5 53 38.4 66.9 90.9 24.1 95.5 81.3 89.3 78.1 94 NA 90.9 100 100 87.8 29.1
19860305 100 72.1 86 76.2 57.1 38.6 71.9 53.5 39.6 65.3 91.6 21.8 93.1 83.3 88.6 77.2 94 NA 88.6 100 100 88.6 30.1
19860306 100 68.3 84.8 74.8 54.3 32.9 73.4 54.4 40.8 65.3 90 18.4 92.6 84.4 87.7 76.3 92.2 NA 84.8 100 100 87.5 28.5
19860307 100 66.2 83.7 72.7 56.1 31.6 75 50.2 38 63.4 88.8 15.9 92.6 85.9 88 77.2 92.5 NA 83 100 100 88.3 28.3
19860308 100 62.9 82 70.3 52.5 24.4 76.7 51 39.2 64.6 89.5 11.2 92.1 86.7 86.8 75.9 90.7 NA 80.1 100 100 87.6 26.6
19860309 100 65.2 82.6 73.5 51.4 24.3 77.6 44.2 34 56.6 84 9.8 90.4 88.2 87.4 78 91.2 NA 83.2 100 100 86.4 22.1
19860310 100 67.4 83.2 75.6 53.2 26 78.4 37.3 29.2 49.5 77.6 9.8 89.1 89.1 88.2 78.7 87.1 NA 85.2 100 100 83.8 21.7
19860311 100 69 83.4 77.8 52.4 26.9 79 30.5 23.9 41.5 72.1 8.5 86.3 90.1 88.4 80.2 87.6 NA 87.2 100 100 82.6 16.9
19860312 100 70.1 84.5 82 52.7 31 80.5 23.8 19.1 34.5 67.9 7.1 81.9 89.3 88.1 78.7 87.6 NA 89.9 100 100 81.2 12.4
19860313 100 72.3 84.7 84.1 52.7 31 80.8 16.8 13.8 26.5 62.6 7.1 80.1 90.2 88.2 80 88.1 NA 91.9 100 100 77.3 12.1
19860314 100 74.3 85.2 86.3 52.6 31.8 81.7 10.1 9 19.4 55.8 5.7 78.4 91.2 88.9 81.2 84 NA 94 100 100 76 7.6
19860315 100 76.2 85.8 89.5 52.5 33.1 82.6 6.2 6.1 12.3 50.5 5 76.5 92.7 89.6 82.8 84.5 NA 97 100 100 74.7 5
19860316 100 74 85.4 89.7 54.1 34.4 82.7 6.2 6.1 12 50.4 5.7 76.5 87.2 83.7 77.7 83.8 NA 94.7 100 99.2 73.9 8
19860317 99.9 69.9 85.9 89.4 56.1 33.8 82.3 5.7 5.7 10.9 50.4 6.1 76.8 81.7 80.7 75.7 82.6 NA 92.6 100 99.2 74 9.6
19860318 99.9 68.3 85.5 89.5 58.7 36.5 82.5 5.7 5.7 10.6 50.3 6.5 78.3 71.8 74.5 70.1 80 NA 91 100 98.4 72.8 12.6
19860319 99.9 66.8 86 90.6 61.3 36.3 80.1 5.7 5.7 9.6 50.3 7 75.6 66.5 68.4 66.6 82.1 NA 86.1 100 98.4 76.7 14.2
19860320 99.9 65.3 85.2 90.3 61.3 36.9 79.1 5.2 5.2 8.5 50.3 7.8 77.6 60.9 63.6 61.5 80.2 NA 83.9 100 98.4 75.4 17.4
19860321 99.9 61.4 85.5 90.4 63.9 36.3 79.2 5.2 5.2 8.2 50.2 8.3 76.6 55.6 60 59.3 80.2 NA 82.3 100 96.8 75.6 20.4
19860322 99.8 59.1 85.2 90.5 66.1 37 78.8 5 5 7.5 50.1 8.7 78.1 47.7 53.3 53 78 NA 79.8 100 96.8 74.1 22
19860323 99.4 50.5 72 86.3 57.7 35.9 69.4 5 5 7.4 48.1 8.3 69.3 41.9 51.3 52.1 66.5 NA 72.3 97.6 96.8 71.6 20.4
19860324 98.4 43.3 62.6 83.6 48.7 33.6 61.2 5 5 7.4 43.8 7.8 60.3 38.1 48.9 48.6 57.2 NA 61.9 96.6 97.1 66.8 17.4
19860325 97.9 36.4 54.5 80.8 44.6 33.2 50.3 5 5 7.4 41.9 7 49.5 33.8 46.5 48.9 49.1 NA 50.2 94.2 98.2 61.2 14.2
19860326 97.4 26.1 37.5 74.5 35.6 29.8 39.3 5 5 5.3 36 6.5 41.9 26.4 43.9 45.8 34.3 NA 42.8 93.2 96.5 56.5 12.6
19860327 96.5 19 28.1 71.7 26.5 28.9 31.3 5 5 5.3 31.8 6.1 32.9 22.7 42.6 45 25.1 NA 32.3 92.2 96.6 53.9 9.6
19860328 96 12 18.7 69 19 26.6 23.1 5 5 5.2 29.7 5.7 23.7 18.3 39 42.6 17 NA 24.9 88.4 97.1 49 8
19860329 95.2 5 6.3 64.8 11.2 25.1 11.1 5 5 5.2 26.6 5 16.9 12.8 36.8 40 5 NA 13.7 87.4 97.2 44.5 5
19860330 95 5 6.3 63.7 10.6 25.8 11 5 5 5.2 25.8 5 15.3 12.1 35.1 37.9 5 NA 12.8 88.4 96.4 44.7 5
19860331 94.3 5 6.6 62.5 10.2 25.8 10.6 5 5 5.2 26.9 5 13.7 11.4 34.5 36.1 5 NA 11 91.7 94.7 43.7 5
19860401 94.2 5 6.6 60.2 10 24.5 10 5 5 5.2 26.6 5 12.1 10.4 33 33.7 5 NA 10 92.7 94.6 43.3 5
19860402 93.9 5 6.6 56.2 9.4 23.4 9.4 5 5 5.2 27.2 5 10.6 10.1 30.7 30.7 5 NA 9.1 93.7 94.3 43.1 5
19860403 93.1 5 6.8 56.2 9.4 23.4 9.2 5 5 5.2 25 5 9 9.4 29.1 28.5 5 NA 7.3 96.1 92.7 42 5
19860404 93 5 7 55.1 8.7 23.5 8.9 5 5 5.2 26.2 5 7.4 8.4 28.6 26.7 5 NA 6.4 96.6 92.6 41.5 5
19860405 92.5 5 6.9 52.2 8.3 22.8 8.4 5 5 5.2 25.6 5 5 8.2 27.4 24.6 5 NA 5 99 90.9 40.6 5
19860406 83.3 5 6.8 49.1 8 20.9 8 5 5 5.2 22 5 5 7.5 25.7 22.5 5 NA 5 96.6 84.6 38.6 5
19860407 64.9 5 6.4 43.4 8 18.8 7.5 5 5 5.1 18.2 5 5 7.5 23.5 20.1 5 NA 5 91.3 73.5 35.6 5
19860408 55.6 5 6.1 36.3 7 16.8 7.1 5 5 5.1 18 5 5 6.8 19.9 17.1 5 NA 5 86.4 67.2 33.7 5
19860409 46.4 5 5.8 30.9 6.8 15 6.6 5 5 5.1 14.4 5 5 6.1 18.3 14.8 5 NA 5 86.4 60.9 31.9 5
19860410 28 5 5.6 27.8 6.7 12.9 6.1 5 5 5 10.6 5 5 6.1 16.1 12.7 5 NA 5 81.5 51.7 30.1 5
19860411 18.8 5 5.2 22.1 6.1 10.8 5.7 5 5 5 7 5 5 5.4 14.3 9.8 5 NA 5 78.7 43.5 27.2 5
19860412 5 5 5 15.8 5.9 7.7 5 5 5 5 5 5 5 5 11.5 6.7 5 NA 5 73.8 35.7 24.2 5
19860413 5 5 5 14.9 5.8 7.8 5 5 5 5 5 5 5 5 10.9 6.9 5 NA 5 67.8 37.5 23.2 5
19860414 5 5 5 14.6 5.6 7.5 5 5 5 5 5 5 5 5 10.3 7 5 NA 5 67.2 38 22.3 5
19860415 5 5 5 13.4 5.6 8.3 5 5 5 5 5 5 5 5 9.9 7.1 5 NA 5 61 38.1 19.9 5
19860416 0 0 0 12.6 5.4 7.7 5 0 0 0 0 0 0 5 9.3 7.1 0 NA 5 50.7 35.7 17.7 0
19860417 0 0 0 12.3 5.3 7.4 5 0 0 0 0 0 0 5 8.8 7.5 0 NA 5 44.7 36.2 16.8 0
19860418 0 0 0 11.1 5.1 8.1 5 0 0 0 0 0 0 5 8.3 7.6 0 NA 5 44.1 36.7 15.4 0
19860419 0 0 0 10.6 5 7.7 5 0 0 0 0 0 0 5 7.7 7.7 0 NA 5 38.1 36.9 14.2 0
19860420 0 0 0 9.1 5 6.6 5 0 0 0 0 0 0 5 7.5 7.1 0 NA 5 30 28.7 11.7 0
19860421 0 0 0 8.3 5 6.6 5 0 0 0 0.6 0 0 5 7.1 6.4 0 NA 5 21.9 20.5 9.3 0
19860422 0 0 0 6.8 4.7 3.2 0 0 0 0 0.6 0 0 0.6 5.3 5.8 0 NA 0 11 11.2 6.8 0
19860423 0 0 0 5.6 4.7 2.2 0 0 0 0 0.6 0 0 0.6 4.8 5 0 NA 0 5 5 5 0
