19861227 37.8 5 5 5 5 5 5 5 5 5 5 5 5 7.8 8.3 5.1 5 NA 17.1 10.5 5 6.8 5
19861228 37.7 5 5 5 5 5 5 5 5 5 5 5 5 7.5 8.3 5.1 5 NA 20.5 9.9 5 6.8 5
19861229 37.5 5 5 5 5 5 5 5 5 5 5 5 5 7.2 8.3 5.1 5 NA 24.8 8.7 5 6.7 5
19861230 37.6 5 5 5 5 5 5 5 5 5 5 5 5 7.2 8.3 5.1 5 NA 26.1 8.2 5 6.6 5
19861231 37.4 0 0 0 0 0 0 0 0 0 0 0 0 6.7 8.1 5.1 0 NA 30.2 7.6 5 6.5 0
19870101 37.1 0 0 0 0 0 0 0 0 0 0 0 0 6.4 8.1 5.1 0 NA 35.8 6.4 5 6.4 0
19870102 37.3 0 0 0 0 0 0 0 0 0 0 0 0 6.1 8.1 5.1 0 NA 36.4 5.9 5 6.4 0
19870103 36.7 0 0 0 0 0 0 0 0 0 0 0 0 5.9 8.1 5.1 0 NA 41.4 5 5 6.3 0
19870104 36.7 0 0 0 0 0 0 0 0 0 0 0 0 5.9 7.9 5.1 0 NA 34.9 5.5 5 6.3 0
19870105 38.6 0 0 0 0 0 0 0 0 0 0 0 0 5.9 7.9 5.1 0 NA 33.4 5.9 5 6.2 0
19870106 38.8 0 0 0 0 0 0 0 0 0 0 0 0 5.8 7.8 5.1 0 NA 27 6.6 5 6.2 0
19870107 38.6 0 0 0 0.6 0.1 0 0 0 0 0 0 3.3 1.3 3.3 0.1 0 NA 19.7 7 2.2 6.2 0
19870108 39.3 0 0 0 0.6 0.1 0 0 0 0 0 0 3.3 1.3 3.2 0.1 0 NA 13.3 7.4 2.2 6.1 0
19870109 39.5 0 0 0 0.6 0.1 0 0 0 0 0 0 3.3 1.2 3.1 0.1 0 NA 8.9 8.1 2.2 6.1 0
19870110 40.2 0 0 0 0.6 0.1 0 0 0 0 0 0 3.3 1.2 3.1 0.1 0 NA 5.3 8.4 2.2 6 0
19870111 47.4 2.1 0.2 0.6 0.6 0.1 0 0 0 0.2 1.1 0 3.3 3.1 3.8 0.1 9.9 NA 6.6 22.7 2.3 8.4 0
19870112 52.2 4.2 0.4 1.2 0.6 0.1 0 0 0 0.5 2.2 0 3.3 4.6 4.7 0.1 19.7 NA 9.3 32.4 2.4 9.7 0
19870113 57.3 4.2 0.4 1.2 0.6 0.1 0 0 0 0.7 3.3 0 3.3 6.2 5.4 0.1 29.6 NA 10.6 41.8 2.5 11.5 0
19870114 65.6 11.3 5.6 6.8 1.9 0 0 0 0 3.9 8.9 0 2.8 12.5 7.7 0.2 39.5 NA 13.3 51.4 5.4 9.5 0
19870115 70.4 11.3 5.6 6.8 1.9 0 0 0 0 4.1 10 0 2.8 14 8.5 0.3 49.4 NA 14.6 61.1 5.5 10.8 0
19870116 75.5 15.4 6 7.9 1.9 0 0 0 0 4.3 11.1 0 2.8 15.6 9.3 0.3 59.2 NA 17.3 70.4 5.6 12.7 0
19870117 82.6 15.4 6 7.9 1.9 0 0 0 0 4.5 12.3 0 2.8 17.1 10 0.3 69.1 NA 18.6 80 5.7 14 0
19870118 84.8 28.4 8 8.9 2.9 1 1.6 1.1 0.5 5.2 17.5 0 3.8 18.5 10.7 1.2 69.3 NA 25.5 78.9 11.1 16.1 0
19870119 86.3 38.4 9.3 9.5 4.5 3 4 3 0.9 6.6 23.7 0 5 19.5 11.8 2.2 79.3 NA 35.6 77.7 21.1 19.6 0
19870120 87.7 48.6 10.8 10.4 5.1 4 6.4 4.1 1.4 7.1 26 0 6.6 21.8 12.7 3.1 79.4 NA 43.5 85.5 31.1 23 0
19870121 91.1 61 11.9 11.4 7.7 6.8 9.1 4.9 1.4 7.7 31.7 5 10 22.6 14.2 5.7 85 NA 55.4 84.3 41.5 28.5 5
19870122 92.6 74.2 14.3 11.9 8.3 8.6 12.3 6 1.8 7.9 34.6 5 10.4 23.5 15.4 6.6 89.7 NA 63.3 83.2 51.4 31.5 5
19870123 94.1 84.4 15.7 12.9 9.7 9.7 13.1 7.9 2.3 9.3 40.2 5 12 25.2 16.2 7.6 92.5 NA 72.4 86.5 61.3 34.2 5
19870124 96.3 93.5 17.1 13.4 10.2 11.2 15.9 9 2.7 9.8 42.9 5 13.1 26.5 17 8.5 97.7 NA 80.3 84.8 71.5 36.8 5
19870125 96.3 93 21.5 15.5 10.9 11.5 18.3 7.9 2.3 9.3 47.8 5 13.8 24.8 16.9 8 97.7 NA 79.9 86.5 70.8 41.4 5
19870126 96.3 92.9 27.3 17.3 9.9 11.8 19.8 7.1 2.3 8.5 48 5 15.2 23.6 16.7 8.1 97.7 NA 79.2 87.5 63.7 45.2 5
19870127 96.3 92.2 33.1 18.6 10.8 11.9 21.6 6 1.8 8 53.1 5 16.6 22.4 16.4 7.9 97.7 NA 76.5 88.6 63.5 47.8 5
19870128 96.4 92.9 35.1 19.7 11.3 15.1 25.5 9.3 6.1 8.8 56.2 5 16.6 22.5 18.9 10.5 98.4 NA 74.8 93.2 64.4 51.2 5
19870129 96.3 89.7 40.1 21.3 11.8 15.3 26.5 8.5 6.1 8.9 57.1 5 18 21.2 18.6 9.8 97.1 NA 73.7 94.2 56 53.7 5
19870130 96.3 89.7 46.7 25 11.2 15.6 28.5 7.4 5.7 7.5 60.3 5 19.4 20.1 18.7 9.8 97.1 NA 72.8 96.4 55.8 57.7 5
19870131 96.3 89.1 46.9 26 11.6 15.7 29.7 6.3 5.2 6.9 64.8 5 19.4 19 18.4 9.5 97.1 NA 70.2 97.5 47.7 59.7 5
19870201 96.3 88.4 53.5 27.3 11.5 16.1 31.6 5 5 6.3 68.4 5 20.8 17.2 18.1 9.2 97.1 NA 69.2 98.6 47.8 63.6 5
19870202 96.3 79.6 47.5 25.1 10.8 14.1 28.5 5 5 6.1 62.7 5 20.4 15.5 18 9 95.3 NA 65.7 98.7 48.1 61.4 5
19870203 96.2 66.7 40.8 23.7 10.1 13.7 23.7 5 5 6 57.5 5 18.2 14.4 17.6 9 93.3 NA 62.3 98.7 56 56.2 5
19870204 96.3 56.4 35 21.5 9.3 11.7 20.4 5 5 5.7 52.2 5 17.7 12.1 17.1 9 90.9 NA 58.9 99.4 56.3 54.3 5
19870205 96.3 43.5 28 20 8.6 9.9 15.1 5 5 5.6 46.2 5 15.6 11 16.8 8.8 87.5 NA 55.5 99.5 56.6 51.5 5
19870206 96.3 33.1 21.8 17.8 7.8 7.9 11.9 5 5 5.3 40 5 15.1 8.7 16.8 8.7 84.3 NA 52 99.5 64.7 46.9 5
19870207 96.2 20.1 17.3 16.4 7.3 6.7 8.1 5 5 5.1 33.7 5 13.2 7.1 16 8.7 82.5 NA 50.3 99.6 65 45.1 5
19870208 96.2 33.8 30 26.8 7.5 9.3 12.5 5 5 5.1 39.5 5 18.1 7 15.3 8.9 84 NA 53.8 99.6 73.6 49.4 5
19870209 96.2 41 37.4 33.8 7.5 11 15.9 5 5 5.2 42.6 5 22.5 6.6 14.5 8.9 85.4 NA 58.1 99.5 73.8 55.8 5
19870210 96.2 51 47 40.8 7.6 12.8 19.2 5 5 5.2 47.5 5 26.1 6.6 14.2 9.1 86.4 NA 62.7 99.4 82.3 59.9 5
19870211 98.3 65.5 61.3 54.4 7.9 16.1 25.3 5 5 5.5 53.9 5 33.1 6.5 13.3 9.6 88.7 NA 68.2 99.6 82.3 67 5
19870212 98.3 75.5 70.2 61.3 7.9 17.8 28.1 5 5 5.5 58.7 5 36.7 6.1 12.6 9.4 90.8 NA 69.6 99.5 90.8 71.1 5
19870213 98.3 82.8 77.7 68.3 8 19.6 31.5 5 5 5.5 61.8 5 41.1 6.1 11.9 9.7 92.1 NA 74.2 99.5 91.2 75.3 5
19870214 98.2 95 89.6 78.8 8.1 22.1 36.2 5 5 5.5 67.1 5 45.6 5.9 11.3 9.8 93.2 NA 79.1 99.4 95.6 81.7 5
19870215 96.5 93.8 88.9 76.2 11 20.3 35.1 5 5 7.6 70.9 5 44.7 5.8 11.5 10 93.1 NA 82.9 98.8 92 80.2 5
19870216 96.1 92.6 89.7 77.8 13 19 33.9 5 5 9.1 74 5 45.3 5.6 11.5 9.3 93.2 NA 84.1 98.1 88.2 82.6 5
19870217 92.9 91.4 87.9 72 15 17.7 33.3 5 5 10.7 77.2 5 43.3 5.5 11.7 10.1 93.1 NA 87.5 97.7 84.6 79.1 5
19870218 92.7 85.3 85.3 73.8 16.8 14.8 30.9 5 5 12.7 79.5 5 44 5.4 9.9 7.8 94.5 NA 90.1 96.8 78.1 79.3 5
19870219 89.5 84.7 83.3 66.4 20.6 13.4 30 5 5 15.3 84 5 44.9 5.2 9.9 7.4 94.4 NA 93.8 96.8 74.4 78.7 5
19870220 89.3 83.5 84.2 68.2 22.6 12.2 29.1 5 5 16.8 87 5 42.5 5.1 10.2 7.7 94.5 NA 95.1 95.2 70.7 77.4 5
19870221 86 82 82.4 62.4 24.6 10.1 27.6 5 5 18.4 90.3 5 43.3 5 10.3 7.4 94.4 NA 97.4 95.2 66.4 78.1 5
19870222 85.2 81 81.3 63.6 22.7 9.4 26.1 5 5 16.8 82.8 5 40.4 5.2 10.1 7.4 94.5 NA 94.7 95.3 66 76.9 5
19870223 83.1 79.2 79 59.6 21.1 8.7 24.8 5 5 15.2 75.3 5 37.4 5.4 9.8 5.8 94.8 NA 92.6 96.5 64.1 77.9 5
19870224 84.2 76 78.1 65.3 17.4 8 23.1 5 5 12.1 60.5 5 34.3 5.6 9.7 5.8 95 NA 89.8 96.6 62.4 79.2 5
19870225 82.2 78.2 78.8 61.4 15.6 7.4 21.4 5 5 10.5 54.2 5 30.5 5.8 11.4 7.6 95.5 NA 85.8 98 63 81.4 5
19870226 81.3 77 77.7 62.6 13.7 6.7 20 5 5 8.9 46.6 5 27.1 5.9 11.1 5.9 95.6 NA 83.7 98 61.1 81.8 5
19870227 79.9 75.1 75.5 58.9 12.1 6 18.9 5 5 7.3 39.2 5 24.4 6.2 11 5.9 95.9 NA 81.6 98.6 60.7 82 5
19870228 79.4 72.9 73.7 59.5 9.3 5 17 5 5 5 28 5 22.4 6.3 10.7 5.1 96 NA 78.5 99.3 58.9 81.4 5
19870301 80.3 64.9 64.6 50.9 9.4 5.2 15.9 5 5 5 26.1 5 21.9 6.2 10.4 5.2 83.1 NA 77.3 99.3 58 73.2 5
19870302 79.5 58.4 57.7 44.8 9.1 5.4 14.9 5 5 5 23.9 5 20.4 5.9 9.9 5.3 69.5 NA 73.5 99.3 57.2 66.8 5
19870303 79.6 53.1 51.6 38.8 9.4 5.7 14.3 5 5 5 23.7 5 21 5.8 9.7 5.4 59.7 NA 72.8 99.3 56.6 60.3 5.1
19870304 80.1 42.4 39.4 27.1 9.2 5.8 12.8 5 5 5 19.6 5 19.3 5.6 9.4 5.5 43.7 NA 70.5 98 55.3 50.6 5.1
19870305 79.3 34.8 31.8 21.1 8.9 6 11.8 5 5 5 17.4 5 18.5 5.4 9 5.6 30.1 NA 68.2 98 54.6 44 5.1
19870306 79 29.5 25.7 15 9.2 6.3 11.2 5 5 5 17.3 5 17.6 5.2 8.7 5.7 20.3 NA 66.4 98 54 37.6 5.2
19870307 78.8 21.5 16.5 6.2 8.9 6.4 10 5 5 5 14.1 5 17.2 5 8.4 5.8 5.5 NA 64 98 53 28 5.2
19870308 80.3 19.3 15.1 6.8 8.9 6.6 9.7 5 5 5.1 18.8 5 16.9 5 8.5 5.7 10.4 NA 61.9 96.8 55.2 32.9 5.2
19870309 80 17.1 14.5 6.7 7.9 6.7 10.2 5 5 5.1 22.3 5 16.5 5 8.4 5.7 16.1 NA 65.8 96 59.8 36.4 5.2
19870310 82.9 14.9 12.9 7.1 7.9 6.8 9.9 5 5 5.1 26.1 5 16.3 5 8.5 5.6 21.9 NA 63.6 95.2 62 39.5 5.3
19870311 84.9 12.7 12.3 7.5 7.7 6.9 9.7 5 5 5.2 27.6 5 15.9 5 8.5 5.6 27.6 NA 63.2 92.9 65.6 43.2 5.3
19870312 84.6 10.5 10.8 7.8 6.8 7 9.9 5 5 5.2 32.9 5 16 5 8.6 5.5 35.4 NA 63.2 92.1 65.3 49.2 5.4
19870313 86.4 8.3 10.2 8.2 6.7 7.2 10 5 5 5.3 36.6 5 15.4 5 8.6 5.5 41.1 NA 65 91.3 70 52.9 5.4
19870314 87.3 5.5 8.2 8.4 6.2 7.3 10 5 5 5.3 40.4 5 15.2 5 8.7 5.4 46.8 NA 63.9 90.1 72.3 55.8 5.4
19870315 82.1 6.1 8.2 8 6.2 7.1 9.4 5 5 5.3 36.9 5 15.3 5 8.5 5.3 43.4 NA 59.9 91.3 68.4 52.9 5.4
19870316 78.5 6.5 7.3 7.6 6.2 6.8 8.8 5 5 5.2 33.3 5 15 5 8.4 5.3 42.3 NA 55.9 92.2 63.2 49.3 5.3
19870317 75.3 6.9 7.3 6.8 6.2 6.6 8.3 5 5 5.2 26.2 5 15.2 5 8.2 5.3 36.8 NA 52.4 93 64 43.3 5.3
19870318 67.7 7.2 6.4 6.4 6.3 6.4 7.7 0 4.1 5.1 22.9 0 15 0 4.1 0.4 33.4 NA 49.9 95.4 60.4 39.7 1.2
19870319 64.1 7.6 6.4 6 6.3 6.1 7.1 0 4.1 5.1 19.3 0 14.5 0 4 0.3 32.3 NA 45.8 96.1 56.4 36.7 1.1
19870320 60.9 8.1 5.5 5.6 6.3 5.9 6.6 0 4.1 5.1 15.9 0 14.9 0 3.9 0.3 28.9 NA 42.1 97 51.4 33.2 1.1
19870321 55.5 8.7 5 5 6.3 5.7 6.2 0 4.1 5 10.5 0 14.7 0 3.7 0.2 26.3 NA 36.1 98.2 49.2 28.4 1
19870322 52.7 8.1 5 5 6.1 5.6 6.1 0 4.1 5 9.6 0 13.6 0 3.6 0.2 22.7 NA 34.1 95.4 50.6 27.9 1
19870323 51.3 7.6 5 5 5.9 5.5 5.9 0 4.1 5 8.9 0 11.6 0 3.5 0.2 20.4 NA 30.5 91.5 50.6 26.9 1
19870324 48.9 7.2 5 5 5.8 5.4 5.8 0 4.1 5 8.3 0 10.6 0 3.5 0.2 18 NA 27.6 87.7 49.8 26.4 1
19870325 46.6 6.4 5 5 2.6 2.5 4.4 0 0 2.7 7.2 0 4.1 1.7 4.4 3.4 13.3 NA 23.5 83.2 51.4 25.9 0
19870326 45 6 5 5 2.4 2.4 4.3 0 0 2.7 6.5 0 3.1 1.7 4.3 3.4 10.9 NA 21.7 82.2 49.3 25 0
19870327 41.1 5.6 5 5 2.3 2.3 4.1 0 0 2.7 5.9 0 1 1.7 4.2 3.4 8.5 NA 18.2 78.4 50.6 24.4 0
19870328 39.4 5 5 5 2 2.2 4 0 0 2.7 5 0 0 1.7 4.1 3.4 5 NA 15.6 74.1 49.8 23.8 0
19870329 35.1 5 5 5 2 2.2 3.9 0 0 2.7 5 0 0 1.7 4.3 3.4 5 NA 13.7 73.3 47.4 23.2 0
19870330 30.8 5 5 5 2 2.2 3.9 0 0 2.7 5 0 0 1.7 4.4 3.4 5 NA 13.7 69.8 42.4 22.5 0
19870331 26.2 5 5 5 2.1 2.2 3.9 0 0 2.7 5 0 0 1.7 4.6 3.4 5 NA 11.8 67 39.4 21.5 0
19870401 21.9 5 5 5 5 5 5.1 5 5 5 5 5 5 5 7.5 5 5 NA 9.8 63.5 33.6 20.9 5
19870402 17.6 5 5 5 5 5 5 5 5 5 5 5 5 5 7.7 5 5 NA 9.8 62.6 31.6 20.2 5
19870403 13.3 5 5 5 5 5 5 5 5 5 5 5 5 5 7.9 5.1 5 NA 7.9 59.3 25.7 19.7 5
19870404 9 5 5 5 5 5 5 5 5 5 5 5 5 5 8 5.1 5 NA 6 58.2 23.5 19 5
19870405 6.5 5 5 5 5 5 5 5 5 5 5 5 5 5 8.1 5.1 5 NA 5 55 20.5 18 5
