19971202 0 0 0 0 0 0 0 0 0 0 0 0 0 0 0.9 0 0 NA 0 0 0 0 0
19971203 0 0 0 0 0 0 0 0 0 0 0 0 0 0 0.9 0 0 NA 0 0 0 0 0
19971204 0 0 0 0 0 0 0 0 0 0 0 0 0 0 0.9 0 0 NA 0 0 0 0 0
19971205 0 0 0 0 0 0 0 0 0 0 0 0 0 0 0.9 0 0 NA 0 0 0 0 0
19971206 0 0 0 0 0 0 0 0 0 0 0 0 0 0 0.9 0 0 NA 0 0.3 0 0 0
19971207 0 0 0 0 0 0 0 0 0 0 0 0 0 0 0.9 0 0 NA 0 0.7 0 0 0
19971208 0 0 0 0 0 0 0 0 0 0 0 0 0 0 0.9 0 0 NA 0 1 0 0 0
19971209 0 0 0 0 0 0 0 0 0 0 0 0 0 0 0.9 0 0 NA 0 1.4 0 0 0
19971210 0 0 0 0 0 0 0 0 0 0 0 0 0 0 0.9 0 0 NA 0 3.7 0.8 0 0
19971211 0 0 0 0 0 0 0 0 0 0 0 0 0 0 0.9 0 0 NA 0 6 1.6 0 0
19971212 0 0 0 0 0 0 0 0 0 0 0 0 0 0 0.9 0 0 NA 0 10.2 2.6 0 0
19971213 0 0 0 0 0 0 0 0 0 0 0 0 0 0 0.9 0 0 NA 0 10 1.9 0 0
19971214 0 0 0 0 0 0 0 0 0 0 0 0 0 0 0.9 0 0 NA 0 5.9 1.4 0 0
19971215 0 0 0 0 0 0 0 0 0 0 0 0 0 0 0.9 0 0 NA 0 3.7 0.5 0 0
19971216 0 0 0 0 0 0 0 0 0 0 0 0 0 0 0.9 0 0 NA 0 1.6 0 0 0
19971217 0 0 0 0 0 0 0 0 0 0 0 0 0.5 0.2 1 0 0 NA 0 1.9 0 0 0
19971218 0 0 0 0 0 0 0 0 0 0 0 0 0.8 0.4 1.1 0 0 NA 0 2.1 0 0 0
19971219 0 0 0 0 0 0 0 0 0 0 0 0 1.4 0.6 1.2 0 0 NA 0 2.4 0 0 0
19971220 0.6 0 0 0 0 0 0 0 0 0 0 0 1.4 0.5 1.4 0 0 NA 0 2.1 0 0.4 0
19971221 1.5 0 0 0 0 0 0 0 0 0 0 0 1.6 0.6 1.7 0 0 NA 0 2.2 0 0.8 0
19971222 2.2 0 0 0 0 0 0 0 0 0 0 0 1.6 0.5 1.9 0 0 NA 0 2 0 1.1 0
19971223 2.9 0 0 0 0 0 0 0 0 0 0 0 1.6 0.4 2.2 0 0 NA 0 1.7 0 1.5 0
19971224 2.7 0 0 0 0 0 0 0 0 0 0 0 1.4 0.3 2.6 0.2 0 NA 0 1.3 0.1 1.3 0
19971225 2.7 0 0 0 0 0 0 0 0 0 0 0 1.5 0.2 3.1 0.7 0 NA 0 0.8 0.3 1.2 0
19971226 2.7 0 0 0 0 0 0 0 0 0 0 0 1.2 0.1 3.7 0.9 0 NA 0 0.4 0.4 0.9 0
19971227 3.7 0 0 0 0 0 0 0 0 0 0 0 1.2 0.2 3.5 0.7 0 NA 3.2 0.8 0.5 1.1 0
19971228 6.1 0 0 0 0 0 0 0 0 0 0 0 1.9 1.5 3.5 0.7 4.9 NA 9.6 3 4.9 2.3 0
19971229 7.1 0 0 0 0 0 0 0 0 0 0 0 1.9 1.6 3.2 0.5 4.9 NA 12.8 3.4 5 2.3 0
19971230 8.2 0 0 0 0 0 0 0 0 0 0 0 1.9 1.7 2.8 0.4 4.9 NA 16 3.7 5 2.4 0
19971231 14.9 7.1 0 0 0 0 0 0 0 0 0 0 2.5 1.7 2.9 0.4 26.8 NA 31.4 24.8 11.7 6.2 0
19980101 20.2 10.8 0 0 0 0 0.1 0 0 0 0 0 2.8 0.5 2.5 0.1 53.7 NA 43.7 45.2 17.5 10.6 0
19980102 27 18 0 0 0 0 0.1 0 0 0 0 0 3.3 0.4 2.6 0.1 73.5 NA 59 63.7 22.2 15.3 0
19980103 24.1 14.5 0 0 0 0 0.1 0 0 0 0 0 3.6 0.4 2.8 0.2 59.3 NA 51.2 60.2 17.7 14 0
19980104 20 10.8 0 0 0 0 0.1 0 0 0 0 0 4 0.3 3.2 0.3 42.1 NA 46.5 57.4 14.1 10.9 0.1
19980105 15.8 3.6 0 0 0 0 0 0 0 0 0 0 3.8 0.3 3.1 0.4 27.8 NA 36.4 50.7 5.2 9.4 0.1
19980106 11.8 0 0 0 0 0 0 0 0 0 0 0 4.2 0.2 3.4 0.5 14.3 NA 31.3 47.9 1.5 6.3 0.1
19980107 8.4 0 0 0 0 0 0 0 0 0 0 0 3.9 0.2 3.8 0.4 11.6 NA 20.6 55.2 1.8 6.5 0.1
19980108 6.1 0 0 0 0 0 0 0 0 0 0 0 3.8 0.3 4.1 0.3 2.7 NA 11.6 59.4 3.2 5.9 0
19980109 3.1 0 0 0 0 0 0 0 0 0 0 0 3.6 0.4 4.6 0.3 0 NA 0.5 64.9 3.4 6.1 0
19980110 17.7 0 0 0 0.2 0.3 0.5 0 0 0.2 0.5 0 2.9 1.2 5.1 0.5 2 NA 12.2 66.8 5 7 0
19980111 36.5 0 0 0 0.3 0.5 1.3 0 0.1 0.5 1 0 2.2 2.1 5.5 0.6 6.1 NA 27.5 69.3 7.7 7.8 0
19980112 49.7 0 0 0 0.5 0.8 1.7 0 0.2 0.7 2.1 0 1.3 2.9 6 0.7 8.1 NA 39.7 70.7 7.8 8.7 0
19980113 65.3 0 0 0 0.6 1 2.2 0 0.2 0.9 2.1 0 0.5 3.8 6.3 0.8 10.1 NA 51.9 71.8 10.4 8.8 0
19980114 72.1 0.5 0 1.1 1.4 1.2 2.5 0 0.4 1.9 15.4 0 2.4 7.1 9.9 1.6 38 NA 60.6 79.3 14.3 17 0
19980115 76.4 1 0 2.4 2.3 1.5 2.9 0 0.8 3.5 28.9 0 5 10.3 13.4 2.4 63.8 NA 63.3 89.7 18.4 22.7 0.1
19980116 80.6 1.9 0 3.6 3.4 2.1 3.3 0 1.1 4.4 42.9 0 6.9 13.9 17.3 3.3 94.5 NA 68.6 96.9 22.6 30.5 0.1
19980117 82.8 5.1 0 3.3 3.4 2.2 3.8 0 0.8 3.8 43.1 0 9.4 12 15.4 2.6 87.9 NA 68.8 97 20.2 31.9 0.1
19980118 86.8 12 0 3.4 3.3 1.4 4 0 0.6 3.1 43.3 0 12.2 10.6 14.2 2 79.1 NA 71.5 97.2 19.7 36.6 0.1
19980119 89 15 0 3.2 3.4 1.1 4.3 0 0.3 2.5 41.9 0 15.1 8.3 11.8 1 70.3 NA 70.2 97.2 15.7 38 0.1
19980120 91.9 18.2 0 3 3.1 0.6 4.4 0 0 1.7 41.8 0 17.6 6.8 10.3 0.4 61.5 NA 70.9 97.3 13.4 40.8 0.1
19980121 93.3 21.1 0 2.8 5 1 3.5 0 0 2 42.3 0 16.6 11.2 10.4 0.5 61.9 NA 69.1 97.5 20.9 41.2 0.1
19980122 96.4 23.4 0 2.4 6.4 1.4 3.1 0 0 2.2 42.6 0 15.1 15.2 10.6 0.5 63.7 NA 67.7 97.5 28.6 42.1 0.1
19980123 97.6 27.5 0 2.1 8.3 1.8 2.2 0 0 2.5 42.8 0 14.1 19.3 10.8 0.6 64.3 NA 65.3 97.6 36.9 41.9 0.1
19980124 97.4 23.7 0 2.4 10.7 2.4 3.3 1.2 0.2 3 43.5 0 16 16.8 11 0.8 64.2 NA 67.4 97.6 35.5 42.6 0.1
19980125 97.2 21 0 2.6 13.1 3.4 4.5 1.9 0.4 3.6 45 0 18 14.1 11.4 0.9 63.3 NA 70.3 97.8 32.9 45.4 0.1
19980126 96.9 16 0 3 14.6 3.9 5.2 3.1 0.6 3.4 45.3 0 17.5 11 11.4 1.1 63.3 NA 71.5 97.7 26.5 45.8 0.1
19980127 96.7 11.9 0 3.1 16.5 4.6 5.9 3.9 0.9 3.8 46.1 0 19.2 7.5 11.3 1.1 62.4 NA 73.8 97.7 24.6 47.2 0.1
19980128 96.9 12.8 0 5.5 15.4 3.3 5.3 2.6 0.6 3.1 42.4 2 21.3 7.5 10.8 1 60.3 NA 74.4 97.7 32.1 41.6 0.2
19980129 98.4 11.4 0.1 9 13.4 2.1 4.7 1.2 0.3 2.3 39.7 4.1 21.5 8.5 10.8 1 54.7 NA 74.4 97.8 38.3 37.7 0.4
19980130 98.7 12.5 0.1 11.5 12.5 0.9 4.2 0 0 1.7 35.9 8.2 25.3 8.6 10.6 1 50.7 NA 74.5 97.8 45.4 32.3 0.5
19980131 95.9 12 0.1 10.4 12.1 0.9 4.4 0 0 1.5 33.7 8.2 26.4 10.1 11.4 1.5 47.3 NA 75.1 97.8 43.4 31.8 0.4
19980201 93.6 6.3 0.1 9.4 11.5 0.8 4.4 0 0 1.1 31.3 4.1 21.9 10.9 11.9 1.8 38.2 NA 74.3 99.8 40.5 34.5 0.3
19980202 89.5 3.2 0 8.2 11 0.7 4.5 0 0 0.7 28.9 2 20.5 12.4 12.6 2.3 34.6 NA 72.8 99.6 38.1 33.5 0.1
19980203 87.2 0.2 0 7.2 10.3 0.6 4.5 0 0 0.3 26.2 0 18.2 12.9 13 2.6 28.4 NA 71.8 99.5 34.1 32.9 0
19980204 90.5 0.2 0 5.2 18.7 0.9 5.2 0 0 2.3 36.4 0 19.3 11.3 12.8 2.3 23.1 NA 66.3 99.7 42 38.1 0.1
19980205 93.3 0.2 0 3.9 26.6 1.5 5.5 0 0 4.7 45.8 0 21 10.3 12.4 2.1 16.8 NA 63.8 99.9 52.5 42.6 0.2
19980206 95.6 0.2 0 1.9 35.1 2 6.2 0 0 7 55.4 0 21.9 8.5 12.4 1.9 11.7 NA 58.3 100 60.4 45.7 0.3
19980207 96 0.2 0 2 31.1 2.3 6.4 0 0 6.6 54 0 22.1 8.3 12.1 1.6 10.5 NA 59.1 100 57.6 46.7 0.3
19980208 96 0.1 0 2.1 27.4 2.7 6.5 0 0 6.1 51.4 0 23.9 8.3 11.2 1.2 8.7 NA 59.2 100 52.4 46.2 0.3
19980209 95.9 0.1 0 2.2 22.5 2.9 6.1 0 0 5.2 47.3 0 23.1 8.1 10.7 0.8 7.5 NA 59.9 100 45.6 46.9 0.3
19980210 96.1 0 0 2.3 18.7 3 6.2 0 0 4.7 44.5 0 23.8 8 9.7 0.4 6.1 NA 60.1 100 40 46.9 0.3
19980211 96.1 0 0 2.6 19.2 3.5 5.4 0 0 4.7 46 0 24.7 9 10.3 0.5 6.2 NA 62.5 100 39.3 47.7 0.3
19980212 96.1 0 0 3 20.1 3.8 4.2 0 0 4.2 44.6 0 25 9.9 11 0.6 1.9 NA 66.8 100 45.3 48.4 0.2
19980213 95.9 0 0 3.2 20.8 4.3 3.4 0 0 4.3 46.1 0 25.6 10.9 11.6 0.7 1.9 NA 69.1 100 44.5 48.4 0.2
19980214 94.4 0 0 2.7 17.2 3.5 2.9 0 0 3.5 42.2 0 24.5 8.6 10.6 0.8 1.9 NA 66.4 99.7 40.9 47.9 0.1
19980215 93.5 0 0 2.6 16 2.9 2.3 0 0 2.7 37.6 0 23.1 6.3 9.4 0.8 1 NA 63.6 99.4 41 48.4 0.1
19980216 90.7 0 0 2.1 12 2 1.7 0 0 1.3 28.7 0 21.4 3.9 8.3 0.9 0.5 NA 58.2 99.2 36.3 47.2 0
19980217 89.4 0 0 1.6 8.6 1.2 1.1 0 0 0.6 23.8 0 19.6 1.6 6.8 0.9 0 NA 55.4 98.7 30.4 46.8 0
19980218 82.3 0 0 1.2 6.9 1 0.8 0 0 0.4 21.6 0 17.3 1.3 6.3 0.6 0 NA 48.6 98.3 23.1 43.3 0
19980219 74.7 0 0 0.4 4.8 0.9 0.3 0 0 0.3 20.4 0 16.1 0.8 5.8 0.3 0 NA 41.3 97.8 16.6 36.9 0
19980220 67.1 0 0 0 3 0.7 0 0 0 0.2 17.7 0 14.1 0.5 5.4 0.1 0 NA 34.4 97.4 9.6 33.5 0
19980221 68 0 0 0 3.3 0.6 0 0 0 0.3 16.9 0 14.2 0.5 5.5 0.1 0 NA 33.9 97.5 10.1 32.6 0
19980222 67.9 0 0 0 3.4 0.5 0 0 0 0.4 16.8 0 14.2 0.5 5.5 0.1 0 NA 34.3 97.8 9.1 34.1 0
19980223 68.9 0 0 0 3.8 0.4 0 0 0 0.5 14.7 0 13.2 0.4 5.3 0.1 0 NA 32.8 98 5 32.2 0
19980224 68.8 0 0 0 3.7 0.3 0 0 0 0.6 13.5 0 12.9 0.4 5.2 0.1 0 NA 33.1 98.1 4.8 32.1 0
19980225 65.6 0 0 0 3.7 0.2 0 0 0 0.4 12.7 0 11.6 0.3 5 0 0 NA 32.5 96.9 5.4 32.7 0
19980226 62.5 0 0 0 4 0.2 0 0 0 0.3 10.7 0 9.6 0.3 4.7 0 0 NA 32.7 95.7 5.7 32.9 0
19980227 58.7 0 0 0 4.2 0.1 0 0 0 0.1 9.6 0 8.3 0.2 4.6 0 0 NA 32.1 94.4 6.2 33.2 0
19980228 57.2 0 0 0 3.9 0.1 0 0 0 0.1 9.6 0 8.2 0.2 4.4 0 0 NA 29 94.3 5.5 32.1 0
19980301 55.7 0 0 0 2.8 0.1 0 0 0 0.1 8.8 0 8.1 0.3 4.1 0 0 NA 27 94.1 4.8 30.7 0
19980302 52 0 0 0 2.1 0 0 0 0 0.1 8.7 0 7.9 0.3 4 0.1 0 NA 23.9 94 4.1 29.6 0
19980303 50.3 0 0 0 1.3 0 0 0 0 0 7.4 0 7.7 0.3 3.7 0.1 0 NA 20.7 93.8 3.3 28.8 0
19980304 55.5 0 0 0 1.3 0 0 0 0 0 4 0 6.9 0.2 3.4 0.1 0 NA 16.9 90.2 3.6 28.6 0
19980305 61.2 0 0 0 1.3 0 0 0 0 0 2.1 0 5.1 0.1 3.1 0.1 0 NA 13.3 85.9 3.8 25.8 0
19980306 64.2 0 0 0 1.1 0 0 0 0 0 0.2 0 4.4 0 2.9 0.1 0 NA 8.6 82.3 4.1 25 0
19980307 57.4 0 0 0 1 0 0 0 0 0 0.5 0 4.2 0 2.9 0.1 0 NA 6.5 79.2 3.8 24.7 0
19980308 49.8 0 0 0 0.8 0 0 0 0 0.1 0.7 0 3.9 0 3 0.1 0 NA 5.9 76.1 3.7 26.5 0
19980309 39.9 0 0 0 0.2 0 0 0 0 0.1 1.3 0 3.1 0 3.1 0.1 0 NA 2 73 3.5 25.6 0
19980310 32.3 0 0 0 0 0 0 0 0 0.1 1.3 0 2.7 0 3 0.1 0 NA 0 70 3.3 24.5 0
19980311 39.7 0 0 0 1.4 0.1 0.2 0 0 0.1 1.8 0 2.9 0.3 3.2 0.1 0 NA 7.1 73.8 3.6 26.7 0
19980312 43.4 0 0 0 4.1 0.2 0.4 0 0 0.1 1.9 0 2.2 0.8 3.4 0.1 0.6 NA 11.2 74.8 4 29.9 0
19980313 51.3 0 0 0 5.4 0.3 0.7 0 0 0.2 2.5 0 2.4 1.1 3.6 0.1 0.6 NA 19.4 78.6 4.2 32.5 0
19980314 57.7 0 0 0.4 5.1 0.3 0.6 0 0 0.2 5.6 0 2.2 1.2 4.2 0.4 0.6 NA 19.8 81.6 9.1 34.9 0
19980315 65.8 0 0 0.8 4.4 0.2 0.7 0 0 0.2 8.8 0 2 1.2 4.8 0.7 0.6 NA 18.7 84.5 13.8 36.7 0
19980316 72.3 0 0 1.1 4.3 0.2 0.6 0 0 0.3 11.9 0 1.9 1.4 5.2 0.9 0 NA 17.1 87 18.7 35.5 0
19980317 77.7 0 0 1.5 3.3 0.1 0.5 0 0 0.3 15.1 0 1.8 1.3 5.6 1.2 0 NA 16.8 89.9 23.4 37.2 0
19980318 70.8 0 0 0.9 3.6 0.1 0.5 0 0 0.3 15.3 0 1.9 0.8 5.4 1.4 0.3 NA 17.7 90 21.9 35.4 0
19980319 65.8 0 0 0.6 4.6 0.2 0.5 0 0 0.2 14.3 0 2 0.6 5.2 1.5 0.5 NA 18.5 89.9 20.8 31.6 0
19980320 57.1 0 0 0 5 0.2 0.4 0 0 0.2 14.6 0 2.2 0.2 5 1.7 1 NA 19.9 89.9 19.6 29.8 0
19980321 55.7 0 0 0 4.8 0.2 0.4 0 0 0.3 13 0 2.3 0.2 4.6 1.3 1 NA 16.5 90.8 18.5 29.3 0
19980322 53.8 0 0 0 4 0.2 0.3 0 0 0.3 8.8 0 1.7 0.2 4.2 1.1 0.5 NA 11.6 91.2 15.7 28 0
19980323 50.6 0 0 0 3.6 0.2 0.3 0 0 0.2 6.8 0 1.7 0.2 3.6 0.8 0.3 NA 6.9 91.4 13.8 26 0
19980324 48.3 0 0 0 2.9 0.2 0.2 0 0 0.3 3 0 1.4 0.2 3.1 0.3 0 NA 2.3 91.8 11.3 24.5 0
19980325 44.7 0 0 0 2.2 0.1 0.1 0 0 0.2 2 0 1.1 0.2 3 0.2 0 NA 1.4 86.8 8.7 23.6 0
19980326 42.7 0 0 0 1.4 0.1 0.1 0 0 0.1 1.2 0 0.3 0.2 2.8 0.1 0 NA 0.9 85.6 7.3 22 0
19980327 39.9 0 0 0 0.7 0 0 0 0 0 0.5 0 0.2 0.2 2.8 0 0 NA 0 80 5.7 21.3 0
19980328 34.3 0 0 0 0.7 0 0 0 0 0 0.5 0 0.2 0.2 2.7 0 0 NA 0 72 4.6 19.2 0
19980329 30.8 0 0 0 0.4 0 0 0 0 0 0.3 0 0.2 0.1 2.5 0 0 NA 0 60.4 3.1 16.9 0
19980330 24.2 0 0 0 0.2 0 0 0 0 0 0.1 0 0 0 2.4 0 0 NA 0 50.6 1.9 14.6 0
19980331 16.7 0 0 0 0.1 0 0 0 0 0 0 0 0 0 2.2 0 0 NA 0 37.9 0.4 11.6 0
19980401 11.2 0 0 0 0 0 0 0 0 0 0 0 0 0 2 0 0 NA 0 29.9 0.3 8.9 0
19980402 6 0 0 0 0 0 0 0 0 0 0 0 0 0 1.7 0 0 NA 0 28.1 0.3 6.8 0
19980403 0.7 0 0 0 0 0 0 0 0 0 0 0 0 0 1.5 0 0 NA 0 20.2 0.2 4.2 0
19980404 0.8 0 0 0 0.1 0 0 0 0 0 0 0 0 0 1.5 0 0 NA 0 20.7 0.2 5.2 0
19980405 1 0 0 0 0.1 0 0 0 0 0 0 0 0 0 1.7 0 0 NA 0 15.1 0.1 6.3 0
19980406 1.1 0 0 0 0.1 0 0 0 0 0 0 0 0 0 1.7 0 0 NA 0 16.7 0.1 7 0
19980407 1.1 0 0 0 0.2 0 0 0 0 0 0 0 0 0 1.7 0 0 NA 0 12.2 0 7.9 0
19980408 0.7 0 0 0 0.2 0 0 0 0 0 0 0 0 0 1.7 0 0 NA 0 22.6 0 7.7 0
19980409 0.3 0 0 0 0.1 0 0 0 0 0 0 0 0 0 1.6 0 0 NA 0 30.9 0 7.3 0
19980410 0 0 0 0 0.1 0 0 0 0 0 0 0 0 0 1.5 0 0 NA 0 40.9 0 7.1 0
19980411 0 0 0 0 0.1 0 0 0 0 0 0 0 0 0 1.5 0 0 NA 0 33 0 5.9 0
19980412 0 0 0 0 0.1 0 0 0 0 0 0 0 0 0 1.5 0 0 NA 0 26.6 0 4.4 0
19980413 0 0 0 0 0 0 0 0 0 0 0 0 0 0 1.5 0 0 NA 0 17 0 2.8 0
19980414 0 0 0 0 0 0 0 0 0 0 0 0 0 0 1.4 0 0 NA 0 9.6 0 1.1 0
19980415 0 0 0 0 0 0 0 0 0 0 0 0 0 0 1 0 0 NA 0 9.3 0 1.1 0
19980416 0 0 0 0 0 0 0 0 0 0 0 0 0 0 0.7 0 0 NA 0 6.1 0 0.6 0
19980417 0 0 0 0 0 0 0 0 0 0 0 0 0 0 0.3 0 0 NA 0 5.9 0 0.4 0
19980418 0 0 0 0 0 0 0 0 0 0 0 0 0 0 0.3 0 0 NA 0 3.9 0 0.4 0
19980419 0 0 0 0 0 0 0 0 0 0 0 0 0 0 0.2 0 0 NA 0 3.9 0 0.3 0
19980420 0 0 0 0 0 0 0 0 0 0 0 0 0 0 0.2 0 0 NA 0 2 0 0.1 0
19980421 0 0 0 0 0 0 0 0 0 0 0 0 0 0 0.2 0 0 NA 0 0 0 0 0
19980422 0 0 0 0 0 0 0 0 0 0 0 0 0 0 0.1 0 0 NA 0 0 0 0 0
19980423 0 0 0 0 0 0 0 0 0 0 0 0 0 0 0 0 0 NA 0 0 0 0 0
19980424 0 0 0 0 0 0 0 0 0 0 0 0 0 0 0 0 0 NA 0 0 0 0 0
