20221119 0 0 0 0 0 0 0 0 0 0 0 0 0 0 1.1 0 0 NA 0 0 0 0 0
20221120 0 0 0 0 0 0 0 0 0 0 0 0 0 0 0.3 0 0 NA 1.5 2.2 0.1 0 0
20221121 0 0 0 0 0 0 0 0 0 0 0 0 0 0 0.6 0 0 NA 1.5 2.2 0.1 0 0
20221122 0 0.4 0 0 0 0 0 0 0 0 0 0 0 0 0.4 0 0.8 NA 1.5 2.2 0 0 0
20221123 1.4 0.7 0 0 0 0 0 0 0 0 0 0 0 0 0.6 0 0.7 NA 2.3 2.4 0 0 0
20221124 0 0.5 0 0 0 0 0 0 0 0 0 0 0 0 0.6 0 1.1 NA 3.2 2.5 0 0.1 0
20221125 0.1 0.5 0 0 0 0 0 0 0 0 0 0 0 0 0.6 0 1.5 NA 2.1 2 0 0.1 0
20221126 0 0.4 0 0 0 0 0 0 0 0 0 0 0 0 0.7 0 1.1 NA 2.4 1.6 0 0 0
20221127 0 0 0 0 0 0 0 0 0 0 0 0 0 0 0.5 0 0 NA 0.4 0 0 0 0
20221128 0 0 0 0 0 0 0 0 0 0 0 0 0 0 0.6 0 0 NA 0.4 0 0 0 0
20221129 0 0 0 0 0 0 0 0 0 0 0 0 0 0 0.5 0 0 NA 0.4 0 0 0 0
20221130 0 0 0 0 0 0 0 0 0 0 0 0 0 0 0.3 0 0 NA 0.4 0 0 0 0
20221201 0 0 0 0 0 0 0 0 0 0 0 0 0 0 0.5 0 0 NA 0.4 0 0 0 0
20221202 0 0 0 0 0 0 0 0 0 0 0 0 0 0 0.8 0 0 NA 0.6 0 0 0 0
20221203 0 0 0 0 0 0 0 0 0 0 0 0 0 0 0.7 0 0 NA 0.6 0 0 0 0
20221204 0.4 0 0 0 0 0 0 0 0 0 0 0 0 0 0.8 0 0 NA 1 0 0 0 0
20221205 3.3 0 0 0 0 0 0 0 0 0 0 0 0 0 1.2 0 0 NA 0.6 0.3 0 0 0
20221206 3.4 0 0 0 0 0 0 0 0 0 0 0 0 0 1.2 0 0 NA 0.6 0.5 0 0 0
20221207 2.4 0 0 0 0 0 0 0 0 0 0 0 0 0 1.8 0 0 NA 0.7 0.5 0.1 0 0
20221208 3 0 0 0 0 0 0 0 0 0 0 0 0 0 2.3 0 0 NA 0.7 0.5 0.1 0 0
20221209 2.9 0 0 0 0 0 0 0 0 0 0 0 0 0 2.1 0.1 0 NA 0 4.1 1.4 0 0
20221210 2.7 0 0 0 0 0 0 0 0 0 0 0 0 0 2.2 0.1 0 NA 0 4.5 1.4 0 0
20221211 3.1 0 0 0 0 0 0 0 0 0 0 0 0 0 2.1 0.1 0 NA 0 7.5 1.3 0 0
20221212 2.9 0 0 0 0 0 0 0 0 0 0 0 0 0 2.2 0.1 0 NA 0 7.5 1.3 0.8 0
20221213 1.6 0 0 0 0 0 0 0 0 0 0 0 0 0 2 0.1 0 NA 0 8.4 1.2 0.4 0
20221214 1.3 0 0 0 0 0 0 0 0 0 0 0 1.7 0 2 0.1 0 NA 0 12.5 0.8 1 0
20221215 0.9 0 0 0 0 0 0 0 0 0 0 0 2.2 0 2 0.1 0 NA 0 5.6 0.2 1.1 0.1
20221216 0.9 0 0 0 0 0 0 0 0 0 0 0 1.9 0 2.1 0.1 0 NA 0 6.9 0.2 1.3 0
20221217 1.8 0 0 0 0 0 0 0 0 0 0 0 1.9 0 2 0.1 0 NA 0 10.9 0.5 1.3 0
20221218 2.6 0 0 0 0 0 0 0 0 0 0 0 2.1 0 2 0.1 0 NA 6.9 14.6 0.8 2 0
20221219 1.7 0 0 0 0 0 0 0 0 0 0 0 2.5 0 2 0.1 0 NA 6.9 14.6 0.8 2 0
20221220 15 0.6 0 1.2 0 0.2 0 0 0 0 0 0 2.9 0 2.3 0.1 3.3 NA 6.9 12.5 0.8 1.5 0
20221221 16.5 0.6 0 1.5 0 0 0 0 0 0 0 0 3 1.7 2.8 0.1 2.6 NA 30.7 10 0.7 0.9 0
20221222 30.2 1.2 0 1.5 0 0.1 0 0 0 0.3 0.7 0 2.7 4 4.1 0.1 1.5 NA 39.1 20.9 2.7 1.4 0.1
20221223 36 1.4 0 1.2 0 0.3 0 0 0 0.6 2 0 2.9 1.8 3.4 0.1 2.5 NA 54.5 22.5 2.8 1.8 0
20221224 34.1 34.2 0.2 3.3 0.2 0.2 0.9 2.6 0.4 1 5.7 0 3.9 2.5 3.8 0.1 90 NA 63.8 21 4.7 2.3 0.2
20221225 40 81.9 6.3 8.1 0.4 0.3 2.6 6.2 0.8 2.8 9.3 0.9 6.2 2.2 4.1 0.2 93.2 NA 50.3 55.2 16.2 4.2 0.6
20221226 42.9 90.6 10.1 7.9 0.6 0.3 4.5 8.7 1.2 2.4 9.4 0.7 5.5 2.2 5.1 0.2 95 NA 53.7 55.9 6.3 4.1 0.7
20221227 43.1 90.6 10.1 4.1 0.9 0.3 4.5 7.4 0.3 1.5 8.4 1.7 4.2 5.4 4.2 0.3 95 NA 53.7 56.9 11 5.6 1.3
20221228 41.2 74.4 12.1 2.9 0.9 1.2 1.8 7.2 0 0.4 3.1 0.6 4 3.2 6.7 0.1 95 NA 46.6 56.9 11 4.6 0.3
20221229 41.9 65.5 2.7 1.8 0.4 1.1 0.5 1.1 0 0 1.5 0 4.8 8.5 6.1 0.1 81 NA 37.1 54.4 3.8 3.4 0.1
20221230 36.2 64.2 0.8 1.8 0.2 1.6 0.7 0 0 0 0.8 0.5 4.6 0.7 3.9 0.1 80.1 NA 34.1 64.8 3.9 3.4 0.3
20221231 38.8 64.9 0.7 1.9 0.5 1.5 0.5 0 0 0 2.4 0 4 3 4.3 0.1 79.5 NA 34.6 65.7 4.1 3 0.2
20230101 37.1 64.4 0.9 1.6 0.6 0.8 0.3 0 0 0.1 2.7 0 3.8 1.3 5.3 0.1 70.4 NA 34.4 67.1 4 3.5 0.1
20230102 31.1 57.7 0.8 1.6 0.6 0.5 0.3 0 0 0.1 1.6 0 3.8 0.7 4.4 0.1 63.1 NA 32.6 67.1 4 4.5 0.1
20230103 31.6 57.8 0.5 1.6 0.2 0.5 0.4 0 0 0.1 2.7 0 3.9 0.4 4.3 0.1 58 NA 34.6 51.4 3.1 2.5 0.2
20230104 37.2 57.8 0.5 3 0.1 0.6 0.7 0 0 0.1 2.4 0 3.6 0.1 3.8 0.1 58 NA 34.6 46 1.8 2.8 0.3
20230105 32.8 50.3 0.1 1.7 0.1 0 0.2 0 0 0 3.6 0 3.6 0 3.6 0.1 44.2 NA 30.1 43.9 1.8 2 0.2
20230106 32.4 27.6 0.6 1.2 0.2 0 0 0 0 0 3 0 3.2 3.1 6.4 0.1 13.9 NA 22.5 51.2 2.6 3.2 0.1
20230107 33.6 19.9 0.9 1.3 0.2 0 0 0 0 0.1 2.4 0 2.6 3.8 7.3 0.1 8.5 NA 13.9 55.4 3.1 3.7 0.1
20230108 39.9 20.8 1.3 0.9 0.1 0 0.1 0 0 0 2.5 0 5.1 4 7.2 0.1 8.7 NA 14.2 78.1 6.8 3.8 0.4
20230109 50.2 18.5 1.6 0.3 0.2 0.1 0.1 0 0 0.2 2.8 0 5 1.2 7 0.1 9.2 NA 17.6 64.4 8 3.7 0.3
20230110 46.8 16.5 1.3 0.4 0.2 0 0 0 0 0.1 5.2 0 3.9 1.1 5 0.1 3.8 NA 20 55.8 6.4 4.7 0.3
20230111 40.4 18.2 0.4 0.4 0.1 0 0 0 0 0 4.4 0 3.2 1.8 5.1 0.1 3.3 NA 22.7 45.4 5.5 5.4 0.1
20230112 40.6 18.7 0.3 0.4 0.6 0 0 0 0 0 4.8 0 3.7 1.3 4.7 0.1 3.3 NA 22.7 62.3 6.7 6.2 0.1
20230113 33.9 12.2 0 0.2 0.6 0 0 0 0 0 7.6 0 3.7 0.2 4.4 0.1 0 NA 22.7 69 6.7 6.4 0.1
20230114 74.4 18.8 0 1.2 1.3 1.5 1.4 0 0 0.5 11.2 0 3.4 4.9 6.8 0.1 1.2 NA 42.9 92.4 9.7 18.5 0.1
20230115 65.1 55.9 0.6 2.2 0.5 1.5 2.9 0 0 0 4.5 0 5.1 5.4 5.9 0.1 37.5 NA 54.5 96.2 7.1 20.8 0.1
20230116 35.3 50 0.7 4.9 0.3 2.3 2.9 0 0 0 2.7 0 8.9 3 5 0.1 59.8 NA 45.5 89 7.1 20.7 0.2
20230117 30 27.4 0 1.6 0.8 0.6 0.6 0 0 0.2 3.2 0 9.5 1.2 4.5 0.1 0.2 NA 42.4 86.7 6.7 12.2 0.1
20230118 39 15.4 0.7 0.6 0.7 0.2 0.3 0 0 0 6.4 0 7.7 0 4 0.1 0.1 NA 36.1 84.4 5 12.1 0.1
20230119 35.5 13.2 1.1 0 0 0.2 0 0 0 0 4.7 0 6.7 0 3.9 0.1 0 NA 29.9 67.3 5.3 10.6 0.1
20230120 43.2 7.2 1.3 0 1.4 0.2 0 0 0 0.2 13.5 0 6.3 1.2 6.1 0.1 0 NA 24.4 79.2 6.9 17.2 0.1
20230121 70 6.2 1.3 0 1.1 0.2 0 0 0 0.7 15.1 0 6.5 1.1 5.5 0.1 0 NA 19.5 75 5.5 14.3 0.1
20230122 79.5 1.7 0 0 1.1 0.3 0 0 0 1.1 16.5 0 6.5 1.8 7 0.1 0 NA 29 90.2 13.6 21.9 0.1
20230123 95.1 1.5 0.1 0 1.8 0.2 0 0 0 1.4 19.2 0 5.9 4.8 8.1 0.2 0 NA 31.3 84.7 9.4 20.8 0.1
20230124 73.7 0.6 0 0 0.4 0.2 0 0 0 0.9 7.8 0 5.9 1.5 5.6 0.1 0 NA 31.3 67.1 7.8 16.2 0.1
20230125 78.1 0.4 0 0 0.3 0.1 0 0 0 0.5 8.1 0 5.9 3.4 6.2 0.1 0 NA 32.2 68 7.8 14.9 0.1
20230126 73.3 0.3 0 0 0.5 0.3 0 0 0 0.3 7.6 0 5.7 1.4 5.7 0.1 0 NA 41.6 69.9 7 17.2 0.1
20230127 79.3 1.3 0.1 0 2.5 0.5 1.3 0 0 0.7 17.2 0 8.2 11.7 8.6 0.1 0.9 NA 42.1 92.9 19.2 24.1 0.2
20230128 78.1 0.5 0 0 1 0.3 1.1 0 0.2 2.8 16.5 0 6.9 6.8 8.2 0.1 1.7 NA 45.8 81.8 12 17.9 0.2
20230129 90.3 0.4 0 0.2 1.2 2 2.2 0.1 0.3 1.9 27.7 0 6.5 10.6 10 0.5 0.9 NA 37.7 85.4 17.5 22.6 0
20230130 93 0.9 0 0.8 2.4 1.3 4.9 0.6 0.6 2.1 32.4 0 5.4 7.8 10.3 1 4.1 NA 58 93.1 22.7 31.8 0
20230131 93.2 35.4 1.4 1.4 7.6 2.8 8.1 5.6 4.9 6.2 24 0 6.9 14.6 12.9 1.2 50.2 NA 62 92.7 32.1 31.8 0
20230201 93.3 58.3 2.2 1.6 7.4 2.8 7.3 3.6 1.6 4 32 0 11.3 10.9 13.6 2.9 59.8 NA 69.1 94.8 37.8 28.5 0.1
20230202 92 77.7 11.7 3.9 6.6 1.1 4.6 5 0.2 1.3 32.7 0 11.3 13.3 12.3 3 71.4 NA 50 90.3 34.7 21.8 0.1
20230203 96.5 80.1 6.1 16.6 12.4 5.3 10.4 7.2 3.2 5 45.4 0 24.2 9 12.4 2.2 87.7 NA 76.6 98.6 39.6 35.4 1.2
20230204 96.7 94.3 25.7 23.3 9.4 4.1 19.5 22.4 7.2 7.3 42.4 5.6 44.3 15.9 19.8 6.9 93.1 NA 80.1 98.2 84.1 40.2 10.4
20230205 95.9 92.7 30.3 25.6 9.8 5.2 21.6 3.9 2.2 3.1 47.1 3.6 28.9 14.3 16.7 8.6 94.6 NA 80.1 96.2 90.7 32.2 6.5
20230206 97.6 82.5 17.7 12.6 9.5 3 8.3 2.7 3.5 5.8 40.7 0 37.6 11.8 19 5.7 92 NA 73.6 95.7 90.8 38.5 5
20230207 84.4 66.4 11.6 11.2 5.1 5.1 6.4 0 0 0.5 41.2 1.7 24.8 17.2 15 3.2 71.4 NA 66.6 96.2 72.3 31.2 1.1
20230208 84.1 43.6 9.6 4.4 3.8 2.3 3.8 0 0 0.9 33.9 0 16.9 9.8 12.3 0.5 64.9 NA 56.3 88.6 60.7 26.7 0.2
20230209 86.7 43.2 8.9 4.5 4.2 2.3 3.5 0 0 0.7 30.5 0 14.7 11.2 12 1.1 64.9 NA 56.3 95.8 53.3 26 0.2
20230210 95.9 37.2 5.1 4 3.8 6.2 3.6 0 0 2.1 34.9 0 22.4 7.6 8.4 0.5 49.4 NA 42.4 99.3 50.7 30.4 0.1
20230211 85.1 7.5 1.8 1.6 5.3 4.9 1.9 0 0 2.5 29.9 0 9.5 6.8 11.4 2 20.1 NA 42.1 98.1 51.3 37 0.1
20230212 76.3 2.3 0.3 0.1 3.1 1.4 0.6 0 0 0.9 16.9 0 7.4 2.3 8.4 0.8 6.4 NA 37.3 90 49.1 26.5 0.1
20230213 72.3 2.3 0.3 0.1 5 1.4 1.2 0 0 0.8 27.7 0 11.8 1.2 7.3 2.3 6.4 NA 36.5 95.6 39.4 26.6 0.1
20230214 72.5 2.9 0.2 0.8 3.2 1.4 0.3 0 0 1.3 22.3 0 6.9 0.6 7.6 1 4.1 NA 31.6 90.7 37.4 24.7 0
20230215 72.2 0.3 0 0.2 2.9 1.7 0.7 0 0 0.2 19 0 7.2 1.2 7.7 0.7 0.7 NA 26.7 89.2 33.9 21.5 0
20230216 70.6 0.4 0 0.2 3.1 1.7 0.8 0 0 0.6 16.2 0 6.7 0.5 7.4 0.2 0 NA 17.1 78.1 32.3 23.5 0.1
20230217 65.7 2.4 0 0 0.9 1.7 0.5 0 0 0.9 29.4 0 5 13.1 10.8 1 0 NA 24.6 95.8 73.3 37.2 0.1
20230218 80 0 0.2 0 1.7 1.3 1.2 0 0 1.5 29 0 4.9 13.2 11.8 3.3 7.7 NA 33 90 74 35 0.1
20230219 80.9 0 0 0 8.4 1.4 3.9 0 0 0.6 22.9 0 4.9 12 11.9 4.1 1.9 NA 54.3 94 71.4 29.5 0.1
20230220 71.5 0 0 0 2.6 1.4 0.3 0 0 0.6 15.6 0 4.4 4.3 9.6 0.7 0 NA 16.3 76.4 41.7 25.9 0.1
20230221 60 0 0 0 2.1 1.4 0.3 0 0 0.8 15.3 0 4.4 3.3 11.4 1.1 0 NA 16.3 96.1 63.5 25.4 0.1
20230222 91.8 0 0 0 2 1.1 0 0 0 1.1 33.6 0 4.1 4.3 10.7 1.9 0 NA 16.5 92.8 79.6 32.7 0.1
20230223 94 0 0 0 7.5 9.6 6.6 0 0 1.5 43.3 0 4.1 5.8 10.7 2.3 0 NA 59 96.8 92.8 45.5 0.1
20230224 93.7 0 0 0 27.3 16.9 12.8 0 0 8.8 62.5 0 26.2 18.5 20.6 15.1 2 NA 74.5 98.2 94.4 56.9 3.5
20230225 93.7 0 0 0 25.6 17.4 11.1 0 0 8.2 64 0 23.3 21.1 18.8 15.4 3.4 NA 88.1 98.4 96.8 56.9 2.7
20230226 91.9 0 0 0 7.4 1 3.1 0 0 1.9 36.8 0 15.8 14.2 11.7 4.8 0 NA 53.9 98.1 96.8 37.9 0.4
20230227 93.3 0 0 0 11.4 8.3 4.3 0 0 0.4 33.2 0 12.2 12.2 15.8 4.8 0 NA 57.5 97.6 91.6 47.8 0.2
20230228 89.2 0 0 0 11.8 10.4 6.7 0 0 0.9 45 0 16.5 7.6 12.1 8.6 0 NA 68.5 98.1 77.8 48 0.3
20230301 91.6 0 0 0 10.5 8.5 5.9 0 0 1.4 41.2 0 20.6 7.5 10.9 8 0 NA 68.5 98.4 92.5 46.3 0.2
20230302 76.4 0 0 0 10.6 6.2 5.5 0 0 2.4 42.6 0 20.6 5.4 10.7 4.5 0 NA 66 98.4 82.4 44 0.2
20230303 88.7 0 0 0 9.7 10.7 3.3 0 0 6 60.9 0 23.5 18.5 15.3 11 0 NA 48.6 98.4 91.5 54 0.3
20230304 92.9 0 0 0 7 4.8 1.8 0 0 0.5 47.7 0 31.1 20.5 13.4 9.8 0 NA 37.2 97.7 93.8 49.7 0.9
20230305 92 0 0 0 4.8 4.1 1.8 0 0 1.4 49.2 0 24.4 14.5 13.5 10.2 0 NA 40.5 99.5 93.7 47.5 0.5
20230306 77.7 0 0 0 2.4 0.8 0.3 0 0 0.1 38.2 0 15.9 12.4 9.4 3.4 0 NA 36.3 99.4 88.5 36.1 0.1
20230307 76.7 0 0 0 2.2 1.1 0.2 0 0 1.5 31.3 0 13.6 4 10.3 4.4 0 NA 21.3 99.1 76.5 35.9 0.1
20230308 72.4 0 0 0 2.9 0.4 0.2 0 0 1.3 31.1 0 12.8 3.3 10.1 4 0 NA 17.5 99 84.9 29.3 0.1
20230309 73.1 0 0 0 1.1 1.1 0.1 0 0 1.7 31.1 0 11 2.9 8.8 2.6 0 NA 14.9 99 77.8 31.5 0.1
20230310 67.6 0 0 0 1.7 1.4 0.1 0 0 2.4 41.7 0 11 2.2 8 5.3 0 NA 21.2 99 87.8 35.4 0.1
20230311 62.1 0 0 0 0.5 0.8 0.1 0 0 1 14.2 0 10.2 2.5 7.5 0.8 0 NA 6.3 98.3 77 24.4 0.1
20230312 63.2 0 0 0 0.5 0.2 0.1 0 0 0.2 12 0 30.8 2.1 7.4 1.1 0 NA 5.8 98.2 69.4 24.6 0.1
20230313 61.4 0 0 0 0.5 0.2 0.1 0 0 0.2 11.2 0 12.5 2.3 6.5 1.3 0 NA 5.6 98.1 79.5 41.6 0
20230314 72.9 0 0 0 1.3 0.3 0.1 0 0 2.5 26.4 0 12.4 5.7 11.6 5.4 0 NA 6 98.3 87.7 41.5 0
20230315 71.7 0 0 0 3.1 0.8 1.4 0 0 0.9 21.2 0 8.7 6.3 8 3.5 0 NA 7 98.7 87.7 47.3 0
20230316 69 0 0 0 2.5 0.2 0.2 0 0 0 12.2 0 8 2.2 6.2 2.2 0 NA 9 98.5 83.1 33.9 0
20230317 63.9 0 0 0 0.7 0.2 0 0 0 0 15.3 0 8.2 1.4 6.3 2.1 0 NA 3.4 97.4 65.9 29.2 0
20230318 67.1 0 0 0 1.8 0.1 0 0 0 1.8 13.7 0 9.5 2.8 9.2 1.9 0 NA 1.2 90.6 76.2 26.9 0
20230319 72.6 0 0 0 3.9 0.3 0.4 0 0 1.6 12.8 0 8.2 3.8 9.7 2.4 3.6 NA 5.9 81.7 68.3 35.1 0
20230320 73.2 0 0 0 1.6 0.3 0 0 0 1 2.8 0 4.2 2.6 8.5 1.9 3 NA 0.9 81.7 45.2 24.7 0
20230321 69.3 0 0 0 1.8 0.2 0 0 0 0.6 19.9 0 4.5 3 7.6 0.6 0 NA 0.3 79.9 56.1 22.7 0
20230322 61 0 0 0 1.1 0.2 0 0 0 0.1 6.7 0 3.9 2 5.3 0.6 0 NA 0.3 79 64.7 24.5 0
20230323 62.4 0 0 0 1 0 0 0 0 0.2 10.2 0 3.3 2.3 6.6 0.8 0 NA 0 78.2 52.5 22.8 0
20230324 80 0 0 0 1.9 0 0 0 0 0.4 8.8 0 3.3 5 9.2 2.7 0 NA 0 79.1 81.1 23.3 0
20230325 55.2 0 0 0 0.3 0 0 0 0 0 5 0 3.3 5.4 8.1 0.8 0 NA 0 73.1 67 23.4 0
20230326 54 0 0 0 0.4 0 0 0 0 0 4.6 0 3.3 4.8 5.9 0.1 0 NA 0 74.4 63.1 19.8 0
20230327 59.1 0 0 0 1.1 0 0 0 0 0.3 3.7 0 2.8 2.5 7 1.2 0 NA 0 77 49.1 20.1 0
20230328 56.9 0 0 0 1.1 0 0 0 0 0.3 5.1 0 1.2 2 5.5 0.1 0 NA 0 69 50.8 20.5 0
20230329 44.9 0 0 0 0.7 0 0 0 0 0.3 1.9 0 1.2 1.9 4.7 0.1 0 NA 0 65.6 38 19.4 0
20230330 38 0 0 0 0.8 0 0 0 0 0.2 1.1 0 0.3 2.9 4.7 0.1 0 NA 0 61.1 30.7 16.9 0
20230331 35.5 0 0 0 0.2 0 0 0 0 0.1 1.1 0 0.3 2.1 4.5 0.1 0 NA 0 60.9 35.4 17.3 0
20230401 36.5 0 0 0 0.2 0 0 0 0 0.1 2.8 0 0.3 0.7 3.6 0.1 0 NA 0 58.7 40.7 16.7 0
20230402 23.3 0 0 0 0.5 0 0 0 0 0 0.6 0 0 1.4 3.8 0.1 0 NA 0 68 42.8 17.6 0
20230403 17.5 0 0 0 0.5 0 0 0 0 0 0.7 0 0 1.6 4.1 0.1 0 NA 0 59.6 49.1 16.1 0
20230404 19.2 0 0 0 0.1 0 0 0 0 0 0.3 0 0 2.3 3.8 0.1 0 NA 0 57 61.1 15.9 0
20230405 19.7 0 0 0 0.1 0 0 0 0 0 0.8 0 0 0.6 3.6 0.1 0 NA 0 52.7 48.3 16.8 0
20230406 4.7 0 0 0 0 0 0 0 0 0 0 0 0 2.8 3.4 0.2 0 NA 0 52.1 37 16.4 0
20230407 3.3 0 0 0 0 0 0 0 0 0 0 0 0 1.8 5.9 0.1 0 NA 0 51.4 28.7 13.3 0
20230408 3.5 0 0 0 0.1 0 0 0 0 0 0 0 0 1.6 8.9 1.4 0 NA 0 45.3 26.1 12.3 0
20230409 8.7 0 0 0 2.3 0.5 0.2 0 0 1.7 5 0 2.9 4.9 6.3 2.4 0 NA 0 46 29.7 15.1 0.2
20230410 3 0 0 0 0 0 0 0 0 0 0 0 0 2.6 3.9 0.1 0 NA 0 43.1 28.5 12.4 0
20230411 1.3 0 0 0 0 0 0 0 0 0 0 0 0 1.5 3.2 0.1 0 NA 0 42.4 34.5 12.5 0
20230412 1.1 0 0 0 0 0 0 0 0 0 0 0 0 1.3 3.2 0.1 0 NA 0 39.5 24.8 12.1 0
20230413 1 0 0 0 0 0 0 0 0 0 0 0 0 1.2 3.2 0.1 0 NA 0 37.1 22.3 11.9 0
20230414 0.8 0 0 0 0 0 0 0 0 0 0 0 0 0.6 3.2 0.1 0 NA 0 36.1 20 11.4 0
20230415 0.7 0 0 0 0 0 0 0 0 0 0 0 0 0.1 3.2 0 0 NA 0 36.7 21 10 0
20230416 0.7 0 0 0 0 0 0 0 0 0 0 0 0 0 3.2 0 0 NA 0 32.3 12.3 10.6 0
20230417 0 0 0 0 0 0 0 0 0 0 0 0 0 0 3.2 0.1 0 NA 0 28.2 7.4 9.6 0
20230418 0 0 0 0 0 0 0 0 0 0 0 0 0 0 3 0 0 NA 0 12.5 2.4 9 0
20230419 0 0 0 0 0 0 0 0 0 0 0 0 0 0 2.6 0 0 NA 0 9.3 2.4 1.7 0
20230420 0 0 0 0 0 0 0 0 0 0 0 0 0 0 2.7 0 0 NA 0 4.5 2.4 1.5 0
20230421 0 0 0 0 0 0 0 0 0 0 0 0 0 0 2.7 0 0 NA 0 2.1 1.1 0.8 0
20230422 0 0 0 0 0 0 0 0 0 0 0 0 0 0 2.6 0 0 NA 0 2 1.5 0.9 0
20230423 0 0 0 0 0 0 0 0 0 0 0 0 0 0 2.7 0 0 NA 0 2 1.4 0.4 0
20230424 0 0 0 0 0 0 0 0 0 0 0 0 0 0 2.5 0 0 NA 0 0.3 0.4 0.4 0
20230425 0 0 0 0 0 0 0 0 0 0 0 0 0 0 2.5 0 0 NA 0 0 0.1 0.4 0
20230426 0 0 0 0 0 0 0 0 0 0 0 0 0 0 2.5 0.1 0 NA 0 0 0.1 0.3 0
20230427 0 0 0 0 0 0 0 0 0 0 0 0 0 0 2.5 0 0 NA 0 0 0 0 0
20230428 0 0 0 0 0 0 0 0 0 0 0 0 0 0 2.4 0 0 NA 0 0 0 0 0
20230429 0 0 0 0 0 0 0 0 0 0 0 0 0 0 2.4 0 0 NA 0 0 0 0 0
20230430 0 0 0 0 0 0 0 0 0 0 0 0 0 0 2.4 0 0 NA 0 0 0 0 0
20230501 0 0 0 0 0 0 0 0 0 0 0 0 0 0 2.3 0 0 NA 0 0 0 0 0
20230502 0 0 0 0 0 0 0 0 0 0 0 0 0 0 2.2 0 0 NA 0 0 0 0 0
20230503 0 0 0 0 0 0 0 0 0 0 0 0 0 0 2.2 0 0 NA 0 0 0 0 0
20230504 0 0 0 0 0 0 0 0 0 0 0 0 0 0 2.2 0 0 NA 0 0 0 0 0
20230505 0 0 0 0 0 0 0 0 0 0 0 0 0 0 2.1 0 0 NA 0 0 0 0 0
20230506 0 0 0 0 0 0 0 0 0 0 0 0 0 0 2.1 0 0 NA 0 0 0 0 0
20230507 0 0 0 0 0 0 0 0 0 0 0 0 0 0 2.1 0 0 NA 0 0 0 0 0
20230508 0 0 0 0 0 0 0 0 0 0 0 0 0 0 2.1 0 0 NA 0 0 0 0 0
20230509 0 0 0 0 0 0 0 0 0 0 0 0 0 0 2.1 0 0 NA 0 0 0 0 0
20230510 0 0 0 0 0 0 0 0 0 0 0 0 0 0 2.1 0 0 NA 0 0 0 0 0
20230511 0 0 0 0 0 0 0 0 0 0 0 0 0 0 2.1 0 0 NA 0 0 0 0 0
20230512 0 0 0 0 0 0 0 0 0 0 0 0 0 0 1.9 0 0 NA 0 0 0 0 0
20230513 0 0 0 0 0 0 0 0 0 0 0 0 0 0 1.6 0 0 NA 0 0 0 0 0
20230514 0 0 0 0 0 0 0 0 0 0 0 0 0 0 1.2 0 0 NA 0 0 0 0 0
20230515 0 0 0 0 0 0 0 0 0 0 0 0 0 0 0.8 0 0 NA 0 0 0 0 0
20230516 0 0 0 0 0 0 0 0 0 0 0 0 0 0 0.1 0 0 NA 0 0 0 0 0
20230517 0 0 0 0 0 0 0 0 0 0 0 0 0 0 0 0 0 NA 0 0 0 0 0
20230518 0 0 0 0 0 0 0 0 0 0 0 0 0 0 0 0 0 NA 0 0 0 0 0
20230519 0 0 0 0 0 0 0 0 0 0 0 0 0 0 0 0 0 NA 0 0 0 0 0
20230520 0 0 0 0 0 0 0 0 0 0 0 0 0 0 0 0 0 NA 0 0 0 0 0
20230521 0 0 0 0 0 0 0 0 0 0 0 0 0 0 0 0 0 NA 0 0 0 0 0
