20241201 1.5 0.4 0 0 0 0 0 0 0 0 0 0 0 0 0.1 0 0.7 NA 0.9 2.5 0.1 0.7 0
20241202 4.7 1.1 0 0 0 0 0 0 0 0 0 0 0 0 0.1 0 0.8 NA 2.3 5.2 0.3 0.5 0
20241203 0.9 1.1 0 0.2 0 0 0 0 0 0 0 0 0 0 0.2 0 3.7 NA 1.8 2.8 0.3 0.6 0
20241204 1.2 0.6 0 0.1 0 0 0 0 0 0.1 0 0 0 0 1.5 0 0.1 NA 3.4 3.3 0.4 0.9 0
20241205 2.6 0.4 0 0 0 0 0 0 0 0.1 0 0 0 0 1 0.1 0 NA 2.1 2.6 0.2 0 0
20241206 6.9 2.9 0 0.3 0 0 0.1 0 0 0 0 0 0.1 0 1.3 0.1 2.2 NA 9.5 10.9 1.2 0.5 0
20241207 9.5 2.2 0 0.4 0 0 0.1 0 0 0 0 0 0.2 0 1.4 0.1 1.8 NA 21.6 14.2 1.9 0.4 0
20241208 6.2 2.4 0 0.4 0 0 0.1 0 0 0 0 0 0.3 0 1.1 0 3.2 NA 11.3 14.4 2.4 0.6 0
20241209 0.9 1.1 0 0.2 0 0 0 0 0 0 0 0 0 0 0.2 0 3.7 NA 1.8 2.8 0.3 0.6 0
20241210 3.3 0.9 0 0 0 0 0 0 0 0 0 0 0.4 0 1.2 0 1 NA 4.8 11.9 0.9 0.3 0
20241211 2.7 0.8 0 0 0 0 0 0 0 0 0 0 0.3 0.1 1.6 0.1 0.4 NA 4.3 12 0.7 0.3 0
20241212 3.6 0.5 0 0 0 0 0 0 0 0 0 0 1.6 0 1.5 0.1 0.7 NA 10.4 11.6 1.4 0.5 0
20241213 28 5.9 0 0.7 0.2 0 0.5 0 0 0 1.2 0 1.6 0.1 2.4 0 25.2 NA 35.8 15.3 2.1 1.2 0.1
20241214 18.6 3.6 0 3 0 0 0.7 0 0 0 0 0 1.4 0 2.6 0.2 40.7 NA 47.1 39.9 2.6 0.7 0
20241215 19 4 0 2.7 0.1 0 0.2 0 0 0 0 0 2.7 0.1 2.6 0.3 43.3 NA 33.5 26.1 2.5 1.1 0.1
20241216 18.6 5.8 0 1.5 0 0 0.2 0 0 0.1 0 0 2.5 0.1 2.3 0.1 11 NA 18.4 16.8 2 0.7 0.1
20241217 19.8 3 0 0.2 0 0.1 0.1 0 0 0.1 0 0 1.8 0 2.1 0.1 1.9 NA 23.7 15.9 1.2 0.2 0.1
20241218 6 1.2 0 0 0 0 0 0 0 0 0 0 1.2 0 2 0.1 0.3 NA 7.2 11.3 0.8 0.2 0
20241219 7.1 0.6 0 0.1 0.1 0 0 0 0 0 0 0 1 0.2 2.5 0.1 0.3 NA 5.7 20.3 1.9 0.6 0
20241220 19.6 0.4 0 0.6 0.2 0 0.1 0 0 0.1 1 0 1.6 0.5 2.5 0.1 0.1 NA 28.9 21.2 6.1 0.9 0.2
20241221 18.4 0.2 0 0.9 0 0.2 0.2 0 0 0.4 1.2 0 1.6 0.1 2.9 0.1 0.5 NA 31.5 22.7 3.8 3.1 0.3
20241222 44.2 5.9 0 1.8 1 0.8 3.1 0 0.6 1.3 2.3 0 3.6 0.1 3 0.2 53.3 NA 49.9 47.7 4.3 7.6 0.2
20241223 33.6 9.8 0 2.2 0.5 0.6 2 0 0.2 0.5 1.5 0 4.9 1.3 3.4 0.3 52.6 NA 46.3 37.2 4.6 4.8 0.3
20241224 25.5 2.7 0 2.2 0.4 0.6 1 0 0 0.2 3.2 0 5.9 0.6 2.8 0.1 22.8 NA 46.6 45.8 4.6 6.4 0.1
20241225 31.6 7.5 0 1.5 0.5 0.8 1.1 0 0 0.2 3.3 0 10.6 0.2 3.1 0.1 37.7 NA 41.6 50.2 5.2 9 0.1
20241226 35.8 1.1 0 1.5 0.3 0.5 1.5 0 0 0.4 0.8 0 12 0.2 2.8 0.3 5.9 NA 53.4 48.3 3.8 6.2 0.4
20241227 27.2 0.8 0 1.1 0.1 0.2 0.4 0 0 0.2 0.3 0 4.8 0 2.3 0.1 1 NA 43.5 40.5 2.1 4.4 0.1
20241228 24.1 0.3 0 0.7 0.1 0.2 0.4 0 0 0.2 0.1 0 4.7 0 2.3 0.1 0.6 NA 35.1 40.5 1.8 4.5 0.1
20241229 20.5 0.2 0 0.1 0.1 0.2 0.1 0 0 0.1 0 0 4.5 0 2.2 0.1 0.4 NA 28.6 27.4 1.8 4.3 0.1
20241230 15.9 0.2 0 0.1 0.1 0.2 0.1 0 0 0 0 0 4.5 0 2.2 0.1 0.1 NA 19.5 23.1 1.3 3.1 0.1
20241231 13.8 0 0 0 0 0 0 0 0 0 0 0 2.2 0 2.4 0.1 0 NA 21.2 19.5 1.3 2.6 0
20250101 13.9 0 0 0 0.2 0 0.2 0 0 0 0.2 0 2.6 0.1 2.4 0.1 0 NA 6.3 23.2 3 3.4 0
20250102 17.3 0.8 0 0.3 0.2 0.3 0.2 0 0 0.2 0.3 0 4.1 0 2.6 0.2 0.4 NA 3.7 19.6 2.8 3.6 0
20250103 23.1 0 0 0 0.3 0 0 0 0 0.1 1.1 0 4.1 0.2 2.6 0.1 0 NA 38 23.2 3.3 2.1 0
20250104 26.2 0 0 0 0.3 0 0 0 0 0.3 1.1 0 4.1 0.2 2.6 0.1 0 NA 35.1 23.2 3.2 2.1 0
20250105 26.6 4.7 0 1 0.3 0 0.6 0 0 0.4 1.6 0 4.1 1.8 3.1 0.1 13.1 NA 46.8 23.2 3.2 2.1 0
20250106 42.6 22.9 0.5 3.5 1.2 0.5 2.8 0.3 0.3 0.7 7 0 6.6 1.7 4.9 0.3 54.6 NA 52 58.1 5.3 10.8 0
20250107 38.2 69.8 0.7 3.3 1.3 0.4 3.9 0.9 1.2 0.7 7.8 0 6.9 1.3 4.1 0.2 91 NA 54.2 58.9 7.3 9.8 0.2
20250108 44.2 68.4 0.4 3 1.4 0.5 4.5 2.3 1.4 0.9 13.1 0 7.5 3.4 5.6 0.2 91.1 NA 56.8 74.1 8.6 14.7 0.4
20250109 51.5 67.8 0.3 2.6 2.1 0.5 6.8 4.2 1.4 1 17.4 0.1 8.5 5.9 7.2 0.6 90.9 NA 62.4 70.5 22.1 15.1 0.4
20250110 51.8 89.6 11.9 8.4 2.9 0.8 13.4 7.2 0.5 0.4 16.5 0 9.1 10.2 8.9 0.4 89.2 NA 70.3 92.6 34.9 25.9 1.1
20250111 42.8 82.6 11.7 8.6 4.5 2 11.8 5.4 0.3 1.3 17.2 3.4 20.4 2.1 5.7 0.6 89.9 NA 78 99.2 24.6 22.4 5.9
20250112 51.8 80.9 7 4 5.1 1.8 9.5 1.6 0.3 1.3 14.9 1.3 12.5 7.7 8.6 0.8 89.7 NA 71.9 97.7 19.9 18 1.8
20250113 50.2 60.8 3 3.2 4.2 1.7 2.8 6.4 0 0.8 9.5 0.5 11.8 3.6 6.4 0.4 84.8 NA 57.7 97.7 10 17.1 1.8
20250114 61 93.2 13.4 6.8 2.8 2.5 8.2 4.6 0.6 3 17.9 0.2 15.5 3.9 6.8 0.5 94.4 NA 65.1 91.3 11.9 15 1.9
20250115 72.8 93.4 15.9 8.5 2.9 1.5 10.6 9.9 2 2.7 25 0.2 11.8 3.4 8.9 0.7 97.8 NA 67 94.3 11.4 18.4 1.6
20250116 74.4 94.1 23.1 18.1 3.6 1.1 10.9 11.6 0.9 1.8 16.6 0.9 32.4 0.7 8.2 0.7 99.8 NA 68.3 85.6 13.1 23.9 3.5
20250117 70.1 78.9 22.1 11.2 1.1 1.4 6.9 6.5 0 0.7 16.5 0.1 22.9 1.7 6.3 0.3 97.8 NA 64.2 72.7 9.2 6.1 1.9
20250118 64 63.7 21.1 11.1 1.6 1.3 3.4 2.1 0 1 13.8 0.3 18.3 2.7 7.1 0.2 97.7 NA 64.7 91.8 9.4 10.3 2.6
20250119 92.1 84.8 22.9 8.4 7.8 1.4 12.5 10.7 0.5 1.9 30.4 0.3 10.2 4 9.6 0.6 96.2 NA 62.1 95.2 24.3 17.9 2.7
20250120 96.1 87.3 31.5 15.2 6.7 4.5 20.7 18.7 0.9 4 37.3 4 17.4 5.9 12.7 2.6 96.1 NA 75 92.5 49.4 31.8 6.3
20250121 95.8 94.5 53.6 38.6 10.3 4 21 19.2 4.3 7.4 45.9 0.5 20.2 9.1 13.4 3.9 99.9 NA 78.4 96.2 38.2 40.5 4.1
20250122 96.4 94.7 82.6 55.7 4.8 3.2 24.2 23.5 2.4 4 44.5 10.6 30.7 9.4 16.2 4.5 99.9 NA 79.8 96.2 41.1 32.2 8.3
20250123 96.7 94.6 89.6 58.2 10.2 5.8 26.5 24.6 2.7 7.2 46.9 10.7 36.6 5.7 11.8 2.2 100 NA 81.7 97.8 58 28.7 7.5
20250124 97.9 83.8 88.6 48.7 12.3 10.2 28.3 17.5 6 8.1 54.1 1.8 37.1 10 14.5 4.3 100 NA 78.1 98.2 54 43.4 4.6
20250125 97.5 93.2 92 58.2 9.4 6 29.1 20.8 2.3 4.2 40.7 2.8 35.9 6.7 16 4.2 100 NA 88.3 96.4 40.8 34.6 6.3
20250126 86.9 78.5 81.3 39.8 4.6 3.5 10.7 13.4 2.1 3.9 37.8 0.4 23.7 3.5 10.2 1.4 100 NA 72.4 93.6 26.6 27.2 2.1
20250127 86.8 80.9 83.4 38.7 2.9 3.6 10.2 16.3 1.2 2.3 34.6 0.3 21 3.6 7.8 1 100 NA 71.2 90.4 24.5 25.8 1.4
20250128 96.6 89.1 89.6 75.6 9.5 3.2 9.5 4.6 0.6 3.7 52 3 35.9 5.8 11.2 0.9 100 NA 70.9 94 58.8 37.2 1.1
20250129 94.1 72.7 81.9 55.8 12.4 4.2 7.8 3.3 0.7 3.6 45.5 1 42.2 3 9.1 1.8 100 NA 62 95.3 72.4 37.5 3.7
20250130 97.1 73.8 86 61.8 10.7 9.6 17.4 8.3 3.8 5.1 50.5 0.9 38 3.7 10.5 3.7 96.9 NA 69.1 99.1 75.7 49.6 2.5
20250131 97.4 65.7 78.8 68.2 9.4 7.5 22.7 7.9 4.5 3.3 60 0.4 35.8 2.5 13.2 1.8 96.9 NA 68.1 99.1 77 38.8 2.2
20250201 93.3 75.7 84.6 68.2 23.4 26 31.9 8.7 3.5 7.6 71.8 1.9 55.8 4.2 14.7 6.5 96.8 NA 80.3 99.1 90.8 59.1 7.3
20250202 92.5 76 87.5 83.6 18.7 29.1 27.5 11.8 1.1 2.8 63.6 14.8 40.3 20 20 8.6 96.8 NA 82.3 99 82.6 66 6.6
20250203 91.4 84.8 86 92.4 4.2 4.2 25.7 4.9 1.5 1.5 43.2 1.5 39.3 4 7.8 1.5 96.8 NA 78.8 99.4 44.6 38.7 3.6
20250204 94.1 70.4 82 93.8 7 4.1 20.9 2.8 1 5.1 58.1 0.6 55.3 2.6 9.1 1.4 86.5 NA 79.3 99.7 85.2 44.3 2.4
20250205 97.1 71.6 81.6 72.6 10.3 6.2 22.5 2 4.8 8.8 57.3 0.7 74.7 6.8 13.1 2.6 93.6 NA 86.7 99.7 91.3 46.3 5.9
20250206 96.2 88 92.1 90.7 8.6 13.4 30.3 3.6 0 1.8 61 4.7 65.3 8 17.1 8.5 96.6 NA 86.4 99.7 89.8 56.5 3.8
20250207 84.7 82.9 90.9 64.7 10.8 3.8 21.3 3.3 0 4.9 47.4 5.6 52.5 8.4 12.8 3.6 87.9 NA 80.9 99.6 71.9 39.8 2.8
20250208 97 91.2 93.8 63.7 7.9 6 31.3 1.5 2 4.8 46.4 0.6 35.4 5.4 11.2 5 95.9 NA 86.5 99.6 78.5 37.8 0.8
20250209 96.1 91.1 92.7 90.3 9.5 4.6 35.3 1.7 2.9 3.7 56.5 1.8 56.4 3.9 10.8 3.9 96 NA 89.2 99.7 92.7 38 2.1
20250210 96.3 86.4 88.4 86.8 8.6 7.3 40.5 7.4 0.6 3.4 60.8 0.9 60.2 5.9 13.2 9.7 94.1 NA 91 99.6 90 45.7 2.1
20250211 97.7 84.8 91.6 94.6 6.3 5.3 41.8 12.8 2.4 2.4 49.5 3.1 49.7 6.2 13.2 6.4 95.5 NA 89.8 99.8 93.8 44.6 2.6
20250212 98 93.6 91.9 95.5 21.2 18.5 35.3 10.3 4.4 7.9 81.8 1.6 72.7 8.4 18.3 14 97.1 NA 93 100 96.1 50.4 2.9
20250213 100 88.5 90.4 82.3 17.7 18.2 28.3 14.3 3.7 8.8 89.1 6.5 60.8 5.8 21.5 24.7 96.9 NA 84.3 100 96 62.6 4.2
20250214 99.4 74 86.2 82.4 12.4 4 31.4 17.3 4.3 7 63 2.4 58.9 9 18.1 17.5 97.6 NA 80.2 100 97 60.3 2.1
20250215 99.1 85.6 89.5 81.4 10.6 6.5 42.8 22.4 1.4 2.6 60.8 2.4 58.9 9.5 21 21.2 97.6 NA 87.9 100 97 53.3 2.1
20250216 99.1 91 92.6 91.7 13.7 13.5 33.7 19.8 0.7 5.1 66.3 3.1 60.4 3.9 13.8 19 97.6 NA 89.7 100 97 56.1 2.1
20250217 97.6 78.6 87.5 88.9 26.4 18.1 39.7 19.7 5.9 7.5 72.5 4.6 62.5 11 15.2 21.7 97.6 NA 94 100 97.1 78.6 3.2
20250218 99.7 95.9 94.4 95 24.2 10.9 53.9 23.4 8.9 16.4 80.1 4.9 65.8 24.1 21.3 22.8 100 NA 93.1 100 97.8 72.9 6.6
20250219 99.2 93.1 92.6 94.7 24.3 15.1 60.7 26 11 17.6 79.3 7.4 74.6 40.4 24.1 23.2 99.7 NA 97 100 97.8 78.9 12.7
20250220 99.6 97.8 95.2 95.9 37.8 23.5 67.8 25.7 8.6 21.6 95 5.4 84.6 36.8 27.4 31.3 100 NA 97.9 100 99.9 87.4 14.4
20250221 99.4 94.6 95.2 96 43.5 42.8 73.5 29.1 11.2 20 89.9 1.9 87 66.4 44.3 40.3 99.8 NA 97.9 100 99.9 95.3 11.5
20250222 98.9 94.5 94.3 95.2 16.7 6.5 63.6 23 9.1 7.3 64.7 8.4 67.8 32.6 25.4 22 99.8 NA 84.2 100 99.9 82.7 9.9
20250223 98.6 74.8 88.7 88.7 15.5 4.5 55.1 19.4 7.7 6.7 66.4 2.3 60.2 20.8 23.1 20.6 99.9 NA 76.8 100 99.9 66.9 5.6
20250224 97.8 74 85.1 88.4 17.3 5.6 55.6 12.6 0.5 2.1 56.9 1.1 51 13 20.3 22.8 99.8 NA 69.1 100 99.9 72.1 1.3
20250225 99.1 73.5 81.2 87.7 11.3 6.4 48.1 7.4 0.2 2.4 53.7 0.7 55.8 3 19.8 17.1 100 NA 72.4 100 99.4 60.1 1.1
20250226 98.6 66.2 79 87 9 7.2 48.3 11.2 1.6 5.9 73.9 0.6 54.1 5 14.3 21.1 97.1 NA 94.9 100 99.8 57.9 0.9
20250227 98 69.5 80.2 90.1 8.2 7.7 35.2 9.2 0.9 1.2 51.8 0.3 49.9 2.3 11.8 12.5 97.2 NA 61.6 100 99.3 56.8 0.2
20250228 97.2 58.6 68.9 87.3 5.7 5.6 20.8 4.6 0 1 50.8 0.6 48.7 1.8 9.3 9.9 91.8 NA 56.2 100 96.5 55.1 0.3
20250301 86.1 49 69 84 6.5 4.6 21.9 0.9 0 3.8 48.9 0.2 43.7 1.5 10.6 13.5 91.8 NA 54 99.7 95.5 61.4 0.3
20250302 85.8 40.9 65.2 87.1 9.5 13 18.1 5.8 2.2 5 56.7 0.4 62.2 13 20.1 20.6 82 NA 68.8 99.7 98.8 72.6 2.5
20250303 89.9 40.7 68.9 91.5 28 33.5 50.5 7.8 0 1.1 55.9 1.4 60.6 10.2 18.1 21.1 89.7 NA 91.7 99.7 98.8 73.7 3
20250304 87.7 42.2 65 87.2 5.9 12.6 26.8 4.8 0 0.6 47.7 0.6 56 8.8 17.7 18.6 84.8 NA 69 99.7 99.2 65.6 0.8
20250305 84.8 42.3 63.4 87.8 4.3 12.5 25.6 5 0.9 0.4 52.9 0.7 53.6 4.3 8 12.9 84.8 NA 67.2 99.7 91.7 62.8 0.6
20250306 90.1 26.2 47.5 79.9 3.6 13.3 11.5 0.3 0 3.9 55.7 0.5 53.1 2.2 10.5 17.2 67 NA 47 99.7 98.5 56.8 0.3
20250307 82.5 15.4 34 75.9 5 4.8 5.8 0.7 0 2.5 49.1 0.5 42.6 4.6 10.9 13.2 54.3 NA 47.3 99.7 99.2 42.8 0.4
20250308 79.4 14.5 30.5 77.3 6.9 5.9 8.1 1 0.3 2.1 55.3 0.5 38.8 16.6 17.5 15.9 53.7 NA 43.4 99.7 99.2 51.5 0.4
20250309 94.2 14.3 26.3 78.8 6.9 6.3 7.6 0.6 0 2.3 44.7 0.5 38.9 5.2 13 14.2 50.3 NA 39.8 99.4 99.2 48.5 0.2
20250310 80.2 9.9 26.3 80.1 6.7 6.5 6.8 0.8 0 1.7 44.3 0.5 38.5 3 12.3 17.9 46.7 NA 43.9 99.4 98.8 42.7 0.2
20250311 75.3 5.6 18.5 80 2.5 5.5 6.1 0.6 0.1 1.4 39 0.5 36.3 0.7 8.1 6.9 30.7 NA 38.2 99.3 98 38.7 0.2
20250312 74 9.2 17.5 76.5 2.5 5.1 6.4 0.5 0.1 0.9 34 0.3 44.3 0.4 7.6 4.1 28.8 NA 31.6 99.3 96.4 39.4 0.2
20250313 78.4 4.7 21.5 69.6 2.3 11.1 8.6 4 1.1 0.4 45.6 0 56.1 2.3 10.1 10.9 19 NA 26 99.5 94.7 40.2 0.4
20250314 74.7 0 22.7 74.6 2.1 11.6 12.4 3.8 1.7 0.2 48 1 60.3 1.7 9.9 10.3 14.2 NA 25.3 99.5 96.6 43.6 1.4
20250315 58.3 0 22.1 76.6 2.5 14.3 13.9 3.6 3.9 0.1 52.9 0 66.6 2.1 11.1 10.3 3.9 NA 16.5 99.5 90.8 44.5 1.6
20250316 59.1 0 16.8 67.7 4.8 11.9 8.6 3.3 2.9 0.8 44.3 0 53.5 1.1 8.1 7.6 0 NA 14.7 99.5 87.5 41.6 0.8
20250317 63.6 0 9.9 68.7 3.5 8.9 6.8 0.3 0.2 1.2 41.4 0 37.1 1.4 9.4 10.6 0 NA 0 99.5 91.1 37 0
20250318 50.1 0 9.3 70.1 2.7 3.8 3.3 0 0 0.5 37.9 0 27.3 3.1 7.8 5.6 0 NA 0 99.1 73.9 35.9 0.1
20250319 34.5 0 5.4 66.4 1.3 6.1 2.7 0 0 0.1 29.2 0 24.9 2.6 6.8 4.9 0 NA 0 98 73.4 36.7 0.2
20250320 11 0 4.4 65.3 2 6.6 2.2 0 0 0.1 32 0 11.8 1 5.1 4.2 0 NA 0 97.3 73.4 37.8 0.1
20250321 8.3 0 2.3 58.5 1.9 5.6 0.3 0 0 0.2 29.9 0 4.3 2.2 5.6 2.7 0 NA 0 90 67 39.1 0.2
20250322 6.5 0 0.3 52.1 1 2.9 0 0 0 0.2 17.2 0 4.8 0 3.8 1.5 0 NA 0 88.6 69.9 28.9 0.1
20250323 14 0 2.2 57.7 11.2 7.4 0 0 0 0.2 39.9 0 4.8 0 7.7 14.3 0 NA 0 92.1 77.9 44.9 0.1
20250324 10.4 0 1.8 48.5 2.6 3.9 0.1 0 0 0.1 35.9 0 4.1 1.4 7.1 9.6 0 NA 0 93 75.2 37.6 0.1
20250325 9.4 0 0 28.5 2 2.4 0.3 0 0 0.1 22.3 0 0.2 2.5 5.4 4.5 0 NA 0 94.5 72.2 27.8 0
20250326 8.8 0 0 18.5 1.7 2.4 0 0 0 0.4 16.2 0 0.2 13.8 6.8 4.7 0 NA 0 94.6 74.2 24.4 0
20250327 6.3 0 0 17.1 2 2.5 0 0 0 0.1 13.9 0 0.3 0 5.2 2.3 0 NA 0 89.2 74.5 23.9 0
20250328 7.8 0 0 16.7 2.4 2.5 0 0 0 0.1 16.8 0 0.4 0.3 4.3 0.9 0 NA 0 86.1 77.1 25.1 0
20250329 8 0 0 16.5 1.7 6.6 0 0 0 0.1 15.1 0 2.6 0 3.8 1 0 NA 0 86.1 68.1 29.2 0
20250330 7.1 0 0 20.5 1.6 5.2 0 0 0 0.7 15.6 0 0 0 3.5 0.6 0 NA 0 86.1 62.7 25.6 0
20250331 8.9 0 0 17.9 1.8 4.2 0 0 0 1 10.2 0 0 0 3.5 1 0 NA 0 83.9 68.5 24.8 0
20250401 18.3 0 0 12 0.9 1.8 0 0 0 0.4 8.5 0 0 0 4.8 3 0 NA 0 84.2 79.7 22.9 0
20250402 8.4 0 0 16.7 0.7 1.7 0 0 0 0 5.5 0 0 0 3.6 1.6 0 NA 0 87.8 66.6 23.8 0
20250403 2.8 0 0 14.1 0.5 0.8 0 0 0 0.1 5.2 0 0 0 3.3 2 0 NA 0 85.8 69.5 24 0
20250404 3.9 0 0 11.8 3.2 0.4 0 0 0 0.1 5.8 0 0 0 5.1 1.5 0 NA 0 87.4 74.6 23.3 0
20250405 3.2 0 0 11.8 1 0.4 0 0 0 0 4.5 0 0 0 5.1 0.6 0 NA 0 88.3 80.8 23.7 0
20250406 2.3 0 0 9.9 1.2 0.1 0 0 0 0 0.8 0 0 0 3.2 0.1 0 NA 0 84.2 59 20.4 0
20250407 0.8 0 0 10.1 0.1 0 0 0 0 0 0.1 0 0 0 2.8 0.1 0 NA 0 80.6 61 19.3 0
20250408 0.7 0 0 9.1 0.4 0 0 0 0 0 0.1 0 0 0 3.2 0.4 0 NA 0 78.1 42.3 16 0
20250409 1.8 0 0 6.8 0.3 0 0 0 0 0 0.1 0 0 0 3.6 1 0 NA 0 77.5 42.1 17.2 0
20250410 1.7 0 0 5.5 0.1 0 0 0 0 0 0.3 0 0 0 2.6 1.7 0 NA 0 81.1 60.7 17 0
20250411 2 0 0 7.9 0.3 0 0 0 0 0 0 0 0 0 2.7 0.8 0 NA 0 78 60.3 19.2 0
20250412 1.5 0 0 5 0.5 0 0 0 0 0 0 0 0 0 2.7 0.1 0 NA 0 81.8 48.4 17.3 0
20250413 0.6 0 0 5.1 0.2 0 0 0 0 0 0.1 0 0 0 2.8 0.1 0 NA 0 81.7 60.8 17.5 0
20250414 0.5 0 0 4.9 0.1 0 0 0 0 0 0.1 0 0 0 2.7 0.1 0 NA 0 81.7 63.5 17.6 0
20250415 0 0 0 2.6 0.1 0 0 0 0 0 0 0 0 0 2.7 0.1 0 NA 0 81.4 52.1 17.6 0
20250416 0.1 0 0 2.3 0.1 0 0 0 0 0 0 0 0 0 2.6 0.1 0 NA 0 56.8 17.2 13.6 0
20250417 0 0 0 0.9 0.1 0 0 0 0 0 0 0 0 0 2.5 0.1 0 NA 0 46.5 23.5 11.7 0
20250418 0 0 0 0.7 0.1 0 0 0 0 0 0 0.9 0 0 2.4 0.1 0 NA 0 47.2 24.1 12.5 0.5
20250419 0 0 0 0.4 0.2 0 0 0 0 0 0 0 0 0 2.6 0.1 0 NA 0 46.9 36.7 11.9 0.3
20250420 0 0 0 0.4 0.1 0 0 0 0 0 0 0 0 0 2.6 0.1 0 NA 0 34.3 26.9 8 0
20250421 0 0 0 0.4 0 0 0 0 0 0 0 0 0 0 2.3 0.1 0 NA 0 21.1 33.4 4.4 0
20250422 0 0 0 0.3 0 0 0 0 0 0 0 0 0 0 2.2 0.1 0 NA 0 13.9 7.3 3.9 0
20250423 0 0 0 0 0 0 0 0 0 0 0 0 0 0 2.2 0 0 NA 0 11.5 6.7 2 0
20250424 0 0 0 0 0 0 0 0 0 0 0 0 0 0 2.2 0 0 NA 0 6.2 3.6 1.5 0
20250425 0 0 0 0 0 0 0 0 0 0 0 0 0 0 0 0 0 NA 0 0 0.5 0 0
20250426 0 0 0 0 0 0 0 0 0 0 0 0 0 0 2.2 0 0 NA 0 3 1 1.5 0
20250427 0 0 0 0 0 0 0 0 0 0 0 0 0 0 2.2 0 0 NA 0 1.2 2.4 0.7 0
20250428 0 0 0 0 0 0 0 0 0 0 0 0 0 0 2.2 0 0 NA 0 1.3 0.5 0.1 0
20250429 0 0 0 0 0 0 0 0 0 0 0 0 0 0 2.2 0 0 NA 0 1.8 0.4 0 0
20250430 0 0 0 0 0 0 0 0 0 0 0 0 0 0 2.1 0 0 NA 0 0.8 0 0 0
20250501 0 0 0 0 0 0 0 0 0 0 0 0 0 0 2.1 0 0 NA 0 0.7 0 0 0
20250502 0 0 0 0 0 0 0 0 0 0 0 0 0 0 2.1 0 0 NA 0 0 0 0 0
20250503 0 0 0 0 0 0 0 0 0 0 0 0 0 0 2.1 0 0 NA 0 0 0 0 0
20250504 0 0 0 0 0 0 0 0 0 0 0 0 0 0 2 0 0 NA 0 0 0 0 0
20250505 0 0 0 0 0 0 0 0 0 0 0 0 0 0 2.1 0 0 NA 0 0 0 0 0
20250506 0 0 0 0 0 0 0 0 0 0 0 0 0 0 2 0 0 NA 0 0 0 0 0
20250507 0 0 0 0 0 0 0 0 0 0 0 0 0 0 1.8 0 0 NA 0 0 0 0 0
20250508 0 0 0 0 0 0 0 0 0 0 0 0 0 0 1.3 0 0 NA 0 1.6 0.1 0 0
20250509 0 0 0 0 0 0 0 0 0 0 0 0 0 0 0.9 0 0 NA 0 0 0 0 0
20250510 0 0 0 0 0 0 0 0 0 0 0 0 0 0 0.2 0 0 NA 0 0 0 0 0
20250511 0 0 0 0 0 0 0 0 0 0 0 0 0 0 0 0 0 NA 0 0 0 0 0
20250512 0 0 0 0 0 0 0 0 0 0 0 0 0 0 0 0 0 NA 0 0 0 0 0
20250513 0 0 0 0 0 0 0 0 0 0 0 0 0 0 0 0 0 NA 0 0 0 0 0
20250514 0 0 0 0 0 0 0 0 0 0 0 0 0 0 0 0 0 NA 0 0 0 0 0
20250515 0 0 0 0 0 0 0 0 0 0 0 0 0 0 0 0 0 NA 0 0 0 0 0
