19811221 18.8 5 5 5 5 5 5 5 5 5 5 5 5 5 7.9 5.1 70.9 NA 5 5 5 5.6 5
19811222 20.6 5.1 5 5 5 5 5 5 5 5 5 5 5 5 7.8 5.1 70.2 NA 9.5 5 5 5.6 5
19811223 23.4 5.3 5 5 5 5 5 5 5 5 5 5 5 5 7.9 5.1 72.4 NA 14.1 5 5 5.7 5
19811224 25.3 5.4 5 5 5 5 5 5 5 5 5 5 5 5 7.8 5.1 71.7 NA 18.6 5 5 5.7 5
19811225 28.1 5.6 5 5 5 5 5 5 5 5 5 5 5 5 7.8 5.1 71.1 NA 25.4 5 5 5.8 5
19811226 30 5.7 5 5 5 5 5 5 5 5 5 5 5 5 7.8 5.1 70.4 NA 29.9 5 5 5.8 5
19811227 31.8 5.8 5 5 5 5 5 5 5 5 5 5 5 5 7.7 5.1 72.6 NA 34.4 5 5 5.8 5
19811228 34.7 6 5 5 5 5 5 5 5 5 5 5 5 5 7.7 5.1 72 NA 39 5 5 5.9 5
19811229 36.5 6.1 5 5 5 5 5 5 5 5 5 5 5 5 7.7 5.1 71.3 NA 43.5 5 5 5.9 5
19811230 36.4 6 5 5 5 5 5 5 5 5 5 5 5 8.6 8.4 5.3 71 NA 40.7 5 5 9.8 5
19811231 36 5.8 5 5 5 5 5 5 5 5 5 5 5 12.2 9.1 5.4 70.4 NA 39.4 5 5 12.4 5
19820101 36 5.7 5 5 5 5 5 5 5 5 5 5 5 15.8 9.9 5.6 70.1 NA 37.5 5 5 16.3 5
19820102 35.7 5.6 5 5 5 5 5 5 5 5 5 5 5 18.2 10.4 5.7 69.7 NA 34.8 5 5 18.9 5
19820103 35.3 5.5 5 5 5 5 5 5 5 5 5 5 5 21.8 11.1 5.9 69.1 NA 33.4 5 5 22.8 5
19820104 35.2 5.3 5 5 5 5 5 5 5 5 5 5 5 25.4 11.9 6 68.8 NA 30.6 5 5 25.4 5
19820105 45.3 20 7.3 7.1 5.7 6 6.4 5 5 5.3 13.3 5 5.5 25.4 14.6 7.1 72.7 NA 40 20 19.7 28.8 5
19820106 52.3 29.7 9 8.5 6.2 6.6 7.4 5 5 5.4 21.5 5 5.9 25.3 17.4 7.8 76.6 NA 46.4 30 29.5 31.5 5
19820107 62.4 44.4 11.3 10.7 7 7.6 8.8 5 5 5.7 29.8 5 6.4 25.3 20.2 8.9 80.5 NA 55.7 45 44.2 34.9 5
19820108 69.5 54.4 12.8 12.5 7.6 8.3 9.8 5 5 5.9 38.2 5 6.9 25.8 23 9.7 85.3 NA 63.4 58.6 54.8 37 5
19820109 79.6 69 15.1 14.6 8.3 9.2 11.2 5 5 6.2 46.5 5 7.4 25.7 25.8 10.8 89.2 NA 72.8 73.6 69.5 40.4 5
19820110 86.6 78.8 16.8 16 8.8 9.9 12.2 5 5 6.3 54.7 5 7.8 25.7 28.6 11.5 93.1 NA 79.2 83.6 79.3 43.2 5
19820111 96.7 93.4 19.1 18.1 9.5 10.9 13.6 5 5 6.6 63 5 8.3 25.7 31.3 12.5 97 NA 88.5 98.6 94.1 46.6 5
19820112 96.8 93.7 31.8 31 17 14.5 19.8 13.1 8.5 10 68.1 5.2 22.8 30 32.9 15.8 95 NA 90.1 98.6 94.3 48.9 5.8
19820113 96.8 93.9 40.1 39.6 22.7 16.9 24.7 18.4 10.9 12.2 72.1 8.7 32.4 32.9 33.9 17.9 92.1 NA 91 98.6 94.5 50.7 8.1
19820114 96.8 94.2 52.8 52.5 30.2 20.5 30.9 26.5 14.4 15.6 77.2 8.9 46.9 37.3 35.5 21.2 90.1 NA 92.6 98.6 94.8 53.1 9
19820115 99.9 99.2 64.9 63.1 35.4 22.9 35.8 31.8 16.8 17.9 82.4 12.5 57.8 40.7 37.2 23.3 87.2 NA 93.8 100 98.5 55.8 11.2
19820116 100 99.5 77.6 75.9 42.9 26.5 42 39.9 20.3 21.3 87.5 12.7 72.3 45.1 38.7 26.5 85.2 NA 95.4 100 98.8 58.2 12.1
19820117 100 99.7 85.9 84.5 48.6 28.9 46.9 45.3 22.7 23.5 91.5 16.3 81.9 48 39.8 28.7 82.3 NA 96.3 100 99 60 14.4
19820118 100 99.9 98.6 97.4 56 32.5 53.2 53.3 26.2 26.9 96.6 16.5 96.4 52.4 41.3 31.9 80.3 NA 97.9 100 99.2 62.3 15.2
19820119 100 99.9 98.6 97.4 54.9 33.1 52.9 50.9 24.1 27.5 96.6 24.9 95.4 50.8 40.7 29.9 85.1 NA 97.7 100 99.2 65.2 19.2
19820120 100 99.9 98.6 97.4 54.3 34.1 53.1 50.2 23.1 28.6 96.6 34 94.6 49.7 40.2 28.2 85.2 NA 97.6 100 99.2 67.7 21.7
19820121 100 99.9 98.6 97.4 53.2 34.7 52.8 47.8 21 29.3 96.6 42.4 93.5 48.1 39.6 26.2 90 NA 97.4 100 99.2 70.5 25.7
19820122 99.4 98.2 95 95.3 54 35.1 52.1 45.8 19.4 29.4 95.2 51.6 93.6 46.5 38.9 24.8 90 NA 97 100 100 72.8 28.5
19820123 99.4 98.2 95 95.3 52.8 35.7 51.9 43.3 17.2 30.1 95.2 60 92.5 44.9 38.2 22.8 94.8 NA 96.9 100 100 75.6 32.5
19820124 99.3 98.2 95 95.3 52.3 36.8 52 42.7 16.3 31.1 95.2 69.1 91.8 43.8 37.7 21.1 94.9 NA 96.7 100 100 78.1 35.1
19820125 99.3 98.2 95 95.3 51.1 37.4 51.8 40.3 14.1 31.8 95.2 77.5 90.7 42.2 37.1 19.1 99.7 NA 96.5 100 100 81 39
19820126 99.3 98.2 95 95.3 51 38.5 54.2 40.5 15 32.8 95.2 73.6 88.2 48.1 39.4 20 99.5 NA 96.7 100 100 81.6 37.3
19820127 99.4 98.2 95 95.3 50.3 39.6 56.4 40.2 16.7 34 95.2 67.5 85.6 56.9 42.6 20.7 99.3 NA 96.9 100 100 82.8 35.4
19820128 99.4 98.2 95 95.3 49.5 40.7 58.5 40.3 17.6 34.9 95.2 63.6 81.8 62.7 44.9 21.3 99.1 NA 97 100 100 83.3 32.9
19820129 99.6 98.4 95.1 96.4 49.2 42.4 61.2 40.9 18.9 36.2 97 57.4 80.5 69.1 47.4 22.1 98.9 NA 97.7 100 100 84.8 31.7
19820130 98.8 98.4 95.1 96.4 48.8 43.5 62.6 40.1 19.5 36.6 97 51.6 78 75 49.3 22.7 98.6 NA 97.8 100 100 85.3 29.6
19820131 98.8 98.4 95.1 96.4 48.2 44.6 65.5 40.4 21 38.1 97 45.5 75.4 83.8 52.4 23.5 98.5 NA 98 100 100 86.4 27.7
19820201 98.8 98.4 95.1 96.4 47.3 45.8 66.9 39.8 22 38.7 97 41.6 71.6 89.6 54.8 24 98.2 NA 98.1 100 100 87.1 25.2
19820202 98.8 98.4 95.1 96.4 46.3 46.2 69.3 40.1 22.9 39.7 97 35.4 69.1 95.5 57.1 24.6 98 NA 98.3 100 100 87.7 23.3
19820203 98.8 98.4 95.1 96.4 48.7 42.9 72.6 41.2 24.6 45.5 97 38.5 71.3 95.5 63.5 29.7 98.3 NA 98.3 100 100 86.7 24.3
19820204 98.8 98.4 95.1 96.4 50.4 41.3 75.2 41.9 25.6 49.4 97 39 72.7 95.4 67.7 33.1 98.5 NA 97.3 100 100 86.3 24.9
19820205 98.8 98.4 95.1 96.4 52.9 38.1 78.5 43.1 27.3 55.3 97 42 74.9 95.4 74.1 38.1 98.8 NA 97.3 100 100 85.3 25.9
19820206 100 98.5 97.8 99.1 54.6 36.4 81 43.8 28.4 59 97.4 44.8 76.8 92.6 78.4 41.6 99.2 NA 96.6 100 100 84.7 26
19820207 100 98.5 97.8 99.1 57 33.2 84.3 45 30 64.9 97.4 47.9 79 92.6 84.8 46.6 99.5 NA 96.6 100 100 83.7 27
19820208 100 98.5 97.8 99.1 58.7 31.6 86.9 45.7 31.1 68.8 97.4 48.4 80.4 92.4 89 50.1 99.7 NA 95.6 100 100 83.3 27.5
19820209 100 98.5 97.8 99.1 61.1 28.3 90.2 46.9 32.7 74.7 97.4 51.4 82.6 92.4 95.4 55.1 100 NA 95.6 100 100 82.3 28.5
19820210 100 98.5 97.8 99.1 62.9 33.6 88.2 45.1 31.2 71.1 97.4 46.3 80.5 90.6 95.2 55.6 99.6 NA 95.6 100 100 84.1 26.1
19820211 100 98.5 97.8 99.1 64.5 40.7 86.9 44.1 30.4 68.1 97.4 41.1 79.3 89.4 95.1 56.6 99.3 NA 96.5 100 100 85.9 23.9
19820212 100 98.4 97.8 99.1 66.3 45.9 84.2 40.6 27.3 62.6 97.3 33.4 77.2 87.6 94.8 56.4 98.9 NA 96.5 100 99.9 87.7 20.7
19820213 100 98.5 99.6 99.1 68.4 52.2 83.9 38.8 25.8 59.9 98.3 28.2 75.4 87.7 94.8 57.3 98.7 NA 97 100 100 89.8 18.5
19820214 99 98.1 99.2 99 69.1 56.3 81.9 37.1 24.3 56.2 98.2 23.1 72.9 85.7 92.5 57 98.4 NA 96.6 100 100 90.4 15.8
19820215 99 98.1 99.2 99 71.5 63.6 80 36.1 23.5 52.8 98.1 17.9 71.7 84.5 92.3 58.1 98 NA 97.6 100 100 92.3 13.5
19820216 99 98 99.2 99 72.4 68.7 78 32.6 20.4 47.7 98.1 10.2 69.5 82.7 92.1 57.8 97.7 NA 97.6 99.9 99.9 94 10.4
19820217 99 98 99.2 99 74.3 73.9 76 30.8 18.9 44.1 98 5 67.4 80.7 91.8 58.3 97.3 NA 97.6 99.9 99.9 95.9 8
19820218 98.9 98 99.2 99 75.4 72.5 75.8 27.5 18.8 43.5 98 5.3 68.1 81.1 90 54.1 97.6 NA 97.1 99.9 99.9 94.7 8.8
19820219 98.9 98 99.2 99 76.2 70.6 75.6 24.2 18.8 42.1 97.7 5.7 69 82.1 87.8 49.5 97.8 NA 96.7 100 99.8 93.5 9.7
19820220 99.8 98.1 99.2 99.1 77.4 69.2 75.5 20.8 18.8 42.7 99 6.1 71 82.8 88 45.6 98.1 NA 96.7 100 99.8 92.8 10.9
19820221 99.6 98.1 95.5 95.8 76 65.8 74.4 17.5 18.7 41.3 98.7 6.5 71.2 81.3 85.8 40.1 98.3 NA 96.3 100 99.8 91 11.3
19820222 99.6 98 95.5 95.8 76.7 63.8 74.2 14.1 18.7 40.7 98.6 6.8 72.1 82.4 83.9 36.1 98.6 NA 95.8 100 99.7 89.8 12.2
19820223 99.5 98 95.5 95.8 77.9 62.4 74.1 10.8 18.7 39.2 98.4 7.1 72.8 82.7 81.8 31.3 98.7 NA 95.4 100 99.7 88.7 13
19820224 99.6 97.8 95.1 95.2 76.9 60.4 75.9 11.7 18.1 41.1 98.5 10.8 74.1 83 82.6 36.3 98.1 NA 95 100 99.7 89.3 14.1
19820225 99.6 97.7 94.7 94.7 76.1 59.7 77.4 12.5 17.6 44.4 98.8 14.5 75.3 81.6 83.8 43.6 97.1 NA 94.5 100 99.8 89.7 15.2
19820226 99.7 97.5 94.4 94.1 75.1 57.3 79.1 13.1 16.4 46.2 98.9 14.3 76.2 81.9 84.4 48.4 96.4 NA 93.7 100 99.8 90.2 14.9
19820227 99.8 98.3 95 96.1 76.3 56.5 81.6 14.3 16.1 48.7 99.2 18.1 78.3 81.5 88.2 55.7 95.8 NA 93.4 100 99.8 91.8 16
19820228 98.3 98.1 94.4 95.3 73.8 54.4 83.3 15.1 15.4 49.8 98.4 21.7 78.7 81.3 88.4 60.2 94.7 NA 92.8 100 99.9 92 17.1
19820301 98.3 97.9 94 94.7 73.2 53.3 84.8 16 14.9 52.4 98.5 25.3 80.1 79.7 89.2 65.7 94.1 NA 92.4 100 99.9 92.7 18
19820302 98.4 97.7 93.6 94.1 71.9 51.3 86.5 16.6 13.7 54.9 98.8 25.2 80.8 80.1 90.2 72.2 93.1 NA 91.6 100 100 92.9 17.9
19820303 98.4 97.5 93.3 93.5 70.9 49.3 87.6 17.4 13.2 56.7 98.9 28.9 82.1 78.2 90.9 77.2 92.5 NA 91.2 100 100 93.4 18.8
19820304 98.4 97.8 93.6 94.1 75.2 56.3 87.9 17.4 12.5 56.9 98.3 29.4 84.9 79.8 91.8 78.6 92.9 NA 90.9 100 100 94.1 22.5
19820305 98.4 98 94 94.6 78.7 64 88.4 17.2 11.6 57.3 97.6 29.9 87.6 79.5 91.6 79.1 93.4 NA 90.7 100 100 94.1 26.2
19820306 98.6 98.5 96.2 95.9 83 71.1 88.8 17.4 11.2 57.5 97.3 30.4 90.4 81.1 93 81.1 94.4 NA 90.4 100 100 95.6 30
19820307 98.4 98.7 96.2 96.4 87.3 78.1 88.1 17.2 10.4 57.6 95.9 30.9 91.8 78.2 90.3 79.7 94.8 NA 89.8 100 100 95.9 33.4
19820308 98.4 98.9 96.6 96.9 90.7 85.7 88.6 17.1 9.6 58 95.2 31.4 94.5 79.8 91 80.9 95.4 NA 89.8 100 100 96.2 37.1
19820309 98.4 99.1 97 97.5 95.1 92.7 88.9 16.9 8.9 58.2 94.6 31.9 97.3 79.5 90.9 81.5 95.8 NA 89.3 100 100 96.5 40.9
19820310 98.4 95.3 95.2 96.5 89.1 89.6 83.9 15.2 8.3 53.4 94.5 27.4 91.4 71.5 86.6 76.8 95.5 NA 86.9 100 99.1 96.1 36.8
19820311 98.3 90.4 93 95.6 82.6 84.1 79.2 14.4 8 49 94.2 27.4 85.1 63.2 81.4 72 95.5 NA 84.5 100 98.3 95 33.3
19820312 98.3 85.8 90.2 93.9 73.9 80.3 70.9 12.7 7.5 41.8 92.9 22.9 76.5 50.7 74.5 65.6 95.2 NA 80.4 100 97.4 93.5 27.6
19820313 98.6 82 88.5 93.6 68.9 75 66 11 6.9 37 93 18.5 70.5 42.7 70 61.1 95.1 NA 78.8 100 96.6 93.2 23.5
19820314 98.5 75.8 83.8 92 62.7 71.5 60.7 9.3 6.4 31.9 92.5 14 64.2 34.4 64.7 55.3 94.8 NA 76.3 100 95.7 91.4 19.4
19820315 98.5 71.9 82 91.1 56.4 66 56.1 8.4 6.1 27.7 92.6 14 58.3 26.5 60.2 50.9 94.7 NA 73.9 100 94.9 90.9 16
19820316 98.4 66.3 78.8 89.4 47.4 62.2 47.7 6.7 5.6 20.3 90.9 9.5 49.3 13.6 52.6 44.1 94.5 NA 69.8 100 94 88.8 10.2
19820317 98.4 62.4 77.1 88.5 41.1 56.6 42.7 5 5 15.5 90.8 5 43.4 5.6 48.1 39 94.2 NA 67.4 100 93.2 88.2 6.1
19820318 96.9 64.5 76.6 88.4 39.9 51.2 46 5 5.3 19 86.3 5 39.9 9.1 47.7 38.8 90.8 NA 71.6 100 94 85.5 6.9
19820319 95.3 66.3 75.8 85.9 38 45.6 48.8 5 5.5 21.3 83.2 5 36.4 11.7 46.4 37.7 87.6 NA 75.8 100 95.7 83 7.3
19820320 93.8 68.4 75.6 85.9 36.8 41.2 54.1 5 5.8 24.8 78.8 5 33 15.3 47.2 38.3 84.5 NA 81.4 100 96.6 80.7 8.1
19820321 91.9 68 72.4 84.2 33.3 34.6 55.2 5 5.9 26.5 73.1 5 28.2 17.1 45 36.9 80 NA 85.3 100 97.4 77 8.6
19820322 90.4 69.9 71.6 82.2 31.6 29.2 58.6 5 6.1 30.3 70.1 5 24.7 20.5 44.8 36.5 76.7 NA 89.5 100 99.1 75.1 9.4
19820323 88.8 71.9 71.1 81.6 30.2 23.6 61.4 5 6.4 32.4 65.5 5 21.2 23.2 43.4 35.5 73.4 NA 93.7 100 100 71.8 9.8
19820324 87.7 70.5 69.6 80.7 28 22.7 56.9 5 6.1 29 67.4 5 26.9 20.6 40.4 33.7 73.8 NA 88.4 100 100 73.6 9.2
19820325 86.5 68.4 68.1 79.8 25.9 21.8 52.6 5 5.9 24 67.8 5 32.5 17.1 35.8 31.2 74.3 NA 83.1 100 100 75.4 8.2
19820326 86 67.5 67.7 82 25.1 22.2 49.7 5 5.8 20.8 71 5 38.2 15.4 33.7 30.3 75.5 NA 78.2 100 100 78.7 7.6
19820327 84.7 64.5 65.9 80.9 22.6 20.7 43 5 5.5 15.8 72.6 5 43.9 11.8 28.9 27.7 75.4 NA 71.5 100 100 79.9 6.6
19820328 83.6 62.5 64.6 80 20.5 19.8 38.7 5 5.3 12.5 73.2 5 49.5 9.2 25.6 25.5 75.9 NA 66.1 100 100 81.7 6
19820329 82.5 61 62.9 79 18.4 18.9 34.3 5 5 7.5 74.9 5 55.2 5.8 21.3 23.3 76.4 NA 60.8 100 100 83.6 5
19820330 81.6 56.2 59.1 78.3 17.7 18.9 32.2 5 5 8.1 72.2 5 52.9 6.6 22.7 24.5 74.7 NA 58.7 100 100 81.2 5
19820331 80.3 52.2 54.2 77.5 15.9 18 30.7 5 5 8.8 68.9 5 50.5 7.5 23.2 25.2 72.2 NA 56.8 99.9 99.7 78 5
19820401 79.4 47.3 50.4 75.7 15.3 17.9 28.1 5 5 9.4 64.2 5 47.2 8.3 24.5 26 70.5 NA 54.6 99.9 99.7 74.7 5
19820402 78.5 42.5 46.6 76 14.3 17.3 26.6 5 5 10.3 61.6 5 44.9 9.6 27 27.6 68.8 NA 53.1 99.8 99.4 72.4 5
19820403 77 35.2 39.6 74.3 12.8 17.2 24.5 5 5 10.8 57.8 5 41.8 10.3 27.3 28.2 66.3 NA 50.5 99.7 99.4 69.2 5
19820404 76.3 31.1 35.8 73.5 11.9 16.4 22.4 5 5 11.5 55.2 5 39.5 11.1 28.9 29.2 64.6 NA 48.4 99.7 99.1 66.7 5
19820405 74.7 26.3 30.9 71.6 10.4 16.3 20.5 5 5 12.1 49.7 5 36.1 12 29.1 29.7 62.1 NA 46.4 99.6 99.1 62.7 5
19820406 73.8 21.5 27.1 70.8 9.4 15.5 18.4 5 5 12.7 47.1 5 33.8 12.8 30.5 30.5 60.5 NA 44.3 99.6 98.8 60.2 5
19820407 72.1 18.9 24.7 70.4 9.3 15.9 17.2 5 5 12 46.7 5 29 12 28.6 29.1 54.3 NA 38.3 96.5 98.8 62.2 5
19820408 71 17.1 22.1 69.8 9.4 16.5 16.4 5 5 11 45.6 5 25.8 11.1 25.5 27.2 50.3 NA 34.4 94.5 99.1 63.1 5
19820409 69.3 14.5 19.6 69.3 9.2 16.9 15.2 5 5 10.3 45.2 5 21 10.4 23.6 25.8 44.2 NA 28.4 91.4 99.1 65.1 5
19820410 68.1 11.9 17.2 67.8 9.4 17.2 14.4 5 5 9.3 44.5 5 17.8 9.3 20.6 24.2 37.2 NA 22.4 88.3 97.6 66.6 5
19820411 66.4 9.3 14.7 67.4 9.2 17.6 13.2 5 5 8.6 44.1 5 13 8.5 18.7 22.8 31.1 NA 16.4 85.3 97.6 68.6 5
19820412 65.3 7.6 12.1 66.8 9.3 18.2 12.5 5 5 7.5 43 5 9.8 7.6 15.6 20.9 27 NA 12.5 83.2 97.9 69.5 5
19820413 63.6 5 9.7 66.3 9.2 18.6 11.3 5 5 6.9 42.6 5 5 6.8 13.7 19.5 20.9 NA 6.5 80.1 97.9 71.5 5
19820414 55.7 5 8.9 58.8 8.8 17.5 10.4 5 5 6.6 43.2 5 5 6.9 13.6 18 18.2 NA 6.3 81.3 92.7 67.8 5
19820415 50.4 5 8.4 53.8 8.5 16.8 9.8 5 5 6.4 43.8 5 5 6.9 13.5 16.3 16.5 NA 6.1 82.1 88.4 64.7 5
19820416 42.5 5 7.6 46.3 8.1 15.7 8.9 5 5 6.1 44.4 5 5 6.9 13.4 14.8 13.8 NA 5.8 83.2 83.2 61 5
19820417 34.6 5 7.1 40.8 7.7 15 8.3 5 5 5.7 43.3 5 5 7 13.3 13.4 12.1 NA 5.7 84.4 77.6 57.7 5
19820418 26.7 5 6.3 33.3 7.3 13.9 7.4 5 5 5.5 44 5 5 7 13.2 11.9 9.4 NA 5.4 85.5 72.4 54 5
19820419 21.4 5 5.8 28.3 7.1 13.1 6.8 5 5 5.3 44.6 5 5 7 13 10.2 7.6 NA 5.3 86.3 68.1 51 5
19820420 13.5 5 5 20.7 6.7 12 5.9 5 5 5 45.2 5 5 7 12.9 8.7 5 NA 5 87.4 62.8 47.3 5
19820421 12.2 5 5 20.5 6.4 11.5 5.9 5 5 5 39.9 5 5 6.7 12.4 8.5 5 NA 5 86.9 67.5 46 5
19820422 10.8 5 5 20.3 6.1 11 5.8 5 5 5 34.2 5 5 6.4 11.8 8.3 5 NA 5 85.8 72.3 44.7 5
19820423 9.5 5 5 20.9 5.9 10.4 5.8 5 5 5 29 5 5 6.1 11.3 8.2 5 NA 5 85.7 79.2 44.3 5
19820424 7.7 5 5 20.7 5.5 9.9 5.8 5 5 5 23.3 5 5 5.6 10.6 7.8 5 NA 5 84.4 83.1 42.7 5
19820425 6.3 5 5 20.5 5.3 9.4 5.8 5 5 5 18 5 5 5.3 10 7.7 5 NA 5 83.3 87.9 41.5 5
19820426 5 5 5 20.3 5 8.8 5.8 5 5 5 12.3 5 5 5 9.5 7.4 5 NA 5 82.7 92.5 40.2 5
19820427 5 5 5 20 5 8.5 5.7 5 5 5 11.4 5 5 5 9.4 7.4 5 NA 5 77.1 88.6 38.7 5
19820428 5 5 5 19.7 5 8.2 5.6 5 5 5 10.8 5 5 5 9.2 7.4 5 NA 5 71.5 84.7 37.1 5
19820429 5 5 5 19.5 5 7.9 5.6 5 5 5 9.9 5 5 5 9.1 7.6 5 NA 5 65.8 84.4 35.6 5
19820430 5 5 5 19.2 5 7.5 5.5 5 5 5 9 5 5 5 9 7.6 5 NA 5 60.2 80.4 34 5
19820501 5 5 5 18.2 5 7.2 5.4 5 5 5 8.3 5 5 5 8.8 7.6 5 NA 5 51.5 77.1 32 5
19820502 5 5 5 17.9 5 6.9 5.3 5 5 5 7.4 5 5 5 8.7 7.6 5 NA 5 45.9 73.1 30.5 5
19820503 5 5 5 17.6 5 6.6 5.2 5 5 5 6.5 5 5 5 8.5 7.8 5 NA 5 40.2 72.8 28.9 5
19820504 5 5 5 17.4 5 6.2 5.1 5 5 5 5.9 5 5 5 8.4 7.8 5 NA 5 34.6 68.9 27.3 5
19820505 5 5 5 17.1 5 5.9 5 5 5 5 5 5 5 5 8.3 7.8 5 NA 5 29 65 25.8 5
19820506 5 5 5 16.9 5 5.7 5 5 5 5 5 5 5 5 7.9 7.3 5 NA 5 25 54.7 23.1 5
19820507 5 5 5 16.9 5 5.6 5 5 5 5 5 5 5 5 7.6 7.1 5 NA 5 22.3 48.8 21 5
19820508 5 5 5 16.6 5 5.5 5 5 5 5 5 5 5 5 7.2 6.5 5 NA 5 18.3 38.5 18.3 5
19820509 5 5 5 16.1 5 5.4 5 5 5 5 5 5 5 5 6.8 6.3 5 NA 5 15.7 31.5 15.8 5
19820510 5 5 5 15.8 5 5.2 5 5 5 5 5 5 5 5 6.3 5.8 5 NA 5 11.7 21.2 13 5
19820511 5 5 5 15.8 5 5.1 5 5 5 5 5 5 5 5 6 5.5 5 NA 5 9 15.3 11 5
19820512 5 5 5 15.5 5 5 5 5 5 5 5 5 5 5 5.6 5 5 NA 5 5 5 8.2 5
19820513 5 5 5 14.2 5 5 5 5 5 5 5 5 5 5 5.5 5 5 NA 5 5 5 7.6 5
19820514 5 5 5 12.6 5 5 5 5 5 5 5 5 5 5 5.4 5 5 NA 5 5 5 6.9 5
19820515 5 5 5 11.2 5 5 5 5 5 5 5 5 5 5 5.2 5 5 NA 5 5 5 6.3 5
19820516 5 5 5 9.7 5 5 5 5 5 5 5 5 5 5 5.1 5 5 NA 5 5 5 5.6 5
19820517 5 5 5 8.3 5 5 5 5 5 5 5 5 5 5 5 5 5 NA 5 5 5 5 5
