19931203 0 0 0 0 0 0 0 0 0 0 0 0 0 1.6 2.5 0.1 0 NA 0 0 0 0 0
19931204 0 0 0 0 0 0 0 0 0 0 0 0 0 1.5 2.2 0 0 NA 0 0 0 0 0
19931205 0 0 0 0 0 0 0 0 0 0 0 0 0 1.3 2 0 0 NA 0 0 0 0 0
19931206 0 0 0 0 0 0 0 0 0 0 0 0 0 1.2 1.5 0 0 NA 0 0 0 0 0
19931207 0 0 0 0 0 0 0 0 0 0 0 0 0 1.1 2.2 0 0 NA 0 0 0 0 0
19931208 0 0 0 0 0 0 0 0 0 0 0 0 0 1.1 2.7 0 0 NA 0 0 0 0 0
19931209 0.1 0 0 0 0 0 0 0 0 0 0 0 0 1.5 2.8 0 0 NA 0 0 0 0 0
19931210 0.3 0 0 0 0 0 0 0 0 0 0 0 0 1.8 2.8 0 0 NA 0 0 0 0 0
19931211 0.7 0 0 0 0 0 0 0 0 0 0 0 0 1.8 2.8 0.1 0 NA 0 0 0 0 0
19931212 1 0 0 0 0 0 0 0 0 0 0 0 0 1.8 2.8 0.2 0 NA 0 0 0 0 0
19931213 1.4 0 0 0 0 0 0 0 0 0 0 0 0 1.8 2.7 0.4 0 NA 0 0 0 0 0
19931214 0.7 0 0 0 0 0 0 0 0 0 0 0 0 1.7 2.8 0.2 0 NA 0 0 0 0 0
19931215 0 0 0 0 0 0 0 0 0 0 0 0 0 1.5 2.9 0 0 NA 0 0 0 0 0
19931216 0 0 0 0 0 0 0 0 0 0 0 0 0 2 2.8 0 0 NA 0 0 0 0 0
19931217 0 0 0 0 0 0 0 0 0 0 0 0 0 2.4 2.6 0 0 NA 0 0 0 0 0
19931218 0 0 0 0 0 0 0 0 0 0 0 0 0 1.8 2.3 0 0 NA 0 0 0 0 0
19931219 0 0 0 0 0 0 0 0 0 0 0 0 0 1.2 1.8 0 0 NA 0 0 0 0 0
19931220 0 0 0 0 0 0 0 0 0 0 0 0 0 0.6 1.4 0 0 NA 0 0 0 0 0
19931221 0 0 0 0 0 0 0 0 0 0 0 0 0 1.2 1.8 0 0 NA 0 0 0 0 0
19931222 0 0 0 0 0 0 0 0 0 0 0 0 0 1.5 2.1 0 0 NA 0 0 0 0 0
19931223 6.5 0 0 0.1 0.1 0 1 0 0.1 0 1.5 0 0 1.4 2.9 0.1 6 NA 11.6 15.9 0.8 3.7 0
19931224 13 0 0 0.2 0.2 0 2 0.1 0.2 0 3 0 0 1.3 3.9 0.1 12 NA 23.1 31.8 1.5 7.3 0
19931225 16.6 0 0 0.3 0.3 0 2.5 0.1 0.3 0 3.8 0 0 1.3 4.6 0.1 15.2 NA 33.3 43.6 2.3 9.7 0
19931226 23.1 0 0.1 0.4 0.4 0 3.5 0.1 0.4 0.1 5.3 0 0 1.2 5.4 0.1 21.2 NA 44.9 59.4 3.1 13.4 0
19931227 29.6 0 0.1 0.5 0.5 0 4.5 0.2 0.5 0.1 6.8 0 0 1.1 6.2 0.2 27.2 NA 54.7 74.1 3.8 16.8 0
19931228 36.6 10 3.3 3.5 0.8 0 5.5 0.2 0.6 0.1 9.7 0 3.6 3.4 7.7 0.8 34.5 NA 59.2 77.5 8.9 19.3 0
19931229 51 30 7.7 6.6 1.3 0 6.1 0.3 0.6 0.2 15.6 0 10.8 7.2 9.5 0.8 48.4 NA 63.8 80.2 17.4 24 0
19931230 58.1 40 10.8 9.5 1.5 0 7.1 0.4 0.6 0.3 18.5 0 14.4 9.4 11 1.4 55.7 NA 68.3 83.6 22.4 26.4 0
19931231 67.9 50 14 12.7 2.7 0 8.1 0.4 0.7 0.4 21.9 0 18.9 11.8 13.3 1.4 64.5 NA 74.8 89.1 27.7 29.8 0
19940101 78.4 70 18.4 15.7 3 0 9.1 0.5 0.8 0.5 27.6 0 25.3 15.6 14.9 1.4 77.9 NA 80 93.1 36.5 34.3 0
19940102 89.5 80 21.6 18.9 3.5 0 9.6 0.6 0.8 0.5 30.7 0 29.8 17.8 16.5 2.6 85.9 NA 84 96.6 41.5 37 0
19940103 98.1 95 25.4 21.7 3.8 0 10.6 0.7 0.8 0.6 35 0 34.7 20.9 18.1 2.6 96 NA 88.8 99 48.2 40.4 0
19940104 99 89.2 16 19.8 12.8 0.1 10.5 0.9 1.8 0.9 38.6 0 39.6 19.1 16.7 4.5 96.4 NA 84.1 100 55.3 45.2 0
19940105 98.6 81.7 4.1 15.3 21.3 0.2 8.8 1.2 2.6 1.2 41.6 0 43.9 16.6 15.1 6.2 96.3 NA 74.9 99.9 60.2 49.1 0
19940106 98.8 89.2 13.9 21.1 17.4 0.3 10.7 2.3 2.8 1.6 44.8 2.1 38.3 16 17.2 7.1 97.2 NA 77.1 100 73.8 53.6 1.5
19940107 97.4 95.5 23.2 26 12.9 0.4 12 3 2.9 1.9 47.7 3.5 33.5 15.2 19.2 7.7 96.8 NA 76.1 99.5 81.5 56.8 2.5
19940108 97.4 95.5 30.8 23.3 21.4 3.7 11.7 4.4 3.2 4.3 52.3 2.1 39.1 15.7 18.8 7.5 96.8 NA 75.3 99.5 83.9 61.6 2.4
19940109 97.5 95.7 37.3 20.4 28.4 7.1 11.4 5.6 3.6 6.5 55.4 1.4 44.9 16.2 17.9 7.4 95.9 NA 76.1 100 86 65.4 2.4
19940110 97.5 95.7 45.7 18 37.3 10.9 11 7.1 3.9 9.2 59.8 0 49.1 16.8 17.1 7.2 95.9 NA 75.5 100 87.3 70 2.3
19940111 98 95.9 40.4 26 32.9 7.1 14.4 10.7 8.4 10.9 59.2 0 51.4 20.3 18.4 7.1 96.3 NA 78.1 100 90.1 68.7 2.9
19940112 97.9 95.8 34.7 34.4 27.8 2.9 16.2 13.7 12.4 12.1 58 0 53 22 19.3 6.9 96.3 NA 78.7 100 91.7 67.2 3.2
19940113 97.9 95.8 47.4 47.2 32 6 22.6 15.5 13.4 12.2 59.6 9.7 56.4 37.5 21.7 8.8 96.3 NA 82.1 100 92.8 73.4 6.5
19940114 97.9 95.8 60.1 60 36.8 8.1 29 17.2 14.4 12.3 61.5 19.4 58.1 52.9 24.2 11.1 96.3 NA 87.2 100 93.9 79.6 8.9
19940115 100 95.6 72.9 72.9 41.1 11.3 35.4 19 15.4 12.4 63.2 29.1 62.4 68.8 26.8 13 96.9 NA 90.6 100 97.3 86.1 12.2
19940116 100 95.6 85.6 85.7 45.4 13.4 41.2 20.7 16.4 12.2 64 38.8 64 84.2 29.2 15 96.9 NA 94 100 98.4 92.3 14.5
19940117 100 95.6 95 95.2 48.8 16.3 46.5 21.9 17.2 12.3 65.5 46.1 67.3 95.4 30.9 16.5 96.9 NA 97.4 100 99 96.4 17.3
19940118 100 95.8 93.9 87.9 43.3 13.9 43.6 20.3 14.1 11.1 60.1 42.1 76.1 93.6 33.1 18.3 99.9 NA 96.7 100 99 92.7 18
19940119 100 95.2 93 83 38.4 10.9 40.3 18.5 10.6 9.7 54.5 39 82.7 92.2 34.7 19.8 99.9 NA 95.8 100 98.9 89.6 17.3
19940120 100 98.6 93.9 87.9 44 8.8 56.1 26.6 16.5 12.9 66.3 37.8 77.5 93.8 52 21.5 100 NA 96.8 100 98.9 92.8 14.9
19940121 99.9 98.7 95 95.2 50.3 6 70.9 33.9 21.7 15.8 75.5 35.6 70.9 95.6 67.5 23.1 100 NA 97.6 100 98.9 96.5 11
19940122 99.9 98.7 95 95.2 48.1 12.6 70.3 28.4 17.1 13.2 78.5 31.9 69.5 95.1 66 24.1 100 NA 97.6 100 98.9 96.5 10.5
19940123 99.9 98.6 95 95.5 46.2 19.2 70.3 23.9 13.4 11.2 81.6 28.8 69.1 95 65 25.2 100 NA 97.7 100 99.1 96.6 10.1
19940124 99.9 98.6 95 95.5 44.5 26.8 70 19.3 10 9.4 85.1 25.9 68 93.8 63.1 26.3 100 NA 97.7 100 99.1 96.6 10
19940125 99.7 99.9 95.1 95.9 53.6 41.3 55.7 30 21.4 19.7 91 21.8 79.6 95 58.6 30.7 100 NA 80.1 100 100 98.1 18.3
19940126 99.4 99.9 95.1 95.9 60.7 55 38.6 40 32.1 28.7 96 16.2 89.3 95 51.9 33.8 100 NA 60.2 100 100 98.1 25.2
19940127 99.7 99.9 95.2 96 50.9 63.1 44.7 38.8 29.3 26.7 86.9 14.8 77.6 90.3 50.3 38.3 100 NA 63.2 100 100 98.3 23.4
19940128 99.9 99.3 94.8 94.3 38.8 64.9 47.9 34.4 23.6 23 75.9 13.3 63.5 86.3 46.7 41.6 100 NA 65.6 100 100 97.5 20.9
19940129 99.9 99.3 94.8 94.4 56.4 68.4 58.9 34.2 25.6 28 82.7 24.8 70.1 90.6 62.4 47.9 100 NA 76 100 100 97.5 27
19940130 99.7 98.4 95.1 96 74.1 71.8 69.3 35.8 29.3 34 89.7 35.6 74.3 92.5 77.7 54.6 100 NA 86.3 100 99.9 96.9 32.6
19940131 99.7 98.4 95.1 96 94.3 73.9 81.8 37.2 32.9 40.4 97.4 49.1 80.8 95.7 95.6 62.2 100 NA 98.2 100 99.9 96.9 39.2
19940201 100 98.8 95.3 96.1 94.6 82.5 88.2 46.2 30.4 43.3 97.7 70 86.4 95.8 95.9 75.2 100 NA 98.9 100 100 97.8 44.6
19940202 100 98.7 95.2 95.9 94.5 90.7 93.4 53.2 27 45.7 97.5 88.8 91.2 95.4 95.8 85.4 100 NA 98.9 100 100 97.8 49.1
19940203 99.9 98.1 94.9 97.9 93 85.2 92.5 46.9 18.8 34.8 97.1 49.1 90 95.9 95.8 83.1 100 NA 97.8 100 100 99.4 39.5
19940204 99.9 96.4 93.8 97.9 89.7 77.3 90.3 38.5 10.5 24.8 95 7 88 95.9 95.6 81.8 100 NA 96.1 100 100 98.7 28.7
19940205 99.9 98.1 94.9 97.9 92.3 76.8 90.8 47.4 19.6 35.5 97 30.4 90.5 95.9 95.8 86.2 100 NA 97.7 100 100 99.4 43
19940206 99.9 97.9 94.7 97.2 92.1 71.8 89.2 52.6 28.2 43.3 95.8 55.9 93.9 95.9 95.9 90.1 100 NA 97.7 100 100 97.9 58.9
19940207 100 98.7 95.2 97.2 93.5 70.4 88.8 59.9 38.4 53 97.3 83.3 96.8 95.9 96 95.2 100 NA 98.5 100 100 98.2 73.4
19940208 100 98.9 99.9 100 95 84.5 96.2 61 39.9 56.9 100 44.1 92.2 98.9 97.3 95.5 100 NA 100 100 100 99.5 42.9
19940209 100 98.9 99.9 100 95.6 97.2 99.5 61.4 39.6 58.4 100 0.9 85.4 98.9 97.2 95.5 100 NA 100 100 100 99.5 9.3
19940210 100 99 99.9 100 96 98.1 99.6 70.4 60.2 70.4 100 12.6 92.2 98.9 97.3 96.1 100 NA 100 100 100 99.6 36.9
19940211 99.8 98.8 95.3 96.3 95.4 95.5 95.3 77.1 76.9 76.7 97.3 23.1 97.8 95.6 95.7 96.1 100 NA 98.4 100 100 98.4 62.8
19940212 99.8 98.8 95.3 96.3 95.4 95.5 95.3 81 82.6 82.2 97.3 28.6 90.6 95.6 95.7 96.1 100 NA 98.4 100 100 98.4 52.6
19940213 100 98.9 95.4 96.4 95.5 95.4 95.3 81.4 83.8 86.2 98.8 34.5 82 95.8 96 95.7 100 NA 98.3 100 100 98.3 43.3
19940214 100 98.9 95.4 96.4 95.5 95.4 95.3 84.8 87.9 91.6 98.8 41.6 74.2 95.8 96 95.7 100 NA 98.3 100 100 98.3 33
19940215 100 98.9 94.5 95.6 92.9 94.9 95.4 64 70.7 75.6 98 26.6 86 95.3 95.8 95.2 100 NA 98.4 100 99.8 97 36.6
19940216 100 98.5 93.3 94.1 90.6 94.4 95.4 43.9 54.7 60 96.2 9.8 97.6 94.7 95.4 94.3 100 NA 98.3 100 99.6 95.7 36
19940217 100 95.7 92.8 92.9 90.5 94.6 92.6 42.9 49.6 55.8 94.7 10.6 93.2 93.2 94.4 92.3 100 NA 96.3 100 99.2 95.3 31.1
19940218 99.9 92 92 91.4 89.6 94.8 89.1 41.7 42.5 52.2 94.7 11.1 86.5 90.2 93.1 90.1 100 NA 93.7 100 98.9 94.9 23.6
19940219 99.9 88.6 91.6 90.1 88.9 94.9 85.6 39.2 33.9 48.3 95.2 12.4 79.8 87 91.6 87.1 100 NA 91.7 100 98.5 94.4 17.9
19940220 99.9 84.9 90.8 88.6 88.1 95.1 82.1 37.8 26.2 41.2 91.7 12 73 84 90.3 84.9 100 NA 89 100 98.3 94 11.3
19940221 99.9 82.2 90.2 87.6 86.9 95.3 79.4 36.8 20.3 38.5 92 13.2 66.3 80.9 89.1 81.8 100 NA 87.1 100 97.8 93.6 4.7
19940222 99.9 77.1 84.8 88.4 88.2 94.9 84.4 26.3 13.8 39.2 94.6 6.8 63.6 87.5 92.3 88.2 99.4 NA 92.3 100 99.1 95 3.3
19940223 100 72.4 78.3 88.7 89.9 94.5 89 15.5 4 35.2 95.2 0.3 58.6 92.8 94.7 94.1 98.4 NA 96.8 100 100 95.6 1.6
19940224 100 72 74.2 81.8 84.4 92.2 92.5 16.6 5.7 41.2 93 0.3 57.7 94.4 94.6 94.1 97.6 NA 97.5 100 100 97 1.5
19940225 100 68.5 69.8 75 75.7 87.1 95.7 14.7 4.6 45.8 89.6 0.2 56.2 95.1 94 93.3 91.9 NA 98.1 100 100 98.3 1.2
19940226 100 76.3 78.7 82.5 83.4 91.5 95.6 27.9 9.8 56 93.4 0.2 65.3 95.5 95.2 94.4 92.4 NA 98.1 100 100 98.3 7
19940227 100 85.1 86.5 89.1 87.5 91.4 95.4 38.4 13.4 63.1 94.9 0.9 72.3 95.6 95.3 94.5 93.5 NA 98.3 100 100 98.2 11.1
19940228 100 90.5 93 94.8 92.3 93.5 95.2 53 18.5 73.6 97.9 0.8 81.2 95.8 95.9 95.1 93.8 NA 98.3 100 100 98.2 16.9
19940301 100 95.9 93.5 95.6 94.3 94.9 99.4 58.4 45.6 84.1 98.5 0.8 89.7 96.6 95.8 95 96.1 NA 100 100 100 99.6 27
19940302 100 97.3 93.6 95.7 95.1 95.3 99.5 61.8 71.7 93.1 98.3 0 97.4 96.3 95.3 94.5 95.1 NA 100 100 100 99.5 38
19940303 100 92.7 89.6 86.7 95.6 94.5 99.4 59.4 80 94.5 98.5 0.6 87.1 96.1 95 94.1 95.9 NA 99.4 100 100 99.6 39.9
19940304 100 87.9 85.1 77.6 95.6 93.5 95.1 56.7 86.1 95.1 98.2 1.1 75.3 95.8 94.5 93.4 95.3 NA 98.2 100 100 99.4 40.5
19940305 100 84.1 87.1 84.7 95.7 94.3 95.3 58.1 83.5 89.9 98.2 0.8 77.5 96.3 95.1 92.5 96.9 NA 98.9 100 100 98.5 31.1
19940306 100 77.3 87.8 90.5 95.4 94.5 95.2 59.5 83.5 86.7 98.1 1.2 76.2 96.1 95.4 91.5 92.7 NA 98.6 100 100 96 23.1
19940307 100 73.2 89 95.8 95.5 95.1 95.3 60 77.6 79.7 98.1 0.9 76.4 96.3 95.8 90.5 93.4 NA 98.9 100 100 94.6 13.8
19940308 100 81.7 93.9 92.2 89.2 95.2 85.1 44.9 47.3 54.7 97.9 5.2 78.3 73.1 88.5 86.7 97.1 NA 98.6 100 100 96.5 12.4
19940309 100 86.7 94.4 85.1 82.9 95.2 75.7 29 16.4 29.4 96.6 5 79.2 47.5 78.9 80.9 95.9 NA 97.7 100 100 97 7.8
19940310 100 65.7 93.6 88.6 78.7 93.5 74.2 18.7 9.5 23.7 93.8 5 74 59.5 80.7 80.9 58 NA 92.1 100 100 97.1 5.9
19940311 100 37.9 88.2 89 73.2 89.4 71.7 4.6 0.6 15.9 90.7 0 68.6 65.4 79.1 78.6 10.5 NA 84.8 100 97.4 95.8 0
19940312 100 46.1 89.1 88.7 79.1 93.5 72.2 5.3 0.3 17.6 92.3 0 68.6 57.6 81.8 79.8 33 NA 89.3 100 97.4 95.9 0.3
19940313 100 49.5 88.4 87.2 81.5 93.1 73 7.4 0.3 20.5 94.7 0 71.6 44.3 82.4 80.6 54.1 NA 91.9 100 100 95 0.9
19940314 100 55.8 88.3 85.8 84.6 95.1 71.9 6.9 0.1 21.9 95.7 0 71.4 35.3 83.5 81.1 76.5 NA 95.7 100 100 94.7 1.2
19940315 100 51.8 79.8 85.6 77.8 95.2 76.5 3.5 0.3 16.3 91.1 0 71.4 28.4 71.7 79.6 82.8 NA 89.8 100 100 94.8 0.8
19940316 100 46.5 71.1 85.2 70 94.7 78.1 0 0.3 9.2 86.3 0 71.1 20.1 60.2 78.4 85.1 NA 79.3 100 97.1 94.4 0
19940317 99 47.4 70 84.9 62.9 92.9 71.6 0.4 0.6 16.2 91.6 0 60.5 25.9 61.3 79.9 80.7 NA 77.9 100 97.2 93.5 0.1
19940318 98 48.2 68.4 84.4 54.9 90.7 62.1 0.4 0.7 20.5 96.5 0 49.2 28 60.1 81.3 76.7 NA 74.6 100 97.1 92.4 0.2
19940319 98.8 42.8 68.7 84.9 53.1 88 70.6 0.4 0.4 20.9 95.3 0 54.9 26.4 66.1 84.8 75.5 NA 77.6 100 97.1 91.8 0.3
19940320 99.4 38.5 69.3 85.3 53.3 87 78.1 0 0.2 19.3 94.9 0 60 26.8 73 88.9 77 NA 83.3 100 95 91.2 0.3
19940321 100 30.7 68.8 85.3 48.9 83.6 85 0 0 18.7 93.3 0 65.7 23.6 77.7 91.8 74 NA 85.8 100 95 90 0.3
19940322 98.6 31.7 69 83.5 43 82.4 78.3 0 0 15 88.8 0 59.7 27 66.7 89.6 68.3 NA 81 100 95 89.9 0.2
19940323 92.7 29 68 82.1 34.9 80.9 71.8 0 0 10.4 83.6 0 52 28.1 53.7 86.5 58.4 NA 72.5 100 90 89.8 0
19940324 92.2 19.8 63.8 85.2 32.2 79.2 74 0 0 8 80.7 0 50.5 23.9 55.8 84.3 51 NA 67.4 100 95 86.9 0
19940325 91.5 8.1 59 88.5 28.4 77 76.1 0 0 4.8 76 0 49 18.6 56 82.1 42.1 NA 60.6 100 97.3 84 0
19940326 91.8 6.7 54.8 87.8 23.7 72.7 67.4 0 0 4 72.8 0 44.8 17.2 52.2 78.9 31.8 NA 65.9 100 96.8 83.2 0
19940327 91.6 2.3 48.1 86.7 17.6 66 59.6 0 0 2.7 70.2 0 37.5 16.5 45.7 75 21.8 NA 70.5 100 98.7 82.7 0
19940328 91.6 1.1 42 85.8 10.7 58.5 48.3 0 0 2.2 67.3 0 33.3 15.3 41.1 70.5 7.5 NA 74.5 100 97.9 80.8 0
19940329 89.2 0.6 40.1 84.5 12 64.6 52.2 0 0 4.2 66.2 0 37.8 12.5 42 70.7 24.1 NA 70.1 100 98.2 84.3 0
19940330 86.6 0.1 35.3 83 9 71 53.7 0 0 5.8 62.2 0 39.6 8.4 40.7 71.7 39.5 NA 61.7 100 98.5 88.1 0
19940331 87.5 0.3 33.9 83.6 11.8 66.2 47.2 0 0 5.2 62.6 0 50.2 13.3 39.4 73.7 36.1 NA 57.8 100 96.4 85.2 0
19940401 87.9 0.2 30.9 82.9 11 60.9 39.1 0 0 4.4 61 0 58.9 13.4 36 75.3 33.8 NA 52.4 100 90.2 81.5 0
19940402 76 0.2 31.5 81.7 9.9 55 37.7 0 0 3.2 58.5 0 58.8 14.6 34.2 73.3 26.1 NA 46 100 91.2 80.4 0
19940403 65.2 0 32.7 78.8 6.4 47.6 36.3 0 0 2.1 56.1 0 58.9 11.8 31.3 70.4 14.5 NA 40.6 100 92.7 77.7 0
19940404 54.9 0 33.2 76.8 5.3 42 34 0 0 0.8 53.4 0 58.1 13.2 29.7 67.9 4.9 NA 33.5 100 93.5 75.9 0
19940405 61 0 26.9 76.5 5 35 28.4 0 0 1.2 53.1 0 55.3 12.3 25.9 65.3 4.9 NA 31.1 87.1 97.9 76 0.3
19940406 65 0 20.2 75.2 4.5 29.4 22.9 0 0 1.5 50.9 0 51.9 11.4 21.6 62.1 0 NA 22.1 75.5 99 75.4 0.5
19940407 62.9 0 15.9 64.2 4.4 33.6 25.1 0 0 0.9 49.5 0 43.3 13.2 23.3 64.8 7.8 NA 15.9 84 99.1 74 0.3
19940408 59.2 0 11.6 53.9 4.3 33.7 25.9 0 0 0.4 47.1 0 34.8 13.1 24.8 67.2 13 NA 2.3 93.5 99.1 73.1 0
19940409 57.7 0 10.9 54.5 3.8 33.9 24.1 0 0 1.3 43.4 0 29.3 11.8 22.9 64.9 7.8 NA 1.2 95.9 94.5 73.9 0
19940410 53.9 0 10.7 58.5 3.2 32.4 24 0 0 2.1 40.5 0 21.7 10.1 21.4 64.2 5.2 NA 0.6 98 88 72.9 0
19940411 51.4 0 9.7 57.1 2.7 32.5 22.3 0 0 3.1 36.4 0 15.6 8.7 19.1 58.3 0 NA 0 100 80.9 72.8 0
19940412 52.5 0 11.3 52.4 2.7 29.8 17.1 0 0 1.8 32 0 21 9 18.7 58.2 0 NA 0 100 67.1 73 0
19940413 48 0 13 47.8 2.7 26.8 11.9 0 0 0.2 27.3 0 25.4 8.8 17.8 58.2 0 NA 0 95.3 50.1 72.6 0
19940414 38.8 0 10.7 52.1 2.4 25.6 11 0 0 0.2 31.2 0 23.9 6.3 16.9 61.3 0 NA 0 97.7 70.5 69.1 0
19940415 29.1 0 7.9 53.8 1.9 23.6 8.9 0 0 0.1 32.2 0 21.8 3 15.9 63.3 0 NA 0 95.4 87.9 63.9 0
19940416 21.9 0 5.5 45.6 1.5 18 5.7 0 0 0.2 23.5 0 17.9 1.8 12.7 47.7 0 NA 0 89.6 84 56.8 0
19940417 13.3 0 3.7 34.5 1.2 13.8 3.7 0 0 0.3 16.8 0 15.6 1.2 9.5 35.3 0 NA 0 79 78.9 49.9 0
19940418 5.9 0 1.3 26.3 0.9 7.9 0.5 0 0 0.4 8.5 0 11.8 0 6.2 19.4 0 NA 0 70.6 72.1 42.1 0
19940419 3.9 0 1 24.7 1.2 5.5 0.4 0 0 0.2 7 0 6.9 0 6.4 22 0 NA 0 74.1 70 38.3 0
19940420 0.7 0 0.5 21.6 1.4 2.8 0.2 0 0 0 5.3 0 2.2 0 6.4 22.8 0 NA 0 78.6 67.4 34 0
19940421 0.4 0 0.3 14.8 1.1 4.1 0.1 0 0 0 3.6 0 5.2 0 5.5 17.6 0 NA 0 55.9 66.7 32.1 0
19940422 0 0 0 4.8 0.5 5.2 0 0 0 0 1.6 0 7 0 4.4 11.1 0 NA 0 32.3 65.3 29.4 0
19940423 0 0 0 3.7 0.4 4.2 0 0 0 0 1.1 0 4.2 0 3.8 9.4 0 NA 0 30.3 66.5 23.3 0
19940424 0 0 0 3.4 0.2 3.3 0 0 0 0 0.6 0 2.8 0 3.2 8.1 0 NA 0 25 68.7 18.8 0
19940425 0 0 0 2.5 0.1 2.5 0 0 0 0 0.2 0 0 0 2.6 6.8 0 NA 0 23.9 69 13.8 0
19940426 0 0 0 2.3 0.1 2.3 0 0 0 0 0.2 0 0 0 2.5 7 0 NA 0 19.9 73.4 14.9 0
19940427 0 0 0 2 0 2.1 0 0 0 0 0 0 0 0 2.2 6.7 0 NA 0 11.6 75.8 15.1 0
19940428 0 0 0 1.8 0 4.3 0 0 0 0 0 0 0 0 2.4 8 0 NA 0 17.1 67.2 14.4 0
19940429 0 0 0 1.6 0 6.3 0 0 0 0 0 0 0 0 2.4 9 0 NA 0 25.1 58.9 12.7 0
19940430 0 0 0 1.3 0 4 0 0 0 0 0 0 0 0 2.4 8.1 0 NA 0 17.3 50.5 7.9 0
19940501 0 0 0 1.1 0 2.4 0 0 0 0 0 0 0 0 2.4 7.7 0 NA 0 10.4 45.4 4.3 0
19940502 0 0 0 0.8 0 0 0 0 0 0 0 0 0 0 2.4 6.8 0 NA 0 3 36.5 0.2 0
19940503 0 0 0 0.4 0 0 0 0 0 0 0 0 0 0 2.3 6.3 0 NA 0 4.3 46.5 0.2 0
19940504 0 0 0 0 0 0 0 0 0 0 0 0 0 0 2.2 5.5 0 NA 0 2.2 54.4 0.1 0
19940505 0 0 0 0 0 0 0 0 0 0 0 0 0 0 2 4.9 0 NA 0 2.2 46.5 0.1 0
19940506 0 0 0 0 0 0 0 0 0 0 0 0 0 0 1.6 3.7 0 NA 0 0 33.4 0 0
19940507 0 0 0 0 0 0 0 0 0 0 0 0 0 0 1.6 3.5 0 NA 0 0 31.2 0 0
19940508 0 0 0 0 0 0 0 0 0 0 0 0 0 0 1.6 2.8 0 NA 0 0 25.2 0 0
19940509 0 0 0 0 0 0 0 0 0 0 0 0 0 0 1.5 2.6 0 NA 0 0 22.6 0 0
19940510 0 0 0 0 0 0 0 0 0 0 0 0 0 0 1.5 2 0 NA 0 0 17.3 0 0
19940511 0 0 0 0 0 0 0 0 0 0 0 0 0 0 1.5 1.6 0 NA 0 0 14.2 0 0
19940512 0 0 0 0 0 0 0 0 0 0 0 0 0 0 1.2 1.3 0 NA 0 0 8.5 0 0
19940513 0 0 0 0 0 0 0 0 0 0 0 0 0 0 0.7 0.9 0 NA 0 0 3.3 0 0
