19941209 0 0 0 0 0 0 0 0 0 0 0 0 0 0 1.1 0 0 NA 0 0 0 0 0
19941210 0 0 0 0 0 0 0 0 0 0 0 0 0 0.1 1.4 0 0 NA 0 0 0 0.3 0
19941211 0 0 0 0 0 0 0 0 0 0 0 0 0 0.3 1.6 0 0 NA 0 0 0 0.4 0
19941212 0 0 0 0 0 0 0 0 0 0 0 0 0 0.4 1.9 0 0 NA 0 0 0 0.7 0
19941213 0.7 0 0 0 0 0 0 0 0 0 0 0 0 0.5 1.8 0 0 NA 0 0 0 1.4 0
19941214 1.3 0 0 0 0 0 0 0 0 0 0 0 0 0.6 1.8 0 0 NA 0 0 0 2 0
19941215 1.3 0 0 0 0 0 0 0 0 0 0 0 0.6 0.5 1.9 0 0 NA 0 0.7 0.1 2 0
19941216 1.2 0 0 0 0 0 0 0 0 0 0 0 1 0.5 2.1 0 0 NA 0 1.5 0.2 1.9 0
19941217 1.5 0 0 0 0 0 0 0 0 0 0 0 0.6 0.4 2.1 0 0 NA 0 1 0.1 1.7 0
19941218 1.8 0 0 0 0 0 0 0 0 0 0 0 0.4 0.3 2.3 0 0 NA 0 0.4 0.1 1.4 0
19941219 2.1 0 0 0 0 0 0 0 0 0 0 0 0 0.2 2.4 0 0 NA 0 0 0 1.3 0
19941220 1.7 0 0 0 0 0 0 0 0 0 0 0 0 0.4 2.2 0 0 NA 0 0 0 0.9 0
19941221 1.2 0 0 0 0 0 0 0 0 0 0 0 0 0.6 2 0 0 NA 0 0 0 0.2 0
19941222 0.7 0 0 0 0 0 0 0 0 0 0 0 0 0.8 2 0 0 NA 0 0 0 0.1 0
19941223 0.3 0 0 0 0 0 0 0 0 0 0 0 0 0.9 1.9 0 0 NA 0 0 0 0 0
19941224 0.6 0 0 0 0 0 0 0 0 0 0 0 0 0.8 1.9 0 0 NA 0 0 0 0 0
19941225 0.8 0 0 0 0 0 0 0 0 0 0 0 0 0.7 1.9 0 0 NA 0 0 0 0 0
19941226 1.1 0 0 0 0 0 0 0 0 0 0 0 0 0.5 2 0 0 NA 0 0 0 0 0
19941227 0.6 0 0 0 0 0 0 0 0 0 0 0 0 0.5 1.9 0 0 NA 0 0 0 0 0
19941228 0.1 0 0 0 0 0 0 0 0 0 0 0 0 0.3 1.8 0 0 NA 0 0 0 0 0
19941229 0.1 0 0 0 0 0 0 0 0 0 0 0 0 0.4 2.5 0 0 NA 0 0 0 0 0
19941230 0.1 0 0 0 0 0 0 0 0 0 0 0 0 0.5 3.2 0 0 NA 0 0 0 0 0
19941231 0.1 0 0 0 0 0 0 0 0 0 0 0 0 0.5 3.1 0 0 NA 0 0 0 0 0
19950101 0.1 0 0 0 0 0 0 0 0 0 0 0 0 0.4 3.1 0 0 NA 0 0 0 0 0
19950102 0.2 0 0 0 0 0 0 0 0 0 0 0 0 0.4 3 0 0 NA 0 0 0 0 0
19950103 8.8 0 0 0 0 0 0 0 0 0 0 0 0 0.9 3.4 0 0 NA 0 1.4 0 0.1 0
19950104 16.6 0 0 0 0.1 0 0 0 0 0 0 0 0 1.3 3.7 0 0 NA 0 2.8 0 0.2 0
19950105 31.3 29.2 5 7.1 5.5 5 5.8 5 5 5 5 5 5 8.3 9.3 5.1 40 NA 30.9 7.6 5.8 6.7 5
19950106 43 56.8 5 9 5.9 5 6.5 5 5 5.1 5 5 5 10.6 10.2 5.3 80 NA 56.2 7.6 6.6 8.1 5
19950107 43.2 62.1 5.5 8.9 5.9 5 6.1 5 5 5.1 5 5 5 12.2 10.6 5.3 85.9 NA 54.3 23.3 8.8 8.5 5
19950108 42 69.9 1 4.2 0.9 0 0.6 0 0 0.1 0 0 0 8.7 6.7 0.5 92.8 NA 47.8 34 7.4 4.3 0
19950109 41.6 73.5 1.3 4.2 0.9 0 0.2 0 0 0.1 0 0 0 9.7 7 0.5 95.7 NA 46.2 46.2 8.8 4.4 0
19950110 45.3 85.2 7.5 7.7 2.5 0.9 3.9 0 0 0.2 1.4 0 0 8.4 7.7 0.4 97.9 NA 51.3 70.2 10.7 12.5 0
19950111 47.7 93.3 13.6 10.2 3.9 1.8 7.6 0 0 0.3 2.8 0 0 6.8 8 0.3 96.6 NA 54.5 91.6 12.2 20.1 0
19950112 49.6 86.1 10.8 9.2 2.8 1.6 6.7 0 0 0.3 2.9 0 5.6 8 8.6 0.4 96.5 NA 55.7 95.4 13.1 17 0
19950113 50 76.8 6.6 7.3 1.6 1.3 5.1 0 0 0.3 2.7 0 9.4 9 8.8 0.4 96.2 NA 55.5 96.2 13.8 13.8 0
19950114 47.2 74.4 4.8 6.1 1.1 1.1 3.3 0 0 0.2 1.9 0 5.6 7.7 8.4 0.3 96.4 NA 48.9 91.3 10.8 11.5 0
19950115 44.1 71.2 3.8 5.4 0.6 0.8 2.2 0 0 0.1 0.8 0 3.7 6.5 8.2 0.3 96.8 NA 44.5 85.1 9.2 9.6 0
19950116 41.3 67.4 2 4.2 0.1 0.6 0.4 0 0 0.1 0.1 0 0 5.3 7.9 0.2 97 NA 37.3 79.4 6.5 7 0
19950117 39.6 55.5 1.1 4.7 0.4 0.3 0.3 0 0 0 0.1 0 0 7.1 8 0.1 77.6 NA 37.2 81.9 5.5 7.3 0
19950118 35.7 39.5 0 5.1 0.6 0 0.1 0 0 0 0 0 0 8.8 8 0 57.7 NA 37 83.7 3.3 6.4 0
19950119 48.9 32.8 0 4.2 1.1 0 0 0 0 0 3.4 0 0 7.6 7.9 0 52.5 NA 40 71.8 3.4 5.6 0
19950120 61.2 25.4 0 3.3 1.7 0 0 0 0 0.1 6.8 0 0 6.1 7.6 0 48.1 NA 41.9 57.5 3.4 4.3 0
19950121 62.5 29.1 0 3 1.2 0 0 0 0 0.1 4.7 0 0 7.5 8 0 51 NA 44 57.8 3.6 4.1 0
19950122 62.7 31.2 0 2.6 0.6 0 0 0 0 0.1 2.4 0 0 8.9 8.2 0 53.3 NA 46 58.7 3.4 3.7 0
19950123 63.6 34.3 0 2.3 0.1 0 0 0 0 0.1 0.2 0 0 10.7 8.6 0 55.6 NA 48.4 58.7 3.5 3.4 0
19950124 63.9 55.3 3.3 2.5 0 0 1.3 0 0 0 0.2 0 0 10.2 9.2 0.1 54.9 NA 53.2 71.3 4.5 4.6 0
19950125 63.2 74.7 6.7 2.8 0 0 2.5 0 0 0 0 0 0 9.3 9.6 0.2 54.5 NA 57.2 83.9 5.5 5.6 0
19950126 80.2 75.9 7.8 2.2 0.2 0 1.9 3.4 0 0.4 0.2 0 0 17.6 10.6 0.1 39 NA 61.4 91 7.4 16.3 0
19950127 95.3 74.7 8.4 1.7 0.5 0 1.3 6.4 0 0.9 0.4 0 0 24.8 11.3 0.1 24.9 NA 64.9 96.2 9.2 25.6 0
19950128 95.5 76.1 7.1 2.2 0.5 0.2 2 4.4 0 1.1 1 0 1.2 20.8 10.7 0.1 36 NA 60.1 91 10.1 27.8 0
19950129 95.6 78.7 5.8 3 0.6 0.5 2.7 2.8 0 1.1 1.5 0 2.9 17.7 10.2 0 51.2 NA 56.1 86.4 11.3 29.7 0
19950130 95.7 77.4 4.6 3.6 0.7 0.7 3.6 1.1 0 1.4 2.1 0 4.1 13.6 9.5 0 58.5 NA 51.5 81.5 12.2 31.9 0
19950131 95.7 71.5 8.3 2.6 0.5 1.5 3.7 1.3 0.2 1.1 2.1 0 5.9 12 9.1 0 64 NA 55.9 86.1 10 34.6 0
19950201 95.5 64.5 11.9 1.7 0.4 2.1 3.5 1.5 0.3 0.4 1.8 0 7.8 9 8.5 0 65.9 NA 58.9 89.4 6.2 36.5 0
19950202 90.6 59.4 13.8 6.3 0.7 1.5 4 1.8 0.7 1.3 4.4 0 4.9 9.1 10.9 0 78.7 NA 67.3 85.9 7.7 33 0
19950203 85.4 55.4 11.6 6.1 0.9 0.8 3.9 1.9 1.1 2.2 6.5 0 2.1 8.5 12.9 0.1 89.3 NA 73.4 81.3 9.3 28.5 0
19950204 89.6 66.9 12.2 7 1.5 0.9 9.3 2.1 1.1 1.6 6.2 0 3 8 12.3 0.1 92.8 NA 69.8 84.1 11.2 31.4 0
19950205 93.2 76.1 8.4 2.9 2 1 13.9 2.3 1.1 1.1 6.1 0 4.2 7.6 11.7 0.1 94 NA 67.6 86 12.6 33 0
19950206 96.2 83.7 8.3 3.6 2.5 1.1 19.9 2.4 1.1 0.4 5.6 0 5 6.9 11 0.2 95.9 NA 63.6 89 14.5 35 0
19950207 96.3 89.6 51.3 26.8 7.9 4.4 19.6 3.3 1 0.9 31.2 0.5 34.3 8.1 12.6 1.2 99.9 NA 80.3 95.4 41.6 53.8 4.5
19950208 96 94.4 89 44.6 12.4 7.5 18 4 0.9 1.3 54.1 0.9 62.2 9.1 13.8 2.2 99.9 NA 94.3 100 66 71 8
19950209 96.1 95.3 90.5 51.3 15 6.8 18.9 10.6 3 1.3 55.1 2.9 73 11.1 17.2 2 99.9 NA 97.2 100 58.2 65.5 8.6
19950210 95.3 94.4 92 58 17 5.9 19.3 16.6 4.8 1.2 55.1 4.2 80.5 12.5 20.2 1.5 99.9 NA 97.7 99.7 48.3 58.5 8.1
19950211 95.8 94.9 93.2 72.5 19.7 5.5 23.8 18.9 6 2.1 54.5 3 75.9 12.5 20.1 1.9 99.9 NA 97.3 99.7 49.7 58.1 8.4
19950212 97.2 98 94.4 85 21.9 5 28 21.1 7.3 2.7 54.6 2.4 74.6 12.8 20.1 2.2 100 NA 96.4 100 53.6 57.8 8.8
19950213 97.4 98.5 95.2 95.3 24.9 4.6 32.6 23.8 8.8 3.6 53 1.2 68.2 12.8 20 2.6 100 NA 95.5 100 55 57.2 8.9
19950214 98.6 98.3 95.2 94.7 29.5 4.6 39.6 19.8 6.6 2.8 57.3 0.7 68 11.1 18.1 2.5 100 NA 96.8 99.2 74.6 53.7 6.5
19950215 98.6 98 95 92.5 33.6 4.5 44.7 14.7 4 1.8 59.9 0 66.9 9 15.4 2.3 100 NA 97.3 98.5 91.2 48.7 3.9
19950216 99.3 96.5 93.5 89.6 29.3 8.4 41.3 18.4 4.7 4.4 59.4 0 63.9 18.3 18.1 2.2 100 NA 97.2 99.2 92.1 43.3 3.4
19950217 99.3 94.6 91.6 84.9 23.9 12.4 35.9 21.2 5.1 6.2 57.6 0 58.8 26.6 20.2 2 100 NA 96.5 100 92.7 37.5 2.6
19950218 98.9 96.2 92.9 89.5 21.4 11 36.1 16.8 3.8 5.2 53.2 0 60.5 26.5 18.7 2.3 100 NA 94.2 100 93.9 37.9 2
19950219 96.3 96.8 93.8 92.4 19.4 9.8 36.2 13.1 2.7 4.3 49.7 0 64.6 26.5 17.5 2.6 100 NA 93.9 100 95 38.4 1.6
19950220 95.5 98.2 94.4 95.6 17.1 8.2 35.5 9.6 1.7 3.3 44.9 0 65.5 26.4 16.1 3 100 NA 89.1 100 95.7 39.1 1
19950221 88.2 83.4 92 90.2 9.6 7.3 20.9 6.1 1.7 2.2 45.6 0 62 19.3 13.6 2.6 92.8 NA 78 100 98.5 43.4 0.5
19950222 79 68.4 85.3 82 1.5 5.7 5.5 2.3 1.7 0.5 43.7 0 56.8 11.2 10.6 2.1 86.3 NA 63.8 100 99 45 0
19950223 73.9 66.4 76.2 84.6 3.3 6.9 8.9 2.6 1.2 0.7 47.4 0 52.2 15.3 11.7 2.9 85.5 NA 68.1 100 98.1 49 0
19950224 69.7 63 64.3 84.4 5 7 12.1 2.9 0.7 0.9 49.8 0 46.6 18.4 12.3 3.5 85.1 NA 69.3 100 94.6 50.2 0
19950225 79.2 57.5 59.8 82.6 7.7 9.6 12.7 4.2 0.5 1.2 55.4 0 50.2 18.1 13.7 5.6 84.9 NA 73.3 100 95.5 57.5 0
19950226 86.5 53 54.6 80.3 10.4 11.7 13.3 6.2 0.3 1.5 61.4 0 52.8 18.2 14.2 7.1 84 NA 75.9 100 98.3 62 0
19950227 92.9 46.5 50.6 78.7 13 14.3 13.7 7.5 0.1 1.7 67.3 0 56 18.1 15.7 9.2 82.2 NA 79.9 100 99 68.6 0.1
19950228 93 60.9 73.1 84.7 15.6 14.4 33.4 5.5 0.4 6.6 60.3 0 57.1 57.6 28.2 13.1 82.7 NA 90 100 99.3 79.3 1.8
19950301 93 74.7 93 89.2 17.4 14.2 50.5 3.3 0.6 9.8 52 0 56.4 93 39.3 16 80.4 NA 97.9 100 99.2 88.5 3.4
19950302 91.8 71.6 89.4 87.2 17.2 10.2 35.7 7.4 1 6 50.2 0 57.8 83.4 38.2 19.5 87.1 NA 95.2 100 98.9 89.9 2.7
19950303 88.3 67 85.9 85.6 16.9 6 20.1 9.6 1.3 0.5 46.5 0 56.5 75.5 36.7 21.6 93.7 NA 91.2 100 97.8 91.7 1.8
19950304 90.5 68.1 86.3 88 15.1 6.6 31.1 9.3 1.4 0.7 49.1 0 62.2 67.8 30.4 19.5 88.8 NA 89.4 100 98.9 85.7 2.6
19950305 88.7 68.3 87.6 90.2 13.9 7.2 40.5 11.7 1.6 1 52.5 0 68 59 24.8 19 88.8 NA 89.4 100 98.4 79.9 3.2
19950306 88.8 68.5 88.5 92 13 7.9 51.8 11.4 1.8 1.5 54.6 0 72.9 48.8 18.7 16.9 78.9 NA 86 100 99 71.9 4
19950307 93.3 57.2 83.8 86.8 10.1 8.3 42.7 9.1 0.9 1.2 51.2 0 64.6 49.5 18.6 13 68.8 NA 90.6 100 95.4 75.7 2
19950308 97.8 44.7 78.9 80.9 5.4 8.3 30.5 6.8 0 0.6 45.9 0 54.8 46.3 17.2 8.8 59.9 NA 94.9 100 91.3 77.5 0.1
19950309 98 51 75.8 74.5 30.2 22.6 32.1 3.7 0 9.8 65.7 0 47 70.3 30.1 21.2 67.3 NA 94.3 100 95.4 84.8 0.2
19950310 97.8 56.1 71.1 67.3 52.9 36.3 33.1 0.5 0 18.7 82.1 0 39 93.4 41.6 32.7 72.5 NA 91.9 100 98.9 89.9 0.3
19950311 93.9 51.2 71.9 69.9 41.2 28.9 35.9 0.3 0 12.2 72.5 0 34.2 80.8 35.3 30.1 69.8 NA 87.5 100 92.8 87.9 0.2
19950312 91.9 46.2 72.4 72.6 32.2 22.7 39.4 0.2 0 6.9 62.5 0 28.4 71.3 30.2 28.4 70.4 NA 82.3 100 88.6 85.9 0.1
19950313 85.9 37.5 71.5 74.4 20.5 15.3 41.9 0 0 1.1 52.8 0 24.1 54 23 25.6 64.2 NA 75.6 100 81.8 83.9 0
19950314 68.8 35.4 68 75.4 20.4 8.9 33.2 0 0 1 52.6 0 22.5 57.6 22.2 17 55.4 NA 68.6 99.7 80.3 78.8 0
19950315 53.8 34.8 62.5 76.1 18.5 1.4 21.9 0 0 0.9 50.4 0 18.3 57.9 20 9 48.5 NA 62.3 99.3 78.9 70.7 0
19950316 67.5 34.1 57.5 74.3 18.9 3.4 23.9 0 0 0.9 49.7 0 28.5 61.9 22.3 13.4 59.7 NA 58.9 99.7 79.2 72.1 0
19950317 81.5 32.2 50.3 72.6 17.8 4.8 24.1 0 0 0.8 47 0 36 64.3 23.6 16.9 69.4 NA 53.2 97 75.5 71.2 0
19950318 81.3 24.6 44.3 71.9 18.6 5.7 17.7 0 0 1.4 48 0 30.5 59 20.1 13.2 53.1 NA 49.3 97 74.5 68.7 0
19950319 79.2 15.3 38.3 69.9 18.6 6.6 13.3 0 0 1.5 47.9 0 27.2 53.4 17.6 8.4 35.1 NA 43.2 98.2 74.1 64.6 0
19950320 78.9 9.3 31.4 69.2 19.4 7.4 6.9 0 0 2 48.8 0 21.8 47.5 14 4.7 14.4 NA 38.6 98.2 72.9 62.3 0
19950321 76.7 7.5 20.5 58.2 15.4 6.3 5 0 0 1.6 43.6 0 20 29.8 12.1 3.6 9.1 NA 29.2 98.1 73.9 52.3 0
19950322 71.5 0 4.2 40.2 9.1 4.4 1.9 0 0 0.6 36.7 0 17 10.2 9.8 1.9 0.4 NA 18.5 96.7 70.5 39.7 0
19950323 64.1 0 2.8 41 6.1 4.1 1.4 0 0 0.6 26.1 0 20.2 11.5 8.7 1.6 0.2 NA 13.7 97.9 66.1 38.2 0
19950324 53 0 1.1 36.8 2.7 3.5 1 0 0 0.4 13.5 0 21.7 10.6 7.3 1.1 0 NA 7.1 94.6 59.5 34.8 0
19950325 49.8 0 0.7 28.6 2.3 2.8 1 0 0 0.3 12.1 0 18 8.9 6.8 1.1 0 NA 6.4 91.9 58 32.5 0
19950326 45.6 0 0.4 24.7 2 2.4 0.9 0 0 0.2 10.4 0 12.6 7.4 6.4 1 0 NA 5.7 91.3 59.2 29.4 0
19950327 42.3 0 0 16.4 1.6 1.8 0.9 0 0 0.1 9 0 9 6 6.1 1 0 NA 4.9 86.7 57.6 27.1 0
19950328 38.5 0 0 14.5 1.3 4.5 1.2 0 0 0.1 10.9 0 5.4 5.6 6.1 1 0 NA 3.5 89.4 62 28.7 0
19950329 32 0 0 12.6 0.9 6.9 1.6 0 0 0 12.2 0 0 5.1 6.1 1 0 NA 1.8 90.3 65.6 28.8 0
19950330 31.4 0 0 10.5 1.1 4 1.4 0 0 0 9.2 0 0 4.7 5.6 0.9 0 NA 1.6 87.4 63.9 28 0
19950331 29.5 0 0 8.5 1.3 1.1 1 0 0 0 5.8 0 0 4.3 5.1 0.7 0 NA 1.4 81.6 61 25.5 0
19950401 26.8 0 0 7 1 0.7 0.9 0 0 0 4.2 0 0 4.5 5 0.6 0 NA 0.9 84.9 55.7 23.6 0
19950402 24.7 0 0 6 0.7 0.5 0.8 0 0 0 2.5 0 0 4.9 4.9 0.5 0 NA 0.4 83.6 49.2 21.8 0
19950403 20.4 0 0 4.8 0.4 0.2 0.7 0 0 0 0.8 0 0 5 4.8 0.3 0 NA 0 83.3 42.8 19.9 0
19950404 21.2 0 0 5 0.6 0.1 0.6 0 0 0 0.7 0 0 4.4 4.9 0.5 0 NA 0 58.7 44.5 18.1 0
19950405 21.4 0 0 5 0.7 0 0.3 0 0 0 0.6 0 0 3.5 4.8 0.7 0 NA 0 29.8 42.1 15.1 0
19950406 13.2 0 0 4.2 0.5 0 0.3 0 0 0 0.3 0 0 4.1 4.3 0.6 0 NA 0 32.2 35 14.8 0
19950407 4.2 0 0 3.1 0.2 0 0.2 0 0 0 0 0 0 4.2 3.7 0.4 0 NA 0 29.3 27.2 12.9 0
19950408 3.3 0 0 3.2 0.2 0 0.2 0 0 0 0 0 0 3.1 3.7 0.3 0 NA 0 29.3 28.6 13 0
19950409 2.5 0 0 3.2 0.2 0 0.1 0 0 0 0 0 0 1.9 3.8 0.2 0 NA 0 27.1 29.9 12.6 0
19950410 1.7 0 0 3.2 0.2 0 0.1 0 0 0 0 0 0 0.7 3.8 0.2 0 NA 0 26.8 31.2 12.5 0
19950411 1 0 0 3.5 0.1 0 0.1 0 0 0 0 0 0 3.1 3.9 0.2 0 NA 0 26.3 31.7 12.5 0
19950412 0.2 0 0 3.7 0.1 0 0 0 0 0 0 0 0 5.6 3.8 0.2 0 NA 0 22.9 31.4 12.1 0
19950413 0.2 0 0 2.8 0 0 0 0 0 0 0 0 0 5.1 3.7 0.2 0 NA 0 24.7 38.9 12.2 0
19950414 0.2 0 0 1.4 0 0 0 0 0 0 0 0 0 4.5 3.6 0.2 0 NA 0 25.1 44.5 12.2 0
19950415 0.2 0 0 1.2 0 0 0 0 0 0 0 0 0 4.1 3.6 0.2 0 NA 0 23.6 40.1 10.6 0
19950416 0.1 0 0 0.9 0 0 0 0 0 0 0 0 0 3.9 3.2 0.2 0 NA 0 17.4 32.4 9.4 0
19950417 0.1 0 0 0.5 0 0 0 0 0 0 0 0 0 3.7 3 0.1 0 NA 0 13.8 29.2 7.7 0
19950418 0 0 0 0.2 0 0 0 0 0 0 0 0 0 3.1 2.8 0.1 0 NA 0 9.1 21.5 6.1 0
19950419 0 0 0 0 0 0 0 0 0 0 0 0 0 2.9 2.6 0 0 NA 0 5.3 17 4.5 0
19950420 0 0 0 0 0 0 0 0 0 0 0 0 0 2.8 2.5 0 0 NA 0 4.8 10.4 2.9 0
19950421 0 0 0 0 0 0 0 0 0 0 0 0 0 2.5 2.3 0 0 NA 0 0 3.8 0.9 0
19950422 0 0 0 0 0 0 0 0 0 0 0 0 0 2.1 2.1 0 0 NA 0 0 3.1 0.5 0
19950423 0 0 0 0 0 0 0 0 0 0 0 0 0 1.8 2.1 0 0 NA 0 0 1.8 0.2 0
19950424 0 0 0 0 0 0 0 0 0 0 0 0 0 1.4 1.8 0 0 NA 0 0 1.4 0 0
19950425 0 0 0 0 0 0 0 0 0 0 0 0 0 1.5 2 0 0 NA 0 0 1.3 0 0
19950426 0 0 0 0 0 0 0 0 0 0 0 0 0 1.6 2 0 0 NA 0 0 1.2 0 0
19950427 0 0 0 0 0 0 0 0 0 0 0 0 0 1.7 2 0 0 NA 0 0 0.9 0 0
19950428 0 0 0 0 0 0 0 0 0 0 0 0 0 1.7 2 0 0 NA 0 0 0.4 0 0
19950429 0 0 0 0 0 0 0 0 0 0 0 0 0 1.5 1.9 0 0 NA 0 0 0.3 0 0
19950430 0 0 0 0 0 0 0 0 0 0 0 0 0 1.3 1.9 0 0 NA 0 0 0.1 0 0
19950501 0 0 0 0 0 0 0 0 0 0 0 0 0 1 1.8 0 0 NA 0 0 0 0 0
19950502 0 0 0 0 0 0 0 0 0 0 0 0 0 1.3 1.9 0 0 NA 0 0 0 0 0
19950503 0 0 0 0 0 0 0 0 0 0 0 0 0 1.7 1.9 0 0 NA 0 0 0 0 0
19950504 0 0 0 0 0 0 0 0 0 0 0 0 0 1.6 1.3 0 0 NA 0 0 0 0 0
19950505 0 0 0 0 0 0 0 0 0 0 0 0 0 1.3 0.8 0 0 NA 0 0 0 0 0
19950506 0 0 0 0 0 0 0 0 0 0 0 0 0 1.3 0.8 0 0 NA 0 0 0 0 0
19950507 0 0 0 0 0 0 0 0 0 0 0 0 0 1.2 0.7 0 0 NA 0 0 0 0 0
19950508 0 0 0 0 0 0 0 0 0 0 0 0 0 1.1 0.7 0 0 NA 0 0 0 0 0
19950509 0 0 0 0 0 0 0 0 0 0 0 0 0 0.9 0.4 0 0 NA 0 0 0 0 0
19950510 0 0 0 0 0 0 0 0 0 0 0 0 0 0.6 0 0 0 NA 0 0 0 0 0
