19951117 0 0 0 0 0 0 0 0 0 0 0 0 0 0 1.2 0 0 NA 0 0 0 0 0
19951118 0 0 0 0 0 0 0 0 0 0 0 0 0 0 1.1 0 0 NA 0 0 0 0 0
19951119 0 0 0 0 0 0 0 0 0 0 0 0 0 0 1.1 0 0 NA 0 0 0 0 0
19951120 0 0 0 0 0 0 0 0 0 0 0 0 0 0 1 0 0 NA 0 0 0 0 0
19951121 0 0 0 0 0 0 0 0 0 0 0 0 0 0 1.1 0 0 NA 0 0 0 0 0
19951122 0 0 0 0 0 0 0 0 0 0 0 0 0 0 1.2 0 0 NA 0 0 0 0 0
19951123 0 0 0 0 0 0 0 0 0 0 0 0 0 0 1.4 0 0 NA 0 0 0 0 0
19951124 0 0 0 0 0 0 0 0 0 0 0 0 0 0 1.4 0 0 NA 0 0 0 0 0
19951125 0 0 0 0 0 0 0 0 0 0 0 0 0 0 1.6 0 0 NA 0 0 0 0 0
19951126 0 0 0 0 0 0 0 0 0 0 0 0 0 0 1.7 0 0 NA 0 0 0 0 0
19951127 0 0 0 0 0 0 0 0 0 0 0 0 0 0 1.8 0 0 NA 0 0 0 0 0
19951128 0 0 0 0 0 0 0 0 0 0 0 0 0 0.3 2.1 0 0 NA 0 0 0 0 0
19951129 0 0 0 0 0 0 0 0 0 0 0 0 0 0.5 2.2 0 0 NA 0 0 0 0 0
19951130 0.7 0 0 0 0 0 0 0 0 0 0 0 0 0.4 2.2 0 0 NA 0 0 0 0 0
19951201 1.9 0 0 0 0 0 0 0 0 0 0 0 0 0.3 2.1 0 0 NA 0 0 0 0 0
19951202 2.6 0 0 0 0 0 0 0 0 0 0 0 0 0.2 2.1 0 0 NA 0 0 0 0 0
19951203 3.7 0 0 0 0 0 0 0 0 0 0 0 0 0.2 2 0 0 NA 0 0 0 0 0
19951204 4.4 0 0 0 0 0 0 0 0 0 0 0 0 0.1 2 0 0 NA 0 0 0 0 0
19951205 4.1 0 0 0 0 0 0 0 0 0 0 0 0 0.1 2.1 0 0 NA 0 0 0 0 0
19951206 3.5 0 0 0 0 0 0 0 0 0 0 0 0 0.1 2.1 0 0 NA 0 0 0 0 0
19951207 17.1 0 0 0 0 0 0 0 0 0 0 0 0 0.3 2.2 0 0 NA 16.4 18.9 0.2 1.4 0
19951208 28.1 0 0 0 0 0 0 0 0 0 0 0 0 0.6 2.2 0 0 NA 29 34.9 0.3 2.9 0
19951209 31.3 22.7 1.3 0.7 0 0.2 1.1 0 0 0 0 0 0 0.9 2.6 0.2 30 NA 39.2 38.3 0.3 6 0
19951210 33.6 45.4 2.6 1.2 0 0.4 2.4 0 0 0 0 0 0 1.2 2.9 0.4 60 NA 45.9 38.4 0.3 9 0
19951211 36.6 71.9 4.2 2 0 0.6 3.5 0 0 0 0 0 0 1.6 3.3 0.5 95 NA 55 40.3 0.3 12.5 0
19951212 38 72.1 3.6 1.9 0 0.6 3 0 0.1 0 0 0 0.4 1.5 3.5 0.5 92.7 NA 54.6 46 1.7 14.2 0
19951213 40.6 71.6 3.1 1.7 0 0.6 3 0 0.1 0 0 0 1.2 1.4 4.1 0.6 86.9 NA 54.4 57.4 4.4 17.4 0
19951214 42.3 72.1 2.3 1.6 0 0.6 2.5 0 0.2 0 0 0 1.6 1.2 4.4 0.6 85.4 NA 53.7 63.1 6 19 0
19951215 46 69.7 1.9 1.3 0 0.7 2.4 0.1 0.3 0 0 0 2.5 1 4.6 0.6 83.7 NA 54.8 76.8 7.5 21.8 0
19951216 47.8 69.1 1.4 1.2 0 0.7 1.9 0.1 0.3 0 0 0 2.9 0.9 5.2 0.6 73.7 NA 54.3 82.5 10.4 24.3 0
19951217 50 70.7 0.7 1.1 0 0.8 1.7 0.1 0.4 0 0 0 3.7 0.8 5.4 0.6 72.3 NA 53.8 93.6 11.7 26.4 0
19951218 51.7 70.1 0.2 1 0 0.8 1.4 0.1 0.4 0 0 0 4.1 0.7 5.8 0.7 70.6 NA 53.6 99.6 13.8 28.7 0
19951219 52.5 77.1 1.8 1.5 0.1 1.4 1.5 0.2 0.4 0 1.6 0 4.1 0.6 5.5 0.6 71.6 NA 52 99.6 14 28.7 0
19951220 53.4 80.3 3.2 1.8 0.2 2.3 1.8 0.4 0.3 0 2.4 0 4.1 0.4 5.4 0.5 80 NA 50.7 99.6 15 29 0
19951221 52.9 84.9 4.7 2.3 0.3 2.9 1.8 0.5 0.3 0 3.9 0 4.1 0.3 5 0.3 79.4 NA 48.6 99.6 15.2 29 0
19951222 53.7 87.8 6.1 2.6 0.4 3.7 2 0.6 0.2 0 4.7 0 4.1 0.1 4.8 0.2 80 NA 47.3 99.5 15.4 28.8 0
19951223 53.9 90 4.3 2.6 0.4 3.7 2.2 0.7 0.3 0 4.7 0 5.7 0.1 4.8 0.2 85 NA 49.4 99.7 15.4 29.3 0
19951224 55 86.8 2.9 2.6 0.4 3.7 2.3 0.8 0.3 0 3.9 0 6.5 0.1 4.8 0.2 90.7 NA 51.8 99.8 15.2 30.5 0
19951225 55.2 87.4 1 2.6 0.4 3.8 2.4 0.8 0.3 0 3.9 0 8 0.1 4.8 0.2 94.4 NA 53.9 99.9 15.2 31 0
19951226 63.7 78 0.6 2.8 1.3 2.9 2.8 0.8 0.3 0 5.4 0 8 0.2 5.1 0.1 92.8 NA 54.5 99.3 24.4 40.6 0
19951227 69.4 63.9 0 2.9 2.3 2 3.1 0.8 0.3 0 7 0 8 0.2 5.2 0 91 NA 53.1 98.7 33.4 48.9 0
19951228 82.8 78.2 4.6 2.8 2.3 2 3 3.1 0.5 0 6.6 0 10.6 0.2 5.2 0 97.7 NA 65.2 98.6 27.6 44.8 0
19951229 95.9 90.7 9.1 2.6 2 2 2.7 5.3 0.7 0 5.9 0 12.3 0.2 5 0 99.2 NA 76.2 98.5 20.3 39.5 0
19951230 94.8 90.7 9.1 2.6 2 2.3 2.8 5.3 0.7 0 5.9 0 12.3 0.3 6.1 0 99.2 NA 76.2 98.5 20.8 39.5 0
19951231 95.1 90.7 9.1 2.6 2 2.5 2.8 5.3 0.7 0 5.9 0 12.3 0.4 6.8 0 99.2 NA 76.2 98.5 21.3 39.5 0
19960101 93.9 90.7 9.1 2.6 2 2.7 2.8 5.3 0.7 0 5.9 0 12.3 0.5 7.8 0 99.2 NA 76.2 98.5 21.8 39.5 0
19960102 90.4 86.7 14.6 2.9 3.3 1.8 3.1 4.4 0.4 0 24.3 0 13.2 0.3 8 0 97 NA 78.6 98.6 21.9 41.1 0
19960103 86.3 78.4 19.2 3.3 4.3 0.7 3.2 3.2 0.2 0 40.9 0 13.3 0.1 8 0.1 94.8 NA 81 98.7 20.1 41.6 0
19960104 93.4 89.4 32.7 38.1 4.3 2.6 9.4 3.9 0.4 0.4 46.5 0 19.8 0.2 8.2 0.3 97.1 NA 84.1 98.7 50.8 54.3 0.7
19960105 99.2 97.1 45.8 69.5 4.4 4.4 14.8 4.5 0.6 0.7 51.7 0 23.7 0.3 8.2 0.5 99.4 NA 84.8 98.7 81.3 66.5 1.1
19960106 99.2 97.1 50.4 67.7 6.6 5.9 16.3 6.3 1.1 1.8 53.7 1.2 30.3 3.1 9.6 1.3 99.4 NA 86.1 98.8 79.4 69.2 3.9
19960107 99.2 97.2 59.7 68.1 9.1 8.2 19.6 8.8 2.2 2.9 56.3 2.5 40.6 8.6 12 2.4 99.7 NA 88.7 99.1 79.5 74.8 8.6
19960108 99.2 97.2 66.7 65.3 10.7 10.3 21.1 10.6 2.7 4.1 58.3 3.6 47.2 11.4 13.1 3 99.7 NA 89.9 99.2 84.4 80 11.4
19960109 98.4 98 71.2 64.8 14.9 11.4 23.6 13.6 3.2 6.3 61.5 3.8 54.6 14.1 14.9 3.9 99.7 NA 92.6 99.5 84.1 82.9 13.7
19960110 98.4 98 80.5 65.1 16.5 13.7 26.1 15.9 4.2 7.4 63.8 5 65.2 19.6 16.9 4.8 99.8 NA 95.1 99.6 82.3 88.3 18.4
19960111 98.4 98 86.3 62.3 20.3 16 28.4 17.7 4.7 8.5 65.7 6.3 71.8 22.4 18.6 5.8 99.8 NA 96.4 99.9 85.7 92.4 21.2
19960112 98.4 98.1 93.3 62.1 21.5 17.7 30.3 19.9 5.5 9.7 68.2 7.5 79.9 26.5 20.2 6.5 100 NA 98.3 100 83.9 96.5 24.9
19960113 98.4 98.1 93.8 65.7 20 17 29.3 16.6 5 7 68.7 5 73.3 19.9 16.3 4.4 100 NA 95 100 85 88.6 15.8
19960114 98.6 100 99.3 70.5 17.9 16.9 27.2 13.8 4.6 5.1 68.4 2.5 69 14.6 12.2 2.2 100 NA 91.7 100 85.5 84.2 7.9
19960115 98.6 100 99.9 74.3 16.7 16.3 25.7 10.3 4.3 2.5 68.5 0 63.3 8.4 8.7 0.3 100 NA 88.5 100 86 77.1 0
19960116 98.1 100 100 87.3 19.5 23.3 31.4 16.8 2.8 4.3 71.2 0 68.5 7.2 8.7 0.4 100 NA 92.2 100 72.5 82.6 3.4
19960117 97.4 100 99.6 98.5 21.7 28.9 35.4 22.6 1 5.7 71.5 0 71.2 6.1 8.5 0.5 100 NA 95.3 100 61.6 84.9 6.4
19960118 98 98.1 96.6 90.2 15.6 21.9 29.7 19.3 1 3.5 52.6 0 67.2 5.2 9.4 0.5 99.6 NA 92.3 100 61.6 81.5 3.8
19960119 98.2 93.6 88.1 77.9 8.6 13.4 22.7 15.5 1 1.2 33.7 0 60.7 3.6 10.2 0.5 99.2 NA 89 100 54.5 74.7 0.7
19960120 98.2 95.4 91.2 83.2 12.4 13.9 29.8 20.6 3.5 4.9 41.4 0 65.2 12.4 15.6 4 99.4 NA 93.3 100 66.7 82.3 2.2
19960121 99 95.9 92.7 87 15.4 13.8 35.1 25.3 5.9 8.8 47.2 0 66.9 19.4 20.8 7.3 99.6 NA 96.4 100 78.9 87.8 3.1
19960122 98.8 97.5 95.4 91 19.1 13.8 41.8 31 8.8 12.9 54.6 0 70.8 28.5 27 11.3 99.9 NA 99 100 95.4 94.6 4.5
19960123 98.5 95.9 91.7 87.1 15.3 7.8 26.1 24.1 8.1 8.4 56.5 0 52.4 26.3 30.7 10.7 98.7 NA 97.2 100 94.4 79.2 2.3
19960124 97.4 94 87.9 81.8 10.9 1.6 9.3 15.5 7 3.1 57.1 0 33.2 23.6 33.7 9.4 94.6 NA 94 100 92.1 61.3 0
19960125 93.8 84.2 83.8 80.8 7.7 2 8.9 7.9 3.8 2.4 55.3 0 35.5 25.7 31.4 9.6 94.6 NA 90.5 100 92 61.4 0
19960126 89 74.3 75.7 76.3 4.6 2.2 7.3 0.2 0.6 1.8 53.3 0 36.7 25.3 28.1 9.4 92.6 NA 85.8 100 91.4 60.5 0
19960127 93.3 75.2 76.2 68.9 4.2 1.6 7.8 0.1 0.4 1.7 49.2 0 36.9 18.4 27.7 10.2 92.7 NA 84.9 100 91.5 59 0
19960128 94.1 72.5 68.1 62.1 3.8 0.9 7.6 0.1 0.2 1.8 46.9 0 37.2 14.2 27.4 10.5 94.4 NA 83.6 100 91.5 59.5 0
19960129 96.3 73.5 68.6 54.7 3.4 0.4 8.1 0 0 1.6 42.8 0 38 8 26.9 11.1 94.6 NA 83 100 90.8 57.9 0
19960130 98.9 87 88.2 81.9 10.1 2.7 32 5.9 5.8 8.4 50.3 2.7 43.8 37.2 25.5 10.1 96.1 NA 91.5 100 95.4 70.3 1
19960131 100 99.4 99.5 100 16.5 4.9 52 11.9 11.6 15.1 56.6 5.4 47.4 64.5 23.6 8.7 96.6 NA 97.4 100 96.9 79 1.7
19960201 100 99.4 99.5 100 34.2 20.9 57 23.1 17.6 23.1 65.3 4.9 58.7 75.3 39.1 20.5 97 NA 100 100 99.1 85.2 3.6
19960202 100 96.8 95.3 100 49.7 34.2 61.6 32.5 22.5 29.8 72.6 4.2 66.2 84.3 53.5 31.2 96.9 NA 100 100 99.1 90.5 5
19960203 100 96.8 95.3 100 62.8 41.3 71.8 43 30.6 41.7 82 14 76.9 89 67.3 43.8 96.9 NA 100 100 99.1 94 13.4
19960204 100 100 100 100 80.2 50 83.3 53.8 37.8 54 91.2 23.7 84.3 95.3 86.2 60 99.2 NA 99.1 100 100 96.6 21.7
19960205 100 100 100 100 94.4 57.6 94.1 64.2 45.9 66 99.1 35.1 95.3 100 100 72.6 99.2 NA 99.1 100 100 99.5 31.6
19960206 100 89.3 95.9 96.6 89.9 49.9 89 64.6 58.9 73.2 97.9 18.5 85.6 95.2 99 71.4 97.4 NA 89.5 100 96.8 100 21.6
19960207 99.9 75.6 91.7 93.2 84 39.8 81.2 62.6 69.5 78.2 93.4 0 73.3 84.2 94.3 68.7 94.7 NA 77.9 100 93.5 100 10.2
19960208 99.9 76.1 90 89.9 69.1 36.9 75.8 54 38.1 62.8 94.4 0 72 75.5 89.7 64.2 95.7 NA 68.4 100 93.5 99.8 6.2
19960209 99.9 76.3 88.3 86.5 50.9 33.6 68.6 47.6 11.4 49.3 94.9 0 67 65.7 84.7 57.7 96.8 NA 56.7 100 93.3 99.2 1.7
19960210 100 74.3 90.6 88.9 48.2 30.8 63.7 44.4 10.8 50.6 93.5 0 62.7 69.3 84.3 48.8 96 NA 61.7 100 94.2 93.5 1.5
19960211 100 75.4 91.8 94.4 46.5 31.1 61 35.1 10.2 52.5 94.4 0 58.5 73.4 82.5 38.6 96.1 NA 62 100 94.5 88.4 1.5
19960212 100 73 93.4 96.8 42.6 27.4 56.2 29 9.5 52.8 91.7 0 53.4 72.8 79.9 28.3 95.4 NA 67.1 100 93.7 82.3 1.3
19960213 98.5 76.9 93.2 95.6 50.5 29.4 53.9 21.2 9 42.7 91.2 0 50.1 84.4 85.4 35.8 97.2 NA 75.9 100 96.9 91 0.9
19960214 96.5 78.4 88.7 90.3 53.8 30.4 48.4 7.6 3.8 28.5 90.7 0 43 96.7 89 42.2 99.3 NA 80 100 100 98.1 0.3
19960215 98.2 90.8 96.6 97.2 76.8 58.4 63.8 8.5 7.2 38.7 94 0 70.2 99 95.1 52.8 100 NA 90 100 100 100 20.9
19960216 99.8 100 100 100 94.6 86.5 76.6 9.4 10.6 46.9 96.2 0 93.2 98.9 99.7 62.1 100 NA 97.6 100 100 100 38.1
19960217 99.8 100 100 100 96.4 90.8 84.4 13.3 10.9 47 97.5 0 83.7 98.9 99.7 71.7 100 NA 97.6 100 100 100 25.9
19960218 99.9 98.3 99.3 100 94.8 92.2 92.3 17.2 10.5 44.1 97.1 0 76.9 100 100 79.8 99.7 NA 100 100 100 100 16.8
19960219 99.9 98.3 99.3 100 96.1 95.3 99 21.9 11.2 43.2 97.7 0 68.8 100 100 90.2 99.7 NA 100 100 100 100 5.8
19960220 99.4 94.4 97.2 98.5 96.1 95.3 92.4 15.1 7.5 31.3 93.3 0 61.2 99.3 99.7 74.7 98.5 NA 90.9 100 99.2 98.4 3.1
19960221 98.9 86.1 90.1 92.9 95.2 95.2 83.1 6.9 3.1 19 88.9 0 52.2 98 97.7 57.3 92.6 NA 81.8 100 98.5 93.4 0
19960222 98.9 88.2 90.2 91.2 77.5 80.1 74.5 9.6 4 26.5 87 0 48.7 98.8 94.9 57.5 92.1 NA 79.5 100 97.8 89.4 0
19960223 98.7 87.8 89 89.4 57.7 61.5 62.8 11.2 4.5 32.3 84 0 42.1 98.9 91.2 55.4 90.6 NA 77.1 100 97.1 85.2 0
19960224 98.4 80.3 85.7 88.3 57.1 49.3 68.4 8 3.5 32 86.8 0 39.1 86.1 89.1 52.4 89.6 NA 84.9 99.6 98 83.8 0
19960225 96.9 74.5 82.7 86.5 56.9 40.5 68.6 4.6 2.3 29.6 85.3 0 36.3 72.5 87.9 50.5 89 NA 91.1 99.2 98.8 81.8 0
19960226 96.7 65.7 78.8 83.7 54.3 26.7 70.5 1.3 1.2 28.5 86.1 0 34 56.5 85 47.1 88.9 NA 96.5 98.8 99.7 77.6 0
19960227 97.5 63.6 84.6 83.7 56.5 29.1 72.5 1.5 1.2 25.3 78 0 34.2 77.1 92.1 67.6 75.6 NA 95.7 98.8 99.8 82.1 0
19960228 97 56 89.6 83.7 58 29 73.9 1.6 1.1 21.2 69.6 0 33.8 100 99.8 85.9 60 NA 94.4 99 100 84.9 0
19960229 98.3 43.5 80 79.1 65.1 40.2 68.6 0.9 0.8 15.2 72.5 0 28.3 100 99.9 91.5 52.9 NA 86 99.5 100 92.4 0
19960301 99.7 32.3 69.8 74.4 70.7 51.1 63.1 0.1 0.4 7.7 75.4 0 22.8 100 99.6 95.5 46.5 NA 78 100 100 99.9 0
19960302 99.8 44 77.4 82.7 77.9 62.9 70.6 6.8 4 19.1 83.5 0 35.4 100 99.6 96.1 56.7 NA 81.3 100 100 99.9 0.1
19960303 99.7 59 84.2 89.8 85.1 77.5 78 11.7 6 29.8 91.3 0 46.5 99.3 99.9 97.8 69.3 NA 85.9 100 100 100 0.2
19960304 99.8 65.8 90.9 96.5 90.2 85.8 84.8 18.3 9.6 41.4 98.3 0 57.9 99.3 99.9 98.4 78 NA 90 100 100 100 0.3
19960305 100 76.5 89.4 96.6 92.3 63.2 83.6 16 11.3 48 94.5 0 40.8 100 100 99 81.2 NA 93.2 100 100 100 0.3
19960306 100 84.4 87.4 95.8 91.8 41.9 82.7 11.3 11.5 53.8 90.7 0 25.1 100 100 99.4 84.2 NA 96 100 100 99.8 0.3
19960307 100 85.9 88.3 95.6 94.1 69.3 92.4 21.4 19.4 70.9 95.1 0 30.2 100 100 99.9 90.3 NA 97.4 99.9 100 100 0.1
19960308 100 85.7 88.5 95 95.4 97.7 98.8 30.7 27.2 86.7 100 0 33.8 100 100 100 91.7 NA 97.6 99.6 100 100 0
19960309 99.3 82 86.6 90.5 91.1 98.1 92.2 37.5 26.1 70.3 93.1 0 35 86.5 93.2 95 88.2 NA 92.7 99.7 100 100 0.5
19960310 98.7 75.6 85.2 86.9 85.7 97.2 84.3 42.8 24.4 56.7 87.7 0 35.6 68.3 85.5 89.2 86.1 NA 88.2 99.9 100 99.8 1.1
19960311 98 69.1 83.5 81.6 80.7 97.4 77 49.4 23.4 40.3 80.9 0 37.1 54.8 77.5 80.7 81 NA 81.7 100 100 99.8 1.6
19960312 98.3 72 87.3 83.3 68.9 92 71.2 37.7 13.7 31.8 80.2 0 48.2 71.7 84.9 86.8 80.8 NA 77.7 100 100 92.2 4.5
19960313 98.4 70.9 91.2 83.1 54.7 83.9 64 26.1 3.8 21.7 77 0 58.1 80.5 89.2 90 79.9 NA 74.2 100 100 85.1 6.5
19960314 97.7 69.2 90 84.3 59.2 80.2 65.8 26.6 4.7 23.9 80.9 0 59.7 73.5 86.9 86.4 83.3 NA 73.1 100 100 85.3 5.6
19960315 97.4 70.4 89.4 85.2 58.3 79.6 66.3 27.2 5.4 27.2 85.1 0 61.3 67.4 86.9 84 80.9 NA 71.3 100 100 86.2 4.6
19960316 96.4 70.5 91.6 87.8 64.2 76.4 68.3 25.8 6.3 28.3 88.8 0 65.7 60.4 82.7 80.5 82.8 NA 69.5 100 100 87.2 3.9
19960317 96.1 70.9 90.6 88.7 65.7 74.8 69.6 26.4 6.9 32.2 91.3 0 67.3 54 80.9 78 80.7 NA 69.4 100 99.9 88.2 2.9
19960318 95.4 70.5 89.7 89.6 67.8 70.6 70.8 27.6 7.7 33.6 95.2 0 68.8 46.3 79.1 74 81.6 NA 67.6 100 99.9 89.7 1.8
19960319 97 70.4 87.3 88.5 69.2 67.3 76.1 18.5 5 31.3 96.8 0 61.6 72.6 90.5 88.4 77.8 NA 67.8 100 100 89.2 2.7
19960320 98.6 67.6 79.6 84.1 69.1 62.9 77.5 4.9 1.7 28.3 96.3 0 56 97.7 98.7 99.9 69.8 NA 67.6 100 100 88.8 3.5
19960321 97 40.6 63.2 63.4 48.2 35 68.4 2.7 0.9 24.3 81.9 0 44 95.7 93.2 76.9 44.4 NA 58.7 99.8 99.1 79.1 2.9
19960322 94.3 15.6 47.3 41.2 27.6 10.5 58.1 0 0 20.4 67.9 0 30.7 92.5 87.1 52.5 22.1 NA 52.1 99.6 98 69.8 1.9
19960323 92.9 13.2 41 41.3 23.4 10 54.1 0 0 18 67 0 28.2 83.4 79.3 45.1 16.8 NA 54 99.6 98.1 70.2 1.2
19960324 91 10.1 35.8 42.3 16.8 9.3 52.6 0 0 13 65.2 0 26.4 70.4 70.2 37 11.3 NA 57.6 99.6 98.4 67.5 0.5
19960325 88.8 7.6 26.3 41.2 11.1 8.6 48.6 0 0 10.4 63.7 0 24.2 59.3 62.2 29.5 5 NA 57 99.6 98.5 65.8 0
19960326 88.1 7.1 28.7 50.9 11.6 14.1 49.8 0 0 10.2 64.8 0 21.6 77.6 79.8 63.5 5 NA 46.1 99.2 99.2 66.5 0
19960327 87.6 6.1 31 62.4 12.8 20.5 48.3 0 0 9.1 65.3 0 17.8 95.8 95.8 95.2 5 NA 36.5 98.8 99.8 66.6 0
19960328 87.7 5.9 30.7 61.2 13.3 21.6 49.9 0 0 8.4 65.2 0 19.6 92.8 95 94.8 5 NA 37.5 98.8 99.7 70.7 0
19960329 88.6 5.6 30.4 60.5 13.8 20.6 52.8 0 0 7.6 65.4 0 21 88.9 93.8 94.2 5 NA 40.2 98.8 99.6 76.3 0
19960330 89.3 5.4 27.7 57.3 13.2 18.8 51.3 0 0 7.9 65.6 0 24 88.2 96.3 93.9 5 NA 42.1 98.8 98.6 83.6 0
19960331 90.1 5.1 28 54.8 14.2 21.4 51.2 0 0 6.9 65.2 0 24.1 84.3 95.2 93.2 5 NA 42.9 98.8 98.5 89.2 0
19960401 90.8 5 27.1 54 13.4 20.6 54.2 0 0 6.3 65.8 0 27.2 81.3 94.3 92.7 5 NA 44.3 98.8 98.5 94.8 0
19960402 88.2 5 25.9 51.1 11.6 13.9 47.3 0 0 8.2 68.6 0 19.3 74.2 90.2 87.1 5 NA 42.8 98.8 98.7 92.6 0
19960403 84.4 5 22.6 45.7 8.7 8.3 40 0 0 8.7 69.6 0 9.5 67.9 85.3 80.5 0.6 NA 41.8 98.8 98.8 89.5 0
19960404 85.7 5 21 47.1 8.1 7.2 26.5 0 0 11.2 60.5 0 8.4 75 81.8 62.3 5 NA 30.2 98.8 95.6 75.8 0
19960405 87.3 5 18.8 47.3 4.6 5.5 11.9 0 0 12.6 49.5 0 6.6 81.8 78.5 44.5 5 NA 21.5 98.8 92 62.7 0
19960406 87 5.1 19.1 47.9 4.7 6.2 14.1 0 0 14.8 55.1 0 6.6 84.4 79.2 44.9 5 NA 18 98.5 93 62.8 0
19960407 86.5 5.3 19.4 50.2 5.5 4.8 16.4 0 0 17.2 59.1 0 6.4 88.3 79.7 47.3 5 NA 14.3 98.3 95 62.9 0
19960408 86.2 5.4 19.2 50.3 5.4 5.4 18 0 0 20.3 64.5 0 6.4 89 79 46.6 5 NA 10.3 98 95.5 62.8 0
19960409 85.7 5.2 18 44 9.5 4.3 19.5 0 0 17.1 55.3 0 4.9 90.1 76 43.2 5 NA 9 98.1 93.6 60.9 0
19960410 85 5 16.3 36.7 13.4 2.9 19.1 0 0 10.8 45.9 0 2.7 91.2 72.4 38.6 5 NA 7.3 98.3 91.2 59.3 0
19960411 82 5 14.6 40 10.8 3.1 18.2 0 0 7.7 45.4 0 2.3 90.6 70.3 38.4 5.7 NA 7.3 97.2 94.9 59.7 0
19960412 79.4 5 10.8 41.9 9 3 15 0 0 4.9 44.5 0 1.5 89.7 68.7 38.5 7 NA 6.6 96.4 99.1 59.3 0
19960413 80.5 5 9.7 39.4 8.4 2.9 14.3 0 0 4.9 43.4 0 1.4 81.2 57.8 34.9 7 NA 6.4 96.2 93.8 57.9 0
19960414 80.7 4.8 8.4 36.8 7 3.1 13.1 0 0 4.8 42.8 0 1 69.1 44.2 31 5.7 NA 6.3 96.1 88.9 56.3 0
19960415 81.2 4.8 6.7 33.7 6 3 12.3 0 0 4.5 40.5 0 0.9 57.9 30.8 26.3 5 NA 6.2 95.8 82.9 53.4 0
19960416 79 4.8 6.6 38.9 5.1 2.9 13.6 0 0 4.2 37.7 0 0.6 63.5 29.5 25.1 5 NA 5.6 95.7 82.7 51.2 0
19960417 76.8 0.2 5.9 44.7 3.6 2.5 13.5 0 0 3.1 33.2 0 0 66.4 27.6 22.3 5 NA 2.3 95.6 82.1 48.3 0
19960418 79 0.2 4.8 32 3.9 2.3 11.9 0 0 4 35.8 0 0 63 28.8 24.8 5 NA 2.3 96.4 83.3 48.4 0
19960419 79.7 0 2.5 19.2 4 1.8 9.7 0 0 4.4 39.9 0 0 57.7 29.6 26.6 5 NA 1.4 97.2 83.3 48.7 0
19960420 75.3 0 2.1 16 3.8 1.8 9.9 0 0 4.2 37.9 0 0 55.2 30.4 27.8 5 NA 1.4 98.1 86.5 48.6 0
19960421 66.3 0 1.2 12.9 3 1.5 9.8 0 0 2.5 33.7 0 0 51.4 29.4 27.4 5 NA 0 98 87.8 49.6 0
19960422 61 0 0.6 8.8 2.7 1.5 9.3 0 0 1.9 30.6 0 0 47.5 29.2 28.2 5 NA 0 98.6 89.8 47 0
19960423 55.7 0 0.6 9.2 3.8 1.8 8.8 0 0 1.9 24.3 0 0 45.9 27.5 25.7 5 NA 0 93.3 81.3 43 0
19960424 48.6 0 0.1 8.3 3.5 0.6 7.2 0 0 0.9 18.2 0 0 44.4 26.1 22 5 NA 0 87.2 71.1 38.7 0
19960425 41.9 0 0.1 8.2 3.4 1.9 5.5 0 0 0.9 19.4 0 0 42.9 23.5 20.9 5 NA 0 88.4 75.4 36 0
19960426 32.2 0 0 7.1 2.9 1.8 3.6 0 0 0.4 19.8 0 0 41.5 20 19.7 5 NA 0 89.6 78.7 33 0
19960427 25.9 0 0 5.9 2.9 1.8 2.8 0 0 0.5 17.4 0 0 36.8 19.5 16.7 5 NA 0 82.3 72.5 31.5 0
19960428 17.2 0 0 4.2 1 0.1 0.8 0 0 0.8 14.6 0 0 29.7 18 12.8 5 NA 0 79.3 59.8 29.2 0
19960429 10.6 0 0 3 1 0.1 0.2 0 0 0.8 11.5 0 0 24.6 17 9 5 NA 0 71.7 54.5 26.6 0
19960430 10.3 0 0 3.4 1.7 0.3 0.2 0 0 0.8 8.1 0 0 23.4 15.6 8.4 5 NA 0 77.8 55.7 24.5 0
19960501 9.9 0 0 3.1 1.6 0.3 0.1 0 0 0.7 5.2 0 0 20.9 13.7 7.5 5 NA 0 79.7 57.7 22.6 0
19960502 9.6 0 0 2.6 1.7 0.3 0.1 0 0 0.6 4.7 0 0 18.6 13.1 8.1 5 NA 0 74.4 54.8 19.1 0
19960503 5.3 0 0 1.5 0.6 0.1 0 0 0 0.1 3.3 0 0 14.7 12.4 8 0 NA 0 64.3 50.7 12.3 0
19960504 5.4 0 0 1.7 0.6 0.1 0 0 0 0.1 3.3 0 0 13.4 12.3 8.2 0 NA 0 60.3 54.6 11.4 0
19960505 4.8 0 0 1.9 0.3 0 0 0 0 0 0.3 0 0 11 12.2 9 0 NA 0 62 57.3 9.9 0
19960506 4.8 0 0 1.8 0.3 0 0 0 0 0 0.3 0 0 9.1 11.4 9.4 0 NA 0 57.5 60 9.1 0
19960507 4.5 0 0 1.3 0.3 0 0 0 0 0 0.3 0 0 9.8 12.3 9.9 0 NA 0 51.1 55.4 8.1 0
19960508 3.7 0 0 0.9 0.2 0 0 0 0 0 0 0 0 10.5 12.3 9.5 0 NA 0 40.8 50.8 5.8 0
19960509 3.3 0 0 0.9 0.2 0 0 0 0 0 0 0 0 11.8 12.2 8.6 0 NA 0 38 43.8 4.9 0
19960510 2.5 0 0 0 0 0 0 0 0 0 0 0 0 12.2 11.7 6.6 0 NA 0 29.4 34.8 3.3 0
19960511 1.8 0 0 0 0 0 0 0 0 0 0 0 0 10.9 10.5 6.6 0 NA 0 21.3 28.1 2.5 0
19960512 0.7 0 0 0 0 0 0 0 0 0 0 0 0 9.4 9.2 6.5 0 NA 0 11.2 22.7 1.6 0
19960513 0 0 0 0 0 0 0 0 0 0 0 0 0 7.3 8 6.2 0 NA 0 5 16.5 1 0
19960514 0 0 0 0 0 0 0 0 0 0 0 0 0 7.9 9 6.6 0 NA 0 5 16.8 1 0
19960515 0 0 0 0 0 0 0 0 0 0 0 0 0 7.7 9.7 6.6 0 NA 0 4.2 16.1 0.4 0
19960516 0 0 0 0 0 0 0 0 0 0 0 0 0 6.4 8 5.2 0 NA 0 4.2 13.6 0.4 0
19960517 0 0 0 0 0 0 0 0 0 0 0 0 0 3.7 6 3.7 0 NA 0 3.5 8.9 0.4 0
19960518 0 0 0 0 0 0 0 0 0 0 0 0 0 3.7 5.2 2.8 0 NA 0 3.5 7.5 0.4 0
19960519 0 0 0 0 0 0 0 0 0 0 0 0 0 2 3.5 1.1 0 NA 0 0 1.4 0 0
19960520 0 0 0 0 0 0 0 0 0 0 0 0 0 1.4 2.7 0.2 0 NA 0 0 0 0 0
19960521 0 0 0 0 0 0 0 0 0 0 0 0 0 1.8 2.1 0.4 0 NA 0 0 0 0 0
19960522 0 0 0 0 0 0 0 0 0 0 0 0 0 2.2 1.5 0.5 0 NA 0 0 0 0 0
19960523 0 0 0 0 0 0 0 0 0 0 0 0 0 1.6 1.2 0.5 0 NA 0 0 0 0 0
19960524 0 0 0 0 0 0 0 0 0 0 0 0 0 0.7 0.8 0.5 0 NA 0 0 0 0 0
19960525 0 0 0 0 0 0 0 0 0 0 0 0 0 0.7 0.7 0.5 0 NA 0 0 0 0 0
19960526 0 0 0 0 0 0 0 0 0 0 0 0 0 0.7 0.6 0.4 0 NA 0 0 0 0 0
19960527 0 0 0 0 0 0 0 0 0 0 0 0 0 0 0.2 0.4 0 NA 0 0 0 0 0
19960528 0 0 0 0 0 0 0 0 0 0 0 0 0 0 0.1 0.4 0 NA 0 0 0 0 0
19960529 0 0 0 0 0 0 0 0 0 0 0 0 0 0 0 0.4 0 NA 0 0 0 0 0
19960530 0 0 0 0 0 0 0 0 0 0 0 0 0 0 0 0.4 0 NA 0 0 0 0 0
19960531 0 0 0 0 0 0 0 0 0 0 0 0 0 0 0 0.4 0 NA 0 0 0 0 0
