20061204 0 0 0 0 0 0 0 0 0 0 0 0 0 0 1.2 0 0 NA 0 0 0 0 0
20061205 1.3 0 0 0 0 0 0 0 0 0 0 0 0 0.1 1.3 0 0 NA 1.2 1.8 0.2 0 0
20061206 2.8 0 0 0 0 0 0 0 0 0 0 0 0 0.3 1.5 0 0 NA 2.5 3.9 0.4 0 0
20061207 4.5 0 0 0 0 0 0 0 0 0 0 0 0 0.3 1.6 0 0 NA 5 4.2 0.5 0 0
20061208 6.3 0.2 0 0 0 0 0.1 0 0 0 0 0 0 0.7 1.9 0 5 NA 8.8 9.1 2.1 0.1 0
20061209 8.1 0.2 0 0 0 0 0.1 0 0 0 0 0 0 0.7 2.1 0 5 NA 11.3 9.6 2.2 0.1 0
20061210 9.1 0.2 0 0 0 0 0.1 0 0 0 0 0 0 1 2.2 0 5 NA 11.3 13 2.5 0.1 0
20061211 10.9 0.2 0 0 0 0 0.1 0 0 0 0 0 0 1 2.3 0 5 NA 13.8 13.4 2.6 0.1 0
20061212 10.3 0.2 0 0 0 0 0.1 0 0 0 0 0 0 1 2.2 0 5 NA 11.3 13.3 2.5 0.1 0
20061213 9 0.2 0 0 0 0 0.1 0 0 0 0 0 0 0.7 2.2 0 5 NA 11.3 10.1 2.2 0.1 0
20061214 8.4 0.2 0 0 0 0 0.1 0 0 0 0 0 0 0.7 2.1 0 5 NA 8.8 10 2.1 0.1 0
20061215 6.9 0 0 0 0 0 0 0 0 0 0 0 0 0.3 2.1 0 0 NA 5 9.8 1.8 0 0
20061216 6.3 0 0 0 0 0 0 0 0 0 0 0 0 0.3 2.1 0 0 NA 2.5 6.6 1.6 0 0
20061217 5 0 0 0 0 0 0 0 0 0 0 0 0 0.1 2 0 0 NA 1.2 6.5 1.5 0 0
20061218 4.3 0 0 0 0 0 0 0 0 0 0 0 0 0 2 0 0 NA 0 4.8 1.3 0 0
20061219 4.6 0 0 0 0 0 0 0 0 0 0 0 0 0 1.9 0 0 NA 0.1 6.4 2 0 0
20061220 4.8 0 0 0 0 0 0 0 0 0 0 0 0 0 2 0 0 NA 0.1 6.4 2 0 0
20061221 5.1 0 0 0 0 0 0 0 0 0 0 0 0 0 2 0 0 NA 0.1 9.8 3.4 0 0
20061222 5.5 0 0 0 0 0 0.1 0 0 0 0 0 0 0.1 2.3 0.1 0 NA 1.5 11.3 3.7 1.1 0
20061223 5.9 0 0 0 0 0 0.1 0 0 0 0 0 0 0.1 2.3 0.1 0 NA 1.5 11.3 3.7 1.1 0
20061224 6 0 0 0 0 0 0.1 0 0 0 0 0 0 0.1 2.3 0.1 0 NA 1.7 14.7 5.1 1.1 0
20061225 6.3 0 0 0 0 0 0.1 0 0 0 0 0 0 0.1 2.3 0.1 0 NA 1.7 14.6 5.1 1.1 0
20061226 6.1 0 0 0 0 0 0.1 0 0 0 0 0 0 0.1 2.3 0.1 0 NA 1.7 14.8 5.2 1.2 0
20061227 5.7 0 0 0 0 0 0.1 0 0 0 0 0 0 0.1 2.4 0.1 0 NA 1.7 11.7 3.9 1.3 0
20061228 5.5 0 0 0 0 0 0.1 0 0 0 0 0 0 0.1 2.5 0.1 0 NA 1.6 11.7 4 1.2 0
20061229 4.2 0 0 0 0 0 0 0 0 0 0 0 0 0.1 2.7 0.1 0 NA 0.6 10.9 4.3 1.4 0
20061230 4.1 0 0 0 0 0 0 0 0 0 0 0 0 0.1 2.8 0.1 0 NA 0.6 9.6 3 1.4 0
20061231 3.6 0 0 0 0 0 0 0 0 0 0 0 0 0.1 2.9 0.1 0 NA 0.6 7.9 3.1 1.4 0
20070101 3.4 0 0 0 0 0 0 0 0 0 0 0 0 0.1 3 0.1 0 NA 0.6 7.4 2.5 1.5 0
20070102 5 0 0 0 0 0 0 0 0 0 0.2 0 0 0.1 3.2 0.1 0 NA 0.7 8.1 2.5 1.5 0
20070103 6.7 0 0 0 0.1 0 0 0 0 0 0.5 0 0 0.2 3.2 0.1 0 NA 0.9 9.7 2.6 1.5 0
20070104 8.6 0 0 0 0.1 0 0 0 0 0 1 0 0 0.4 3.4 0.1 0 NA 1.1 11.1 2.5 1.5 0
20070105 10.1 0 0 0 0.1 0 0 0 0 0 1 0 0 0.5 3.5 0.1 0 NA 1.2 12.8 2.6 1.6 0
20070106 12.7 0 0 0 0.2 0 0.1 0 0 0 1.4 0 0 0.6 3.6 0.1 0 NA 1.4 14.3 2.6 1.6 0
20070107 13.2 0 0 0 0.2 0 0.1 0 0 0 1.4 0 0 0.6 3.7 0.1 0 NA 1.5 15.8 2.6 1.6 0
20070108 17.6 0 0 0 0.3 0 0.1 0 0 0.1 2.9 0 1.1 1 4 0.1 0 NA 2.1 17.3 2.8 1.7 0
20070109 17.7 0 0 0 0.3 0 0.1 0 0 0.1 2.9 0 1.1 1 3.9 0.1 0 NA 1.9 16.4 2.7 1.1 0
20070110 20.7 0 0 0 0.4 0 0.1 0 0 0.1 3.4 0 1.1 1.2 4.1 0.1 0 NA 2.2 19.4 2.7 1.1 0
20070111 21.9 0 0 0 0.4 0 0.1 0 0 0.1 3.4 0 1.1 1.2 4.2 0.1 0 NA 2.2 19.4 2.8 1.2 0
20070112 23.7 0 0 0 0.5 0 0.1 0 0 0.1 3.9 0 1.1 1.4 4.3 0.1 0 NA 2.5 22.6 2.7 1.1 0
20070113 25.3 0 0 0 0.5 0 0.1 0 0 0.1 3.9 0 1.1 1.4 4.4 0.1 0 NA 2.5 22.6 2.8 1.2 0
20070114 26.8 0 0 0 0.5 0 0.1 0 0 0.1 4.4 0 1.1 1.5 4.6 0.1 0 NA 2.7 25.6 2.8 1.2 0
20070115 28.4 0 0 0 0.6 0 0.1 0 0 0.1 4.4 0 1.1 1.6 4.7 0.1 0 NA 2.7 25.6 2.8 1.2 0
20070116 31.7 4.8 0.3 0.6 1.3 0 0.9 0.6 0.1 0.5 6.2 0.2 1.6 1.9 5.2 0.2 5 NA 6.1 28.9 4.5 3.4 0
20070117 36.7 9.6 0.5 1.1 2.1 0.1 1.6 1.1 0.2 0.7 8.6 0.2 3.2 2.3 5.9 0.3 10 NA 10.1 34 5.9 6.2 0.1
20070118 43.1 19.1 1 2.1 3.6 0.1 3 2.2 0.5 1.1 12 0.3 4.8 2.7 6.3 0.6 20 NA 16.2 43.5 7.2 10.3 0.1
20070119 49.3 28.7 1.3 2.3 4.1 0.2 4.3 3.3 0.5 1.4 15.6 0.3 4.8 3.2 7.2 0.7 30 NA 19.9 46.9 9.5 13.7 0.1
20070120 53.6 28.9 1.6 3.6 5.1 0.3 4.5 3.3 0.7 2 16.4 0.6 5.9 3.6 7.9 0.9 30 NA 24.2 53.2 11.3 15 0.1
20070121 57.3 38.2 1.9 3.6 5.7 0.3 5.7 4.4 0.7 2.2 19.4 0.6 7.5 3.8 8.1 1 40 NA 27.2 56.9 12.3 19.1 0.2
20070122 63.6 48 3.9 6.8 8.4 0.9 8.1 6.5 1.7 4.1 24.8 2.9 9.7 6.3 10.1 2.3 50 NA 34.7 63.4 17.8 23.7 1.1
20070123 67.9 48.3 3.9 7 8.5 1 8.1 6.5 1.7 4.2 25.7 2.9 10.8 6.6 10.6 2.3 50 NA 36.6 69.6 19 24.9 1.1
20070124 72.2 57.6 4.3 7.7 10 1 9.6 7.6 1.9 4.4 28.9 2.9 11.9 6.9 11 2.5 60 NA 42.1 73.3 20 28.9 1.1
20070125 77.5 67.2 4.8 8.2 10.4 1.1 10.8 8.7 1.9 5.2 32.7 3.2 12.9 7.5 11.9 2.7 70 NA 45.8 76.8 22.8 32.3 1.1
20070126 83.2 67.4 4.9 9.2 11.6 1.1 11 8.7 2.2 5.3 34 3.2 14.9 7.9 12.5 2.8 70 NA 50.1 84.5 24.1 33.8 1.3
20070127 88 77 5.2 9.4 12.1 1.2 12.2 9.8 2.2 5.5 36.8 3.2 16 8.1 12.8 3 80 NA 53.5 90.9 25 37.9 1.3
20070128 94.3 86.4 5.8 10.5 13.6 1.2 13.7 11 2.4 6.3 40.6 3.6 16.6 8.7 13.8 3.3 90 NA 59.9 96.2 28.2 41.7 1.3
20070129 97.6 91.2 5.9 10.6 13.9 1.3 14.3 11.5 2.4 6.4 42.4 3.6 17.1 9 14.2 3.3 95 NA 62 99.5 29 43.8 1.3
20070130 97.5 91.8 14.3 17.4 13.1 1.3 16 12.3 2.6 6.2 42.1 3.3 20.4 14.2 14.8 3.6 95 NA 66 99.5 36 44.7 1.8
20070131 97.3 92.3 25.8 23.6 13.1 1.3 18.3 13.3 2.8 5.6 41.9 3.2 23.2 20.5 15.5 4 95 NA 71.4 99.5 38.9 45.2 2.2
20070201 97.1 92.7 32.5 28.2 12.4 1.4 20.3 13.6 3.2 5.4 41.7 2.9 27.9 26.4 16.1 4.5 95 NA 74.4 99.4 44.1 45.8 3
20070202 96.6 93.8 43.1 37.8 12.5 1.4 22.8 15 4 5.9 42 2 32.6 35 16.9 4.8 95 NA 79.4 99.4 52.1 46.9 3.8
20070203 96.4 94.2 53 40.9 11.8 1.4 24.4 16.5 4 5.6 41.7 2 37 40.8 17.6 5.3 95 NA 84.6 99.4 55 47.3 4.3
20070204 96.2 94.6 62.6 50 11.9 1.5 26.5 16.9 4.7 5.1 41.6 1.7 40.1 47.1 18.2 5.7 95 NA 87.6 99.4 60.2 47.9 5
20070205 95.9 95.3 71.5 54.7 11.4 1.4 28.7 17.9 4.6 4.8 41.2 1.5 44.5 53.5 18.9 6.2 95 NA 93 99.3 65.7 48.6 5.5
20070206 96.2 95.3 74.8 61.4 12.6 2.4 33.5 20.3 5.4 5.5 45.9 1.9 43.5 52.3 20.7 7.3 95 NA 93.6 99.4 70.5 48.1 5.6
20070207 96.4 95.3 78.8 67 12.6 2.9 37.2 22 5.4 5.9 49.4 2.2 44.6 52.3 23.2 9 95 NA 93.7 99.4 74.2 46.9 5.2
20070208 96.6 95.3 82.2 73.7 13.7 3.6 41.2 23.7 6 6.7 53.1 2.4 43.4 51.2 24.7 9.9 95 NA 94.4 99.4 78.4 46.4 5.1
20070209 97.5 95.1 85.6 79.4 15.7 6.1 46.8 29 7.9 8.6 60.6 4.9 44.1 50.2 27.9 12.7 99.9 NA 96.1 99.8 86.1 46.3 5.8
20070210 97.7 95.1 89.6 86.1 16.7 6.8 51.8 30.8 8.2 9 63.9 5.1 44.7 49.8 30.5 14.4 99.9 NA 96.9 99.9 89.9 45.6 5.6
20070211 97.9 95.1 93 91.8 16.8 7.4 54.3 32.5 8.5 9.7 67.8 5.4 43.7 48.3 32 15.3 99.9 NA 96.8 99.9 94.1 44.6 5.3
20070212 98.1 95.1 95 95.1 18 8.3 59.2 34.6 9.1 10.3 72.1 5.7 44.6 49.8 34.3 16.9 99.9 NA 97.2 99.9 98.2 43.9 5.4
20070213 97.7 95.1 95 95.1 18.5 11.3 60.5 33.8 9.1 9.8 72.2 5.5 50.8 55.7 36.7 18.6 99.6 NA 97 99.9 98.2 49 6.4
20070214 97.3 95.1 95 95.1 18.3 13.4 61.2 33.8 9.6 9.4 72.5 5.3 55.9 60.4 39.1 19.9 99 NA 96.4 100 98.2 53.9 7.5
20070215 96.5 95.1 95 95.1 18.5 15.4 62.2 33.9 10 9 72.3 5.1 61 64.5 40.8 20.9 98.7 NA 96.4 100 98.2 58.3 9
20070216 96.4 98.8 95.1 95.6 18.8 20.7 64.4 31.9 9.5 7.5 72.8 4.7 69.7 72.5 42.9 23.7 98.4 NA 96.1 100 99.2 65.2 11.4
20070217 95.9 98.8 95.1 95.6 19.1 22.8 64.4 31.8 10 7.2 72.7 4.5 74.8 76.8 46 25 97.8 NA 95.5 100 99.2 70.2 12.4
20070218 95.5 98.8 95.1 95.6 18.7 24.8 65.6 31.6 10.4 6.7 73 4.3 80 81.5 48.2 25.9 97.5 NA 95.5 100 99.2 74.5 13.7
20070219 94.9 98.8 95.1 95.6 19 27.8 66.7 31.1 10.8 6.1 72.9 4 86.7 87.4 50.2 27.9 97 NA 95 100 99.2 80 15
20070220 94.3 97.7 94.6 92.8 17.2 25 64.8 29.6 9.5 6.6 67.9 4 79.3 79.9 46.4 25 97.3 NA 95.1 100 97.9 80 13.2
20070221 92.8 95.9 94.2 90.8 16.3 23.1 62.4 27.2 8.3 7 62.7 4 74.5 73.9 43.1 23 97.4 NA 94 100 96 79.7 12.1
20070222 92.5 95.1 93.9 88.9 15 21.1 60.7 26.2 7 6.7 58.8 4 69.2 68.8 38.9 21 97.5 NA 94.6 99.9 95.3 80.1 10.9
20070223 90.3 92.3 93.5 85.2 12.5 17.5 57.3 25 5.3 6.8 52.7 4.1 60.5 60.8 34.6 18 95.2 NA 93.4 99.9 93.3 77.6 8.8
20070224 88.9 89.7 92.9 83.2 11.6 15.7 54.7 23.2 4.2 7.5 48.4 4 55.6 53.7 31.6 16.2 95.3 NA 92.6 99.8 91.4 77.8 7.6
20070225 88.9 88.9 92.7 81.2 10.3 14 52.7 21.6 2.8 7.7 43.8 4 50.4 49.8 28.1 14.2 95.4 NA 92.9 99.8 90.8 78.8 6.5
20070226 87.4 87.7 92.2 78.4 8.8 11.1 50.5 20.5 2.2 7.9 39 4 43.9 41.3 24.1 11.5 95.7 NA 92.4 99.8 88.8 77.7 5.2
20070227 88.6 83.4 89.7 79 9.3 10.8 49.9 18.6 2.3 9.5 39.4 4 42.5 38.3 23.5 11.6 93.3 NA 92.4 99.8 87.8 78.1 4.9
20070228 88.1 80.2 85.3 79.4 10.3 9.8 48.3 18.3 2.3 12.1 42.7 4 40.7 36.7 23.6 12.2 91.7 NA 92.1 99.8 87.7 79.5 4.5
20070301 89.1 75.5 81.3 79.9 10.8 9.1 48.4 16.7 2.7 13.4 41.5 4 39.4 34 21.1 10.8 90.1 NA 92.1 99.9 86.6 79.4 4.2
20070302 90.7 72.1 77.7 80.6 13 8.6 46.8 14.2 3.8 17.7 44.5 4.6 41.3 30 21.6 11.1 88.2 NA 92.4 99.9 85.5 79.8 4.9
20070303 90.9 67.3 74.7 81 14.1 7.8 45.3 13 3.8 19.9 44.8 4.6 39.8 28.7 21.7 11.6 85 NA 89.4 100 85.4 79.1 4.6
20070304 91.3 64.5 71.8 81.5 14.4 7.2 45.3 12.4 4.1 21.3 47.3 4.6 38.2 25.7 20.2 11.1 83.4 NA 90.6 100 84.5 81.2 4.2
20070305 92 59.4 66.8 82.1 15.5 6.8 43.7 11 4 23.6 47.9 4.6 36.9 23.3 20.1 11.2 81.8 NA 90.6 100 83.8 81 3.9
20070306 92 62.8 71.6 84 16.2 8.2 44.7 10.8 4 20.2 50.2 4.6 39.6 22.8 19.6 11 82 NA 87.5 100 83.9 81.3 3.9
20070307 91.7 64.6 74.7 85.2 16.6 9.3 46.7 9.5 3.6 19.2 50.7 4.5 42 19.2 19.5 11.3 83.1 NA 84.6 100 84.9 79.5 3.8
20070308 91.9 66.6 77.2 86.5 16.7 10.6 47.1 9.1 3.6 15.8 52.7 4.5 44.6 18.8 19.3 10.7 83.5 NA 81.6 100 84.2 81.7 3.8
20070309 92.5 69 81.1 89.3 16.4 11.1 50.5 7.6 2.2 11.1 54.9 3.5 48.1 18.3 18.1 9.9 84.6 NA 79.1 100 85.8 82 2
20070310 92.2 71.8 85.3 90.6 17.1 12 50.6 6.5 1.7 8.7 55.5 3.5 50.6 14.7 17.5 9.9 83.7 NA 76.1 100 85.2 81.3 2
20070311 92.3 74.3 89.5 91.8 17 13.5 52.8 5.9 1.7 6 57.4 3.5 53.1 14.5 17.3 9.9 85.1 NA 73 100 86.1 81.5 1.9
20070312 91.9 75.7 92 93.7 17.4 14.6 53 5.4 1.4 3.8 58.8 3.4 55.7 12.2 17 9.3 84.9 NA 69.3 100 85.4 81.3 1.9
20070313 90.9 67.2 84.4 92.1 16.4 13.9 49.9 4.6 1.4 3.9 56.8 3.4 55.2 12.8 16.6 9.3 77 NA 65 100 86.3 80.5 1.9
20070314 89.7 60.9 79.3 90 15 12.9 46.2 4.6 1.4 3.7 53.7 3.4 55.3 13.6 16 9.5 68.6 NA 63.7 99.9 85.6 78.6 1.9
20070315 88.6 53 74 88.1 13.3 12.3 42.8 3.8 1.4 4 52.5 3.4 54.4 13.7 16.2 9.2 64.2 NA 58.3 99.8 86.5 76.6 1.9
20070316 87.3 43.4 63.6 85.3 11.9 12.9 38 1.6 0 3.3 48.2 1.1 55 14.2 15.1 9.5 56.6 NA 56.5 99.8 85.1 74.5 0.8
20070317 85.6 37.2 58.6 84.5 10.7 12.1 34.7 0.8 0 3.4 46.3 1.1 54.2 14.6 14.5 9.8 46.2 NA 54.2 99.7 85.9 72.6 0.8
20070318 84.1 29.4 53.4 82.5 9.2 11.3 31.1 0.4 0 3.4 44.6 1.1 54.1 15.2 14.1 9.5 38.7 NA 48.2 99.7 85.3 70.6 0.8
20070319 83.1 21.1 45.8 80.2 7.3 10.5 27.1 0 0 3.3 41.4 1.1 53.3 15.5 13.7 9.5 32.6 NA 45.1 99.6 85.5 69.2 0.8
20070320 82.7 19.3 45.7 81.4 7.4 11 25.7 0 0 3.2 40.4 1.1 49.7 14.7 13.2 8.5 29 NA 43 99.5 84.8 66.5 0.8
20070321 81.4 15.8 44.7 81.8 6.7 11.5 24.7 0 0 2.8 39.7 1.1 45.3 14.1 12.2 8.2 25.5 NA 36.9 99.3 84.1 63.8 0.8
20070322 81.7 14 44.7 81.5 6.7 11.6 22.9 0 0 2.8 37.6 1.1 41.7 13.2 11.6 7.2 21.9 NA 34.7 99.3 80.5 62.2 0.8
20070323 81.4 9.1 42.6 82.6 3.9 9.6 19.8 0 0 0.9 36.8 0.1 36.7 10.9 9.9 5.7 17.5 NA 31.2 99.2 76.1 58.7 0.2
20070324 80.3 7 40.9 82.4 3.4 9.7 18.5 0 0 0.7 35.7 0.1 32.5 10.3 9 5.4 13.9 NA 28.1 99 73.3 56.4 0.2
20070325 79.8 4.6 40.9 83.5 3.3 10.2 17.1 0 0 0.5 35 0.1 28.2 9.5 8.4 4.4 10.3 NA 22.9 98.9 73.5 54.2 0.2
20070326 79.2 2.5 40.4 83.9 3 10.4 15.3 0 0 0.2 33.4 0.1 24.6 8.5 7.5 3.8 5 NA 19 98.8 70.7 51.2 0.2
20070327 70.6 2.5 37.2 80 2.8 9.9 14.7 0 0 0.2 29.5 0.1 23.1 8 7.2 3.6 5 NA 16.3 96.6 66.7 50.7 0.2
20070328 60.6 2.4 33.5 75.5 2.5 9.3 14.5 0 0 0.2 25.2 0.1 22.5 7.4 6.9 3.4 5 NA 13.6 91.6 65.2 51.2 0.2
20070329 52.7 2.4 30.3 71.1 2.3 8.4 13.4 0 0 0.2 21.7 0.1 21.3 7 6.7 3.2 5 NA 10.9 89.4 61.3 51.2 0.2
20070330 42 0.1 26.4 67.9 1.6 9.9 12.7 0 0 0.2 15.7 0 19.4 5.9 5.8 2.8 0 NA 8.3 87.2 56.4 50.7 0.2
20070331 31.2 0 22.5 59.2 1.3 9 12.4 0 0 0.2 11.7 0 19.7 5.3 5.5 2.6 0 NA 5.6 82.8 55.7 51.9 0.2
20070401 24.4 0 19.5 56.7 1.1 9.2 11.9 0 0 0.2 8 0 18.5 4.9 5.2 2.4 0 NA 2.8 80.1 50.9 51.6 0.2
20070402 14.3 0 14.9 51.3 0.8 7.8 10.5 0 0 0.2 3 0 16.8 4.3 4.9 2.1 0 NA 0.1 76.7 48.4 51.2 0.2
20070403 13.2 0 12.9 45.6 0.7 7.8 9.1 0 0 0.2 3.2 0 16 4.3 4.8 2.1 0 NA 0.3 79 51.8 48.3 0.2
20070404 11.3 0 10.8 39.6 0.8 6.2 8 0 0 0.2 3.1 0 11.8 4.2 4.8 2 0 NA 0.5 78.6 54.5 41.1 0.2
20070405 10 0 9.8 36.1 0.7 6.2 6.6 0 0 0.2 3.2 0 10 4.1 4.6 2 0 NA 0.6 79.6 58 36.7 0.2
20070406 7.2 0 7.1 30.7 1.5 2.6 3.9 0 0 0.3 3.3 0 8.2 2.9 4.5 1.5 0 NA 1.6 81.3 64.3 30.4 0.1
20070407 5.4 0 5 24.7 1.6 1.9 2.2 0 0 0.3 3.4 0 5.3 2.8 4.6 1.6 0 NA 1.7 83 67.9 25.8 0.1
20070408 5 0 3 18.8 1.5 1.6 1.3 0 0 0.3 3.6 0 4 2.8 4.5 1.4 0 NA 1.9 82.6 70.4 20.5 0.1
20070409 3.1 0 1.3 12.1 1.5 0.8 0 0 0 0.3 3.6 0 1.5 2.7 4.3 1.4 0 NA 2 84.5 74.7 16.2 0.1
20070410 3.1 0 1.3 11.3 1.5 0.7 0 0 0 0.3 3.6 0 1.5 2.8 4.3 1.4 0 NA 1.9 76.6 67.2 15.3 0.1
20070411 3.1 0 1.3 10.8 1.5 0.7 0 0 0 0.3 3.3 0 1.4 2.9 4.4 1.3 0 NA 1.7 70.2 60 14.8 0.1
20070412 2 0 1.3 10.3 1.4 0.7 0 0 0 0.3 3.3 0 1.4 3 4.2 1.2 0 NA 1.6 64.8 52.7 14.1 0.1
20070413 2.4 0 0 5 1 0.9 0 0 0 0.1 1 0.1 0 1.9 3.6 0.8 0 NA 0.5 56.6 43.8 11.9 0
20070414 2.4 0 0 4.5 1.1 0.9 0 0 0 0.1 0.9 0.1 0 2 3.7 0.7 0 NA 0.4 51.2 36.5 11.5 0
20070415 1.9 0 0 4 1 0.9 0 0 0 0.1 0.9 0.1 0 2 3.7 0.7 0 NA 0.1 44.2 29.4 10.8 0
20070416 1.8 0 0 3.2 1 0.9 0 0 0 0 0.7 0.1 0 2.1 3.6 0.6 0 NA 0 38.5 25.2 10 0
20070417 1.8 0 0 3.5 1 0.9 0 0 0 0 0.7 0.1 0 2 3.6 0.6 0 NA 0 35.7 25.3 9.6 0
20070418 1.8 0 0 4.1 1 0.8 0 0 0 0 0.7 0.1 0 2 3.6 0.6 0 NA 0 34.3 29.2 8.7 0
20070419 1.8 0 0 4.5 1 0.8 0 0 0 0 0.7 0.1 0 1.8 3.4 0.5 0 NA 0 29.7 26.9 7.5 0
20070420 0 0 0 5.1 0.1 0.2 0 0 0 0 0 0 0 1.4 3 0.2 0 NA 0 26.2 29.1 6.5 0
20070421 0 0 0 5 0.1 0.2 0 0 0 0 0 0 0 1.3 3 0.2 0 NA 0 23.8 27 6 0
20070422 0 0 0 5.6 0.1 0.2 0 0 0 0 0 0 0 1.2 2.9 0.2 0 NA 0 21 30.9 4.9 0
20070423 0 0 0 6.1 0.1 0.2 0 0 0 0 0 0 0 1.1 2.9 0.2 0 NA 0 18.6 28.6 4.4 0
20070424 0 0 0 5.1 0.1 0.1 0 0 0 0 0 0 0 1 2.7 0.2 0 NA 0 17.7 27.4 3.9 0
20070425 0 0 0 4.3 0.1 0.1 0 0 0 0 0 0 0 0.8 2.3 0.2 0 NA 0 16.7 22.1 3.4 0
20070426 0 0 0 3.5 0.1 0.1 0 0 0 0 0 0 0 0.7 2.1 0.1 0 NA 0 14.3 20.9 3 0
20070427 0 0 0 2.8 0.1 0.1 0 0 0 0 0 0 0 0.5 1.8 0 0 NA 0 13.4 15 1.6 0
20070428 0 0 0 1.9 0.1 0.1 0 0 0 0 0 0 0 0.3 1.5 0 0 NA 0 12.4 13.8 1.1 0
20070429 0 0 0 1 0.1 0.1 0 0 0 0 0 0 0 0.2 1.3 0 0 NA 0 10.8 8 0.7 0
20070430 0 0 0 0.2 0.1 0 0 0 0 0 0 0 0 0.1 1.1 0 0 NA 0 10.3 4.7 0.3 0
20070501 0 0 0 0.2 0.1 0 0 0 0 0 0 0 0 0.1 0.9 0 0 NA 0 10.3 4.7 0.3 0
20070502 0 0 0 0.2 0.1 0 0 0 0 0 0 0 0 0.1 0.9 0 0 NA 0 6.7 4.3 0.3 0
20070503 0 0 0 0.2 0.1 0 0 0 0 0 0 0 0 0.1 0.8 0 0 NA 0 6.7 4.3 0.3 0
20070504 0 0 0 0 0 0 0 0 0 0 0 0 0 0 0.5 0 0 NA 0 3.6 0.5 0 0
20070505 0 0 0 0 0 0 0 0 0 0 0 0 0 0 0.4 0 0 NA 0 1.8 0.2 0 0
20070506 0 0 0 0 0 0 0 0 0 0 0 0 0 0 0.3 0 0 NA 0 1.8 0.2 0 0
20070507 0 0 0 0 0 0 0 0 0 0 0 0 0 0 0.2 0 0 NA 0 0 0 0 0
