20071126 0 0 0 0 0 0 0 0 0 0 0 0 0 0 0.2 0 0 NA 0 0 0 0 0
20071127 0 0 0 0 0 0 0 0 0 0 0 0 0 0 0.3 0 0 NA 0 0 0 0 0
20071128 0 0 0 0 0 0 0 0 0 0 0 0 0 0 0.4 0 0 NA 0 0 0 0 0
20071129 0 0 0 0 0 0 0 0 0 0 0 0 0 0 0.5 0 0 NA 0 0 0 0 0
20071130 2.2 0 0 0 0 0 0 0 0 0 0 0 0 0 0.9 0 0 NA 2.3 6.6 1 0.4 0
20071201 5.7 0 0 0 0 0 0 0 0 0 0 0 0 0 1.4 0 0 NA 5.7 16.8 2.9 1.1 0
20071202 7.8 0 0 0 0 0 0 0 0 0 0 0 0 0 1.7 0 0 NA 8 23.4 3.9 1.6 0
20071203 10.2 0 0 0 0 0 0 0 0 0 0 0 0 0 2.1 0 0 NA 10.3 31.5 5 2 0
20071204 10.7 0.7 0 0.4 0 0 0 0 0 0 0 0 0.4 0 2.6 0 2.2 NA 14.4 33.6 7.6 3 0
20071205 15.1 5.4 0.8 2.7 1.2 0.8 1.4 0.2 0.1 0.5 2.1 0 2.1 0.5 3.7 0.9 8.2 NA 19.9 37 12.1 5.7 0.2
20071206 15.5 6.1 0.8 3.1 1.2 0.8 1.4 0.2 0.1 0.5 2.1 0 2.5 0.5 4.2 0.9 10.4 NA 24.3 40.6 14.4 6.7 0.2
20071207 16.5 6 0.8 3.2 1.2 0.8 1.4 0.2 0.1 0.5 2.1 0 4.3 0.5 4 0.9 10.8 NA 29.2 41.6 12.2 6.2 0.2
20071208 17.7 6.1 1 3.3 1.2 0.8 1.4 0.2 0.1 0.5 2.9 0 6.3 0.5 3.8 0.9 11.2 NA 34.5 41.4 10.1 5.8 0.4
20071209 18.4 5.2 0.9 3 0.9 0.6 1.1 0.2 0 0.3 2.5 0 7.7 0.4 3.5 0.5 11 NA 37.6 42.5 8 4.7 0.4
20071210 19.3 5.2 0.9 3.1 0.9 0.6 1.1 0.2 0 0.3 2.5 0 9 0.4 3.2 0.5 11 NA 43.1 41.7 5.1 4 0.4
20071211 22.2 5.4 0.9 3.2 0.9 0.6 1.1 0.2 0 0.3 2.5 0 9.2 1 3.3 0.6 11.2 NA 44.2 42.3 6.8 4.6 0.4
20071212 25.1 5.3 1 3.3 1.6 1.4 1.3 0.1 0 0.4 2.4 0 10.2 1.9 3.7 0.9 11.8 NA 44.9 42.1 9.8 5.6 0.3
20071213 28.4 5.2 1 3.4 1.6 1.4 1.3 0.1 0 0.4 2.4 0 10.4 2.4 3.9 1 12.3 NA 44.8 40.9 12.7 6.2 0.3
20071214 29.9 7.6 1 3.5 1.7 1.4 3 0.1 0 0.4 3.1 0 9.9 2.2 4 1 28 NA 49.2 48.4 12.8 7.8 0.3
20071215 31.9 11.4 2.6 4.5 2.2 1.5 6 0.9 0 1 6.3 0 9.5 2.5 4.6 1.2 47.2 NA 53.5 54 14.4 10 0.4
20071216 33.5 14.4 2.6 4.6 2.3 1.1 7.9 0.9 0 1.1 6.7 0 9 2.2 4.7 1.1 65 NA 57.4 60.7 14.1 11.7 0.4
20071217 34.5 17.3 2.6 4.6 2.4 1.1 10 0.9 0 1.2 7.6 0 8.1 1.9 4.8 0.9 83.9 NA 61.3 66.4 14.6 12.8 0.4
20071218 33.6 16.1 2.6 4.7 2.3 1.1 7.8 0.9 0 1.1 6.8 0 8.7 1.9 4.7 1.1 69.3 NA 56.2 69.6 16.2 12.7 0.4
20071219 33.5 12.6 1 3.9 1.8 0.9 4.1 0.6 0 0.5 3.6 0 9.6 1.1 4 1.2 58.5 NA 51.5 73 19.1 12.1 0.4
20071220 31.7 11.1 1 4.1 1.6 0.9 1.4 0.6 0 0.5 2.5 0 9.8 1.2 3.9 1.5 44.5 NA 46.2 74.2 22.5 11.8 0.4
20071221 34.9 9 1 3.6 1.6 0.9 1.3 0.6 0 0.4 3.2 0 9.4 0.9 3.8 1.3 34 NA 45.4 70.5 16.8 10.7 0.4
20071222 37.2 8.6 1.4 4 2.2 1.2 1.8 0.6 0 1 6.6 0 8.6 1.1 3.9 1.5 31.4 NA 46 65.8 16.4 10.7 0.5
20071223 40 6.5 1.4 3.3 2.1 1.2 1.7 0 0 1 7.5 0 7.9 0.8 3.7 1.1 20.8 NA 44.2 61 10.6 9.5 0.5
20071224 41.6 5 1.4 2.9 2.1 1.2 1.6 0 0 0.9 8.4 0 7.2 0.6 3.6 1 13.7 NA 42.8 57.7 7.3 8.2 0.5
20071225 42.3 17.2 1.4 3.2 2.2 1.4 1.7 0 0 0.9 8 0 8 0.6 4 1 19.6 NA 42.2 55.9 8.1 9.2 0.5
20071226 43 31.9 1.2 4 2 1.6 1.7 0 0 1.1 7.6 0 8.9 0.6 4.3 0.8 23.6 NA 41.3 54.4 9.6 9.7 0.7
20071227 42.5 45.5 1.2 4.5 2.1 1.7 1.7 0 0 1.1 7.1 0 9.3 0.6 4.8 0.8 27.5 NA 40.7 51.9 9.3 10.3 0.8
20071228 46.4 36.7 1.2 4.2 2.1 1.7 1.7 0 0 1.2 10.3 0 8.8 2.1 4.9 0.8 23.2 NA 39.7 50.9 11.7 9.6 0.7
20071229 51.2 26.5 1.3 4 2.3 1.8 1.7 0 0 1.5 13.2 0 8.2 4.4 5.4 0.9 19.7 NA 40.9 49.7 12.7 9.1 0.7
20071230 54.3 17.8 1.2 3.5 2.2 1.7 1.6 0 0 1.5 15.7 0 7.6 5.6 5.5 0.9 15.4 NA 39.3 46.5 14.2 8.1 0.5
20071231 57.5 7.6 1.2 3.1 2.2 1.7 1.5 0 0 1.7 18.2 0 7 6.9 5.6 0.9 13.4 NA 37.6 44.4 15.7 7.3 0.5
20080101 51.5 7.7 1.2 3.4 2.5 1.6 1.7 0 0.1 1.6 19.3 0.1 7.8 8.7 6.3 1.2 13.1 NA 40.8 55.4 17.9 7.8 0.5
20080102 45.4 7.9 1.6 4.5 3.5 2.3 2.6 0.1 0.5 1.6 19.3 0.2 8.5 10.7 7.8 1.8 12.5 NA 45 68.1 21 8.8 0.4
20080103 39.6 7.7 1.6 4.9 3.9 2.2 2.7 0.1 0.7 1.5 19.9 0.3 9 12.8 8.7 2 11.5 NA 48.6 78.4 23.4 9.4 0.4
20080104 40.7 6.9 1.6 4.7 3.6 2.2 3.2 0.1 0.7 1.4 16.6 0.3 8.5 10.3 7.7 1.8 12.1 NA 48.4 76.9 18.3 9.6 0.4
20080105 42.2 7 1.8 4.5 3.7 2.3 3.7 0.1 0.5 1.4 13.4 0.3 8 7.4 7 1.8 12.6 NA 47.8 74.8 15.5 10.3 0.4
20080106 43.7 6.1 1.6 3.1 2.8 1.4 3.5 0.1 0.3 0.9 10 0.2 7.1 4.4 5.7 1.5 13.1 NA 47.9 72.2 10.8 10 0.3
20080107 45.2 5.7 1.6 2.9 2.6 1.3 4 0.1 0.2 0.8 6.1 0.2 6.9 1.2 4.5 1.2 13.7 NA 47.1 70.6 6.4 10.3 0.3
20080108 42.1 5.7 1.6 2.8 2.4 1.3 3.4 0.1 0.2 0.9 5.7 0.2 6.8 1.2 4.6 1.2 11.4 NA 40.2 64.3 6.1 9.9 0.3
20080109 39.4 4.9 0.7 2.4 2.2 1.8 2.8 0 0 0.9 5.3 0 6.9 1.1 4.6 1.1 9.1 NA 30.8 56.7 5.6 9.4 0.3
20080110 36.2 4.9 0.7 2.3 2 1.8 2 0 0 1 4.9 0 6.8 1.1 4.6 1.1 6.6 NA 22.6 49.4 5.2 8.9 0.3
20080111 38.1 4.8 0.7 2.2 2.1 1.8 2 0 0 0.9 6.9 0 6.7 1.1 4.6 1.1 6 NA 23.7 52.3 6.5 10.6 0.3
20080112 38.3 5 0.9 2.4 2.3 1.8 1.9 0 0 0.9 9.6 0.1 6.7 1.1 4.5 1.1 6 NA 24.4 55.1 7.6 13 0.4
20080113 40.7 4.9 0.9 1.7 1.6 0.9 1 0 0 0.6 12.1 0.1 6.5 0.6 3.8 0.7 5.3 NA 23.6 56.6 9.3 14.1 0.4
20080114 40.3 4.9 0.9 1.7 1.7 0.9 1 0 0 0.5 14.8 0.1 6.3 0.6 3.8 0.7 5 NA 24.2 57.8 10.5 16 0.4
20080115 47 5.3 0.9 1.8 2 0.9 1 0 0 0.5 13.6 0.1 6.6 2.2 4.6 0.7 5 NA 22.1 65.5 11.7 17.9 0.4
20080116 47.9 5.4 0.8 2.5 2.3 0.7 1 0 0 0.5 11.2 0 7.8 4.3 5.7 0.8 5 NA 19.2 75.7 12.7 21.2 0.5
20080117 54.1 5.7 0.8 2.6 2.7 0.7 1 0 0 0.5 9.9 0 7.6 5.6 6.5 0.8 5 NA 17.1 81.2 13.6 22.9 0.5
20080118 68.1 25.6 4.1 5.7 5.9 1.9 4 2.1 0 1 16.6 0.1 8.3 6.9 8.1 1.5 30 NA 30.1 86.7 18.6 28.7 0.8
20080119 77.4 46.3 10.3 10.4 10.8 3.6 8 4.9 0.3 2.3 23.4 0.5 9.7 11.2 9.7 2.4 50 NA 43.1 87.1 23.3 32.2 1.1
20080120 91.4 61.6 13.1 14.1 13.1 4.4 10.5 6.3 0.3 3.2 29.2 0.5 10 12.3 11.1 3.1 70 NA 53.4 90.7 26.7 36.9 1.3
20080121 99.9 83.8 16.6 16 16.4 5.6 13.3 8.2 0.3 3.2 35.3 0.6 10.3 14 12.4 3.6 91.6 NA 67.5 92 31.3 40.3 1.5
20080122 99.9 87.2 16.5 19.9 16.1 4.8 12.3 7 0.5 4.3 37.8 0.5 11.6 12.8 12.4 3.4 91.6 NA 64.9 93.5 42.5 38.2 1.5
20080123 99.9 90.3 15.6 24.7 14.9 5.5 10.9 6 1 5.4 40.9 0.2 12 11.9 12.5 3.1 95 NA 63.9 96.2 52.8 35.5 1.2
20080124 100 91.4 14.8 28.1 13.8 4.4 9.3 4.8 1.3 6.3 42.5 0.1 12.9 10.2 11.9 2.6 95 NA 60.6 97.6 62.4 32.7 1.1
20080125 99.5 86.9 21.1 29.4 12.4 4.9 12.7 8.7 1.7 5.8 41.2 0.1 14.4 11.7 11.9 3.3 94.8 NA 66 97.7 55 33.2 1
20080126 99.1 83.4 29 29.8 12.8 5.1 17.8 15 4.1 5.7 41.5 3.5 15.8 13.7 12.3 4.9 94.8 NA 72.6 98.6 47.6 34.1 2.1
20080127 98.5 76.4 34.9 32.4 10.9 4.7 20.2 18.4 4.5 5.2 40.2 3.5 16.5 14.9 11.9 5.3 89.6 NA 77 98.6 39.6 34.5 1.9
20080128 98.1 71.6 40.6 31.5 10.2 4.9 23.8 22.3 5 4.5 40.1 3.5 17.5 16.8 11.7 6.2 89.6 NA 81.6 98.6 31.5 34.6 1.8
20080129 97.7 70.6 34.9 32.3 10.3 4.8 24.3 20.2 4.9 4.4 37.4 3.5 21 16.8 13.3 5.8 89.6 NA 81.4 98.6 35.5 33.6 1.8
20080130 96.7 72 28.9 26.8 10.3 5.1 25 17.7 4.7 3.9 35.5 3.4 24.5 15.3 15.2 5.4 93.7 NA 81.1 99.7 41.9 32.3 1.7
20080131 95.2 71.4 23.6 24.3 10.3 4.9 25.2 15.8 4.6 3.6 33.8 3.4 27.1 15 16.4 5 93.7 NA 80.7 99.7 48.3 30.8 1.7
20080201 95.3 72.9 37.2 24.6 10.1 4.9 23.4 16 4.1 4 38.3 3.4 30.4 15.6 16.4 4.2 92.6 NA 78 99.7 55.7 34.6 1.9
20080202 97.5 73.3 49.9 24.8 9.4 4.3 22.3 16.4 3.7 4.6 42 3.4 34 18 16.1 4.1 95 NA 78.6 99.7 60.1 38.2 2
20080203 97.5 73.7 62.4 26.1 9 4.2 20.2 15.8 3.2 5.5 47.4 1.7 35.7 18.7 15.6 3.3 90.5 NA 74.6 99.7 65.3 41.2 1.7
20080204 98.5 74.2 76.4 27 8.5 3.7 18.1 15.9 2.7 5.5 49.9 1.7 39.1 19.6 15.2 2.7 90.5 NA 72.2 99.7 70.7 45.1 1.9
20080205 96.5 77.9 76 27.9 9.8 4 17.3 14.5 3.3 5.9 47.7 1.7 36.9 19.3 14.9 2.9 90.6 NA 73 99.7 73.7 44.3 1.6
20080206 94.7 79.3 72.9 27.7 11.2 4.5 15.1 11.9 4.1 5.6 45.8 1.8 36.5 19 14.2 3 90.6 NA 75.1 99.6 76.6 44.6 1.6
20080207 92.3 81.8 72.2 27.9 11.9 4.7 13.6 9.9 4.8 5.4 42.8 1.8 33.5 18.5 13.6 3.1 90.7 NA 75.4 99.6 78.8 42.3 1.3
20080208 93.9 85.2 75.2 35.3 19 6.7 18.1 15.4 6.9 7.3 47.1 3.5 39.6 17.9 13.6 4.4 90.7 NA 78.6 99.6 82.6 45.3 2.5
20080209 95.5 89.1 81.4 43.8 26.4 9.6 22.5 20.4 8.4 8.8 50.5 6 47 18.8 13.5 5.4 95.3 NA 82.6 99.6 88.8 48.9 3.7
20080210 97.1 91 84 49.8 32.4 11.5 26.5 24.9 9.6 10 52.8 7.4 51.7 16.7 12.4 6 95.1 NA 85.5 99.6 91.6 51.4 4.5
20080211 98.4 93.8 87.3 57.4 39.2 13.8 29.8 30.4 10.8 11.2 56.4 8.7 57.5 17 12.2 7 97.3 NA 88.3 99.6 94.8 55.4 5.3
20080212 98.4 93.3 89 61.3 36.7 14.8 33.4 30.3 10.6 11.9 60.9 7.6 57.8 16.3 13.1 9.8 97.4 NA 89.3 99.6 93.9 60.9 5.8
20080213 98.8 93.5 89.9 65.7 34.7 15.7 36.4 30.2 10.9 12.7 67.1 5.7 58.6 15.2 15.1 13.3 98.3 NA 90.3 99.7 92.2 66.7 7
20080214 98.8 92.8 91 68.9 30.6 17 39.1 29.8 10.5 13 71.4 4.8 58.8 13.8 16 15.8 98.3 NA 91.3 99.7 90 73.3 7.7
20080215 98.8 82.9 86.3 64.5 25.8 14.7 34.9 27.9 9.5 11.4 65.1 4.2 59.7 13.8 16.5 14.5 98.3 NA 83.5 99.7 92.5 66.6 7
20080216 98.8 72.8 84.1 59.6 21 11.8 30.1 25.9 8.6 10.7 59.6 4.1 60.2 13.9 17 13.5 99.9 NA 74.8 100 94 60.3 6.6
20080217 98.8 65 80.2 55.8 16.3 9.4 26.2 23.8 7.8 9.3 54.1 3.5 61.1 13.7 17 12 99.9 NA 67.6 100 95.9 53.5 5.9
20080218 98.7 53.8 75.3 49.4 11.4 6.2 20.2 21.6 6.5 7.8 46.9 2.8 59.9 13.4 17 10.4 99.8 NA 58.4 100 96.6 45.3 4.7
20080219 98.7 67.1 80.8 62 16.4 10.8 27.4 27.9 11.7 11 56.4 2.8 60.5 20.8 22.2 13.3 99.9 NA 68.8 100 96.6 55.8 4.8
20080220 99.3 80 85.6 76.6 22.1 16.1 34.4 32.1 14.7 14.6 67.4 3.2 58.9 28.8 27.2 17 99.9 NA 79.4 100 97.5 64.9 4.9
20080221 99.2 93.2 89.4 85.9 26.9 20.9 41.1 36.2 19 17.7 78 3.2 59.6 35.2 32.2 20 100 NA 87.6 100 97.5 73.5 4.9
20080222 99.3 91.8 90.4 84.4 23.6 18.7 39.8 34.6 17 15.2 77.7 3.2 58 36.3 35.7 19.8 99.2 NA 78.8 100 97.5 71 4.5
20080223 99.4 91.9 91.5 88.5 20.2 17.4 40.8 34.3 16 12.9 79.7 3.4 56.9 35.2 38.9 20.4 98.3 NA 74.6 100 99.1 69 4.2
20080224 99.4 90.6 92.4 87 16.4 14 38.9 32.3 14.1 9.3 79.3 3.4 55.3 35.1 41.1 19.8 97.5 NA 65.3 100 99.1 66.7 3.2
20080225 99.5 88.6 93.5 88.5 11.6 11.6 38.2 31.2 12.3 7.1 79.1 3.4 52.4 33.8 43.3 19.7 96.6 NA 56.6 100 99.1 64 2.6
20080226 99.2 89.1 92.1 88.1 13.3 18.6 38.6 26 11 10.7 79.1 3.4 55 33.9 39.4 22.7 96.6 NA 68.7 100 99.1 72.5 2.8
20080227 98.9 89.7 91.4 88.4 14.8 28 36.1 18.5 10.1 14.3 79.4 3.6 60.4 32.7 35.7 24.8 96.7 NA 76.1 100 99.1 81.6 4.2
20080228 98.7 90.9 90.7 88.6 16.4 35.1 35.6 12.8 8.5 17.1 76.6 3.6 65.3 31.2 32.1 26.8 96.8 NA 88.2 100 99.1 88.5 4.7
20080229 98.5 85.4 88.9 89.9 19 30.9 40.4 12.3 7.3 13.9 74.5 3.6 61.9 35.2 33.4 28.9 96.3 NA 86 100 99.1 85.1 4.4
20080301 98.6 77.7 86.3 90.9 20.8 24.9 44.1 12.5 6.1 11.5 72.3 3.6 56.1 44.6 35.1 31.5 96.5 NA 80.5 100 99.1 82.3 4.2
20080302 98.2 70.2 83.6 92 22.5 19.6 47.7 11.3 3.8 7.8 70.8 2.9 52.6 48.2 36.4 33.1 96.1 NA 78.2 100 99 77.5 2.3
20080303 97.9 62.6 80.4 92 24 13.5 51 11.6 2.9 4.6 68.2 2.9 47.1 51.1 37.6 35.4 95.6 NA 72.4 100 99 74 2
20080304 98 62.9 84.1 89.1 24.2 15.2 47.8 11 2.7 6.1 67 2.9 46.9 62.6 41.2 32.9 93.9 NA 77.4 100 99 74.7 2
20080305 98.2 64 86.2 86.1 23.9 16.8 43.5 10.6 2.9 7.9 66 3.5 47.7 74.6 45.2 30.4 93 NA 81.2 100 98.6 73.3 2.2
20080306 98.3 64 89 82.2 23.1 17.7 38.6 9 2.6 9 62.5 3.5 48.6 85.8 48 27.2 91.2 NA 86.2 100 98.5 73.6 2.2
20080307 98.6 71.3 90 85.1 27.7 20.6 40.4 10.6 3.8 14.9 67.9 3.5 53.2 87.2 55.3 31.4 92.8 NA 88.9 100 98.6 77.2 3.5
20080308 98.6 80.2 91.6 88.3 30.6 23.9 42.8 12.3 5 21.8 75.7 3.8 56.9 91.7 63.5 35.8 95.3 NA 92 100 98.8 81.7 5
20080309 99 87.5 92.7 91.2 34.3 26.1 43.7 13 5.9 27.9 81.5 3.5 59.9 93.1 70.8 39.3 96.7 NA 93.3 100 98.4 85.1 6.3
20080310 98.9 92.8 93.4 93.4 37.3 29.2 45.3 15.3 7.2 34.7 87.7 3.6 63.5 95.1 77.9 43.5 98.6 NA 95 100 98.4 89.7 7.4
20080311 98.3 87.4 92.8 90.1 36.7 26.3 47.4 14.2 6 27.3 83.1 3.5 61 89.9 72.9 40.7 97.6 NA 90.7 100 98.9 86.9 6.1
20080312 97.7 81.1 92.2 86.4 34.5 23 49.8 14.8 5.7 17.6 77.2 3.8 58.6 85.7 66.2 37.7 95 NA 88.3 100 98.8 83.8 5.2
20080313 96.9 75.3 91.7 82.3 32.5 19.3 50 12.8 4.1 7.8 70.9 3.8 57.2 81.5 59.9 33.8 93.8 NA 82.5 100 99.1 80.9 4.4
20080314 96.5 74.6 84.6 80.6 36.7 19.2 51 11.9 4.1 7.9 70 3.8 54.8 77.3 60.3 34.8 89.7 NA 84.6 100 99.1 81.5 4.5
20080315 96 74.8 79.3 79.3 43.7 19.7 53.5 9.7 3.2 7.9 70.1 3.8 51.7 73.1 59.7 35.5 85.4 NA 89.6 100 99.1 81.8 4.8
20080316 95.4 73.8 72 76.8 47 19.4 53.7 8 2.3 7.6 66.5 2.4 48.6 71.1 59.9 36.3 79.1 NA 91.6 100 98.8 82.5 4.1
20080317 94.9 73.7 65.2 75.2 52 19.4 55.5 5.9 1.8 7.3 66.4 2.4 44.8 67.1 59.3 36.7 73.8 NA 96.3 100 98.8 82.8 4
20080318 95.7 79.6 69.8 78.8 33.5 18.9 53 7 2.2 7.4 66.2 2.6 44.8 72.2 51.4 31.7 78.6 NA 94.1 100 92.1 84.2 3.8
20080319 96.1 85.5 70.7 79.1 13.2 16.1 47.3 7 2.2 6.8 62.6 2.6 40.8 79.5 41.7 25.3 81.5 NA 89.9 100 84.3 84.2 2.7
20080320 96.7 39.9 72.1 74.2 11 7.8 23.9 5.3 1.8 6.3 69.2 2.8 28.6 60.4 38.6 21.5 64.8 NA 78.5 100 85.2 67.9 2
20080321 95 74.6 68.1 77.7 13.1 14.2 39.8 6.6 2.2 6.8 58.4 2.6 37.5 71.7 38.8 26.1 75.1 NA 84.8 100 88.2 84.3 2.6
20080322 93.8 61.5 61.2 73.3 13.7 11.5 33.9 5.2 2.2 6.6 57 2.6 36.5 65.7 35.7 26.8 67.8 NA 75.5 99.9 90.1 83.9 2.5
20080323 91.7 47.7 57.5 71 13 8.7 26.2 4.2 1.5 5.8 53.2 3.2 33.1 53.7 31.5 27.6 61.3 NA 69.5 99.9 93.7 82.8 1.8
20080324 90.5 34.4 50.2 66.6 13.2 6.8 18.3 3.7 1.5 6 49.6 3.2 30.4 47.7 28 28.4 54.9 NA 60.1 99.8 95.6 82.3 1.7
20080325 89.5 22.6 45.9 63.9 13.2 4.3 11.1 2.7 1.5 5.9 46.8 3.2 27.9 39.3 25.5 28.9 47.2 NA 53 99.8 98.6 82.5 1.6
20080326 87.4 13.7 46.8 64.2 12.3 3.7 13.8 2.4 1.5 4 39.1 3.3 25.8 13.7 22.6 14.3 35.8 NA 58 100 95.7 56.6 1.6
20080327 88.2 14.1 48 65.3 12.1 3.7 13.5 1.6 1.4 4.1 38.5 2.8 25.5 7 18.8 11.1 35.8 NA 59 100 96.4 57.8 1.5
20080328 90.3 19.5 44.5 66.4 11.8 4.1 12.2 2.7 1.5 5.5 45.2 3.2 27.4 32.6 23 25.2 41.2 NA 52.1 99.8 98.6 75.6 1.6
20080329 90.6 15.6 42.9 68.9 10.2 4.1 13.7 2.6 1.5 4.5 44 3.2 26.6 25.8 20.7 20.9 34.7 NA 49.5 99.8 98.6 68.7 1.6
20080330 91 11.6 41.3 72.2 8.4 3.6 15.1 1.7 1.3 4.2 42 2.4 25.2 18.8 17.9 16.5 28.9 NA 45.5 99.8 98.5 60.9 1.6
20080331 90.7 8.5 39.9 73.1 6.7 3.5 16.4 1.6 1.3 3.7 40.1 2.4 24.4 12.2 15.2 12 21.6 NA 47.4 99.8 98.5 53 1.6
20080401 91.9 5 38.3 76.5 4.8 3.4 17.5 1.6 1.3 3 39 2.4 24 5.4 12.9 8.5 17.3 NA 44.1 99.8 98.5 46.7 1.6
20080402 78.8 5 21.3 50.5 5.9 2.8 6.9 1.5 1.4 4.7 35.1 2.1 21.4 5 12 8.6 5.7 NA 23.9 99.4 85.9 39 1.3
20080403 82.5 5 20.8 51.3 7.6 2.5 7.4 1.4 1.4 3.5 31.6 2.8 18.1 5.1 12.4 8.9 5 NA 22.5 99.7 92.2 35.5 1.4
20080404 86.3 5 32.3 66.4 4.7 3.2 15.4 1.6 1.3 2.9 36.7 2.4 22.2 5.4 12.3 8.2 14 NA 37.1 99.6 93.4 44.1 1.6
20080405 83.3 5 26.6 60.9 4.6 2.9 12.9 1.6 1.3 2.9 36.7 2.4 20.7 5.2 11.1 8.1 12.4 NA 27.3 99.5 90.4 41.2 1.6
20080406 77.5 0 18.9 48.9 3.3 2.5 9.9 0 0 2 35.5 0 18.3 3 8.5 8 4.9 NA 20.3 99.3 83.8 38.3 0.2
20080407 72 0 12.8 38.8 3.4 2.2 7.4 0 0 1.9 33.8 0 16.3 2.9 7.4 7.8 3.3 NA 12.3 99.1 80.8 35.6 0.2
20080408 67.8 0 6.4 31 3.2 2 5.3 0 0 1.8 32.7 0 14.9 2.9 6.6 7.5 0 NA 3.9 99 75 32.9 0.2
20080409 62.6 0 5.2 33.7 3.3 2.4 2.5 0 0 1.8 24.9 0 10.2 2.9 6.4 5.5 0 NA 3.8 98.8 74.5 32.3 0.3
20080410 61.9 0 1.8 17.8 2.8 2.7 2.1 0 0 1.9 20.8 0 6.3 3.8 6.6 5.2 0 NA 4 98.4 81.6 31.1 0.2
20080411 58.8 0 5.8 28.2 3 1.9 4.6 0 0 1.8 27.3 0 12.6 2.9 6.6 6.6 0 NA 3.9 98.4 72.8 31.5 0.2
20080412 47.9 0 5.4 23.8 2.8 1.8 4 0 0 1.8 22.4 0 10.1 2.9 6.7 5.8 0 NA 3.9 97.3 69.2 30 0.2
20080413 37.8 0 1.3 20.9 3.7 1.3 2.4 0 0 1.6 17.1 0 6.8 2.8 6.4 4 0 NA 3.4 96.5 67.1 27 0.2
20080414 27 0 0.8 16.1 3.6 1.2 1.7 0 0 1.6 11.7 0 4.3 2.8 6.4 3 0 NA 3.4 95.4 63.2 25.2 0.2
20080415 19.1 0 0.1 12.6 3.3 1.1 1.2 0 0 1.6 7.3 0 2.7 2.8 6.5 2.1 0 NA 3.4 94.9 61.1 24.2 0.2
20080416 23.4 0 0 7.3 2.5 1.2 1.2 0 0 0.8 9.3 0 2.3 4.9 6.8 3.5 0 NA 3.5 92.8 64.9 24.2 0.1
20080417 13.9 0 0 5.5 2 1 1.1 0 0 0.6 6.3 0 2 4.8 6.2 2.6 0 NA 3.4 92 50.1 21.9 0.1
20080418 15.9 0 0.1 11.1 3.3 1.1 1.2 0 0 1.6 7.1 0 2.7 2.8 6 2.2 0 NA 3.4 88.8 55.9 22.9 0.2
20080419 12.7 0 0.1 9.7 3.1 1.1 1.2 0 0 1.6 6.1 0 2.7 3.7 5.9 2.3 0 NA 3.4 81.5 48.9 22 0.2
20080420 9.4 0 0 4.5 1.8 0.5 0 0 0 0.4 5.2 0 1.2 3.7 5.2 1.9 0 NA 0 75.7 41.6 18.9 0
20080421 6 0 0 2.6 1.7 0.5 0 0 0 0.4 4.6 0 1.2 3.7 4.8 1.9 0 NA 0 68 34.9 17.8 0
20080422 6 0 0 2.1 1.7 0.5 0 0 0 0.4 4.4 0 1.2 3.7 4.7 1.8 0 NA 0 57.6 31.8 14.8 0
20080423 0.9 0 0 0.7 0.6 0.2 0 0 0 0 0.5 0 0.9 0 3.4 0.2 0 NA 0 43.6 27.6 10.8 0
20080424 0.6 0 0 0.4 0.6 0.2 0 0 0 0 0.3 0 0.9 0 3.3 0.2 0 NA 0 30.7 24.2 7.6 0
20080425 0.6 0 0 0.4 0.6 0.2 0 0 0 0 0.3 0 0.9 0 3.2 0.2 0 NA 0 27.5 19.2 6.5 0
20080426 0.6 0 0 0.4 0.6 0.2 0 0 0 0 0.3 0 0.9 0 3.1 0.1 0 NA 0 23.8 15.9 5 0
20080427 0 0 0 0 0.4 0 0 0 0 0 0.2 0 0 0 2.8 0.1 0 NA 0 20.8 10.9 3.2 0
20080428 0 0 0 0 0.4 0 0 0 0 0 0.2 0 0 0 2.7 0.1 0 NA 0 14.3 5.8 1.8 0
20080429 0 0 0 0 0.4 0 0 0 0 0 0.2 0 0 0 2.7 0.1 0 NA 0 14.3 5.5 1.8 0
20080430 0 0 0 0 0.1 0 0 0 0 0 0 0 0 0 2.5 0 0 NA 0 8.1 5.1 1.3 0
20080501 0 0 0 0 0.1 0 0 0 0 0 0 0 0 0 2.5 0 0 NA 0 7.3 5 1.2 0
20080502 0 0 0 0 0.1 0 0 0 0 0 0 0 0 0 2.4 0 0 NA 0 7.3 5 1.2 0
20080503 0 0 0 0 0.1 0 0 0 0 0 0 0 0 0 2.4 0 0 NA 0 7.3 5 1.3 0
20080504 0 0 0 0 0.1 0 0 0 0 0 0 0 0 0 2.2 0 0 NA 0 5 5 1.1 0
20080505 0 0 0 0 0.1 0 0 0 0 0 0 0 0 0 2.2 0 0 NA 0 5 5 1.1 0
20080506 0 0 0 0 0.1 0 0 0 0 0 0 0 0 0 2.2 0 0 NA 0 5 5 1.1 0
20080507 0 0 0 0 0 0 0 0 0 0 0 0 0 0 2.2 0 0 NA 0 0 0 0 0
20080508 0 0 0 0 0 0 0 0 0 0 0 0 0 0 2.2 0 0 NA 0 0 0 0 0
20080509 0 0 0 0 0 0 0 0 0 0 0 0 0 0 1.9 0 0 NA 0 0 0 0 0
20080510 0 0 0 0 0 0 0 0 0 0 0 0 0 0 1.7 0 0 NA 0 0 0 0 0
20080511 0 0 0 0 0 0 0 0 0 0 0 0 0 0 1.3 0 0 NA 0 0 0 0 0
20080512 0 0 0 0 0 0 0 0 0 0 0 0 0 0 1 0 0 NA 0 0 0 0 0
20080513 0 0 0 0 0 0 0 0 0 0 0 0 0 0 0.7 0 0 NA 0 0 0 0 0
20080514 0 0 0 0 0 0 0 0 0 0 0 0 0 0 0.3 0 0 NA 0 0 0 0 0
20080515 0 0 0 0 0 0 0 0 0 0 0 0 0 0 0 0 0 NA 0 0 0 0 0
