20151127 0 0 0 0 0 0 0 0 0 0 0 0 0 0 0.1 0 0 NA 0 0 0 0 0
20151128 0 0 0 0 0 0 0 0 0 0 0 0 0 0 0 0 0 NA 0 0 0 0 0
20151129 0 0 0 0 0 0 0 0 0 0 0 0 0 0 0.5 0 0 NA 0 0 0 0 0
20151130 0 0 0 0 0 0 0 0 0 0 0 0 0 0 0.8 0 0 NA 0 0 0 0 0
20151201 0 0 0 0 0 0 0 0 0 0 0 0 0 0 0.2 0 0 NA 0 0 0 0 0
20151202 0 0 0 0 0 0 0 0 0 0 0 0 0 0 0.2 0 0 NA 0 0 0 0 0
20151203 0 0 0 0 0 0 0 0 0 0 0 0 0 0 0.1 0 0 NA 0 0 0 0 0
20151204 0 0 0 0 0 0 0 0 0 0 0 0 0 0 0.1 0 0 NA 0 0 0 0 0
20151205 0 0 0 0 0 0 0 0 0 0 0 0 0 0 0 0 0 NA 0 0 0 0 0
20151206 0 0 0 0 0 0 0 0 0 0 0 0 0 0 0 0 0 NA 0 0 0 0 0
20151207 0 0 0 0 0 0 0 0 0 0 0 0 0 0 0 0 0 NA 0 0 0 0 0
20151208 0 0 0 0 0 0 0 0 0 0 0 0 0 0 0 0 0 NA 0 0 0 0 0
20151209 0 0 0 0 0 0 0 0 0 0 0 0 0 0 0 0 0 NA 0 0 0 0 0
20151210 0 0 0 0 0 0 0 0 0 0 0 0 0 0 0 0 0 NA 0 0 0 0 0
20151211 0 0 0 0 0 0 0 0 0 0 0 0 0 0 0 0 0 NA 0 0 0 0 0
20151212 0 0 0 0 0 0 0 0 0 0 0 0 0 0 0 0 0 NA 0 0 0 0 0
20151213 0 0 0 0 0 0 0 0 0 0 0 0 0 0 0 0 0 NA 0 0 0 0 0
20151214 0 0 0 0 0 0 0 0 0 0 0 0 0 0 0 0 0 NA 0 0 0 0 0
20151215 0 0 0 0 0 0 0 0 0 0 0 0 0 0 0 0 0 NA 0 0 0 0 0
20151216 0 0 0 0 0 0 0 0 0 0 0 0 0 0 0 0 0 NA 0 0 0 0 0
20151217 0 0 0 0 0 0 0 0 0 0 0 0 0 0 0.2 0 0 NA 0 0 0 0 0
20151218 0 0 0 0 0 0 0 0 0 0 0 0 0 0 0.2 0 0 NA 0 0 0 0 0
20151219 0 0 0 0 0 0 0 0 0 0 0 0 0 0 0.2 0 0 NA 0 0 0 1.7 0
20151220 0 0 0 0 0 0 0 0 0 0 0 0 0 0 1 0 0 NA 0 0 0 0 0
20151221 0 0 0 0 0 0 0 0 0 0 0 0 0 0 1 0 0 NA 0 0 0 0 0
20151222 0 0 0 0 0 0 0 0 0 0 0 0 0 0 1.1 0 0 NA 0 0.6 0 0 0
20151223 0 0 0 0 0 0 0 0 0 0 0 0 0 0 0.9 0 0 NA 0 0.4 0 0 0
20151224 0 0 0 0 0 0 0 0 0 0 0 0 0 0 1.5 0 0 NA 0 0.7 0 0 0
20151225 0 0 0 0 0 0 0 0 0 0 0 0 0 0 1.3 0 0 NA 0 0.3 0 0 0
20151226 0 0 0 0 0 0 0 0 0 0 0 0 0 0 1.1 0 0 NA 0 0 0 0 0
20151227 0 0 0 0 0 0 0 0 0 0 0 0 0 0 1.5 0 0 NA 0 1.9 0 0 0
20151228 0 0 0 0 0 0 0 0 0 0 0 0 0 0 2 0 0 NA 0 1 0 0 0
20151229 0.2 0 0 0 0 0 0 0 0 0 0 0 0 0 2 0 0 NA 3.2 4 0.7 0.2 0
20151230 1 0 0 0 0 0 0 0 0 0 0 0 1.8 0 2.5 0 0 NA 2.7 9.8 1.1 0.5 0
20151231 2.3 0 0 0 0 0 0 0 0 0 0 0 0.6 0.7 2.7 0.1 0 NA 3.8 15.4 1.5 0.8 0
20160101 5.3 0 0 0 0 0 0 0 0 0 0 0 0.8 0.2 2.1 0 0 NA 2.8 15 3.1 0.2 0
20160102 4.9 0 0 0 0 0 0 0 0 0 0 0 0.8 0.2 2.2 0.1 0 NA 8.6 13.4 2.9 0 0
20160103 5 0 0 0 0 0 0 0 0 0 0 0 0.7 0.2 2.2 0.1 0 NA 12.3 13.1 5.7 0 0
20160104 16 0 0 0 0 0 0 0 0 0 0 0 0.8 0 2.5 0.1 0 NA 20.1 15.9 2 1.1 0
20160105 18 0.9 0 1.7 0 0.1 1.3 0 0 0 0 0 4 0 2.5 0.1 16.1 NA 37.6 24.4 3 3.3 0.1
20160106 25.5 1.3 0 1.7 0 0.1 1.8 0 0 0 0 0 4.7 0 2.6 0.1 17.4 NA 54.1 28.7 4.9 3.3 0
20160107 15 3.8 0 1 0 0.2 1.9 0 0 0 0 0 5.2 0 2.5 0.1 34.1 NA 51.9 47.1 5.5 3.7 0.1
20160108 9.3 0.4 0 0.7 0.1 0 0 0 0 0 0 0 4.6 0 2.1 0.1 9.3 NA 46.8 30.3 1.5 2.5 0
20160109 13.5 0 0 1.1 0.1 0.1 0 0 0 0 0 0 4 0 2.5 0.1 0 NA 27.1 34.2 1.2 1.9 0
20160110 20.6 0 0 0.4 0.6 0 1 0 0 0 0 0 3.7 1.3 2.8 0.1 0 NA 21.7 49.4 1.2 2.6 0
20160111 39.6 1.1 0 0 1.1 0 0.6 0 0.4 0.3 5.6 0 3.6 4.6 3.9 1.4 9.1 NA 47.9 65.7 10.2 10.9 0
20160112 45.4 28.6 0 2.6 0.9 1.2 2.4 0 0.3 1.2 3.7 0 4 4.1 4.9 0.2 42.9 NA 59.9 52.3 9.3 6.5 0.1
20160113 55.2 37.4 0 4.3 1.4 1.3 5.7 0.6 1.1 2 11.2 0 4.9 5.4 6.3 0.5 61.4 NA 72.8 71.6 13.6 8.9 0
20160114 56.8 46.9 0 2.9 1.1 1.3 2.7 1.3 0.7 2 6.1 0 5 7.9 9 0.3 75.5 NA 56.6 79.2 8.9 12.9 0.1
20160115 46.1 46 0.7 1.7 0.8 3.6 3.1 0 0 0.1 9.1 0 5 14.9 11.3 0.1 77.3 NA 66.4 65.7 7.7 10.3 0.1
20160116 50.6 37.9 0.5 2.2 1 2 4.3 0 0 0.4 12.3 0 4.6 8.7 10.9 0.1 66.7 NA 62 76.9 8.5 12.1 0.1
20160117 80.9 45 2.3 3.4 3.4 1.9 8.8 3.4 0.6 2.1 32.3 0 4.8 8 13.1 1 66.6 NA 64.2 98.1 12.7 19.7 0.1
20160118 77.1 46.9 3.4 1.9 5 0.4 8.2 11.6 1.7 3.9 25 0 5.4 5.8 6.6 0.1 65 NA 61.2 96.3 20 30.2 0.1
20160119 88.7 86.6 8.3 6.5 4.4 1.4 10.2 12.8 4.6 3.1 26.2 0.6 9.4 8.6 10.6 0.8 91.1 NA 55.1 96.9 27 29.6 0.2
20160120 93.9 94.4 10.4 7.2 5 1.4 13.2 17.1 7.8 4.8 30.6 0 6.8 10.4 13.9 1.9 91 NA 63.3 96.8 43.1 34.3 0.1
20160121 96.2 94.9 13.4 16.6 5.2 1.2 13.5 22.5 6 3.6 35.8 0 11.5 7.2 13.5 2.3 93.7 NA 63.3 96.8 42.7 35.3 0.8
20160122 96.5 95.1 17.8 24.4 4.3 4.2 20.6 20.3 2.2 2.3 47.7 0 12.1 8.3 11.8 1 92.2 NA 70.7 96.6 23.2 34 1
20160123 96.7 95.1 14.2 3.8 4.5 7.9 16.1 11.9 2.8 3.5 49.5 0 9.1 12.9 12.1 1.1 95 NA 72.9 96.7 25.5 39.6 0.1
20160124 96.7 95.3 13.8 4.2 4.3 6.2 19.4 13.5 2.6 3.4 48.4 0 9.2 2.2 10.3 1.8 95 NA 75.9 96.7 27.7 37.8 0.1
20160125 95 93.1 8.4 3.7 2.2 1.2 13.6 7.9 0.4 1.5 14.3 0 9.5 4.8 9.6 0.7 94.9 NA 66.2 95.2 10.3 30.7 0.1
20160126 94.3 84.9 10.1 4.2 2.9 1.5 5.7 7.9 0.8 1.8 16 0 9.3 4.6 9.7 0.8 95 NA 64.5 97.5 9.2 17.4 0.1
20160127 85.6 62.4 7.8 4.5 2.3 1.1 4.6 8.8 0.9 2 19.3 0 7.9 4.6 9.7 0.8 87.9 NA 63.7 99.2 11.7 22.1 0.1
20160128 73 26.7 8.9 4.7 2 1.1 3.2 1.4 0.1 2.5 17 0 8.8 4.3 9.4 0.8 65.8 NA 55.1 98 11.7 22.3 0.3
20160129 95.1 73.9 14.1 6.3 4.8 1.1 8.3 0 0 4 36.3 0 8.9 4.5 9.9 0.2 82.8 NA 55.1 96.6 16.7 34.1 0.3
20160130 90.4 55.4 13.8 1.5 4.7 1.1 4.8 0 0 3.1 32.2 0 8.6 3.3 9.2 0.2 67.9 NA 49.9 96.2 18.9 29.6 0.3
20160131 87.9 34.4 10.3 1.3 3.3 1.1 3.1 0 0 2.6 29.4 0 6.4 0.5 5.6 0.1 43.5 NA 42.9 95.5 15.4 25.6 0.3
20160201 75.7 22.3 2.2 1 2.1 1.1 0.2 0 0 1.1 10.6 0 5.9 0 4.4 0.1 30.6 NA 35.7 82.3 6.8 14.8 0.3
20160202 79.6 22.3 2.3 2.1 2.2 1 1.4 0 0 0.9 18.3 0 6 0 6 0.1 30.6 NA 35.6 82.3 7.4 16.1 0.1
20160203 81.4 16 0 1.1 2.4 1 1.3 0 0 0.9 18.5 0 4.9 0 6.6 0.1 24.1 NA 39.9 82.3 9.8 16.1 0.1
20160204 80.9 11.7 0 0 4.6 0.9 1.4 0 0 1.6 27.1 0 4.7 5.9 8.6 0.2 18.8 NA 46.8 95.4 18.4 23.7 0.1
20160205 82.8 6.7 0.6 0 4.3 2 1.5 0 0 2.2 26.5 0 4.3 3.2 8.1 0.1 5.5 NA 44.1 95.7 34.4 31.8 0.1
20160206 82.8 6.7 0.6 0 4.3 2 1.5 0 0 2.2 26.5 0 4.3 3.2 8.1 0.1 5.5 NA 44.1 95.7 34.4 31.8 0.1
20160207 74.1 4.9 0.1 0 5.4 0.4 1.8 0 0 1.3 3.9 0 3 0 6.7 0.6 0.5 NA 60.2 90.1 22 21.2 0.1
20160208 71.9 4.7 0.4 0 1.2 0.5 0.2 0 0 0.3 12.8 0 3 0 6.6 0.1 0.8 NA 25.9 84.6 5.5 15.6 0.1
20160209 77.4 3.9 0.3 0 1.8 0.5 0.1 0.3 0.9 2.1 16.8 0 3.7 5.3 10.2 0.4 1.5 NA 22.3 85 11 15.5 0.1
20160210 95 3.5 0.2 0 1.5 0.5 1.1 1.2 1.3 2.4 33 0 3.7 7.1 10 1.3 1.5 NA 50.7 90.9 24.6 21.7 0.1
20160211 95.6 13.7 1.2 0.7 11.7 2.1 9.5 8.2 2.1 2.7 48.5 0 3.7 13.1 11.6 2.3 9.4 NA 70.8 97.2 38.9 38.8 0.3
20160212 96.1 74.5 18.1 12.7 15 3.4 16.9 13.1 4.5 7.8 43.2 1.8 13.5 11.6 14.5 5.6 90.4 NA 80.5 96.2 62.6 39.5 1.8
20160213 96.6 87.3 34.6 33.8 26.6 8.7 22 17.8 8.5 9.4 65.3 6.6 15.9 19.5 17.5 8.9 90.4 NA 86 98.7 75.8 54.2 4.5
20160214 97.1 95.1 60.4 58.5 36.4 21.8 33.7 22.5 11.7 14.2 61.2 5.4 64.4 28.6 27.1 13.9 95 NA 93.6 98.6 93.8 71.4 17.1
20160215 94.1 92 79.3 64.2 10 11.9 28.7 19.7 4.3 1.5 36.8 9.7 58.3 36.3 20.8 9.1 90.4 NA 85.9 97.7 72.7 46.5 16.9
20160216 96.8 94.6 69.6 29.4 8 9.6 20.8 16.1 1.5 1.6 39.3 2.3 22.2 25.4 19.6 9.7 95.5 NA 86.6 98 70.9 45.4 1.4
20160217 96.8 92.2 64.9 28.5 13 4.9 15.3 16.7 1.4 3.4 40.3 1.5 23.1 15.1 12.9 3.2 95.5 NA 84.4 99 76.4 38.2 1.2
20160218 97.1 95 67.3 44.3 19.8 12.6 27.1 19.6 5.2 5.2 60.8 1.4 62.5 14.1 16 9.1 95.9 NA 94 98.4 93.8 45 7.1
20160219 90.5 70.3 62.7 34.9 19.9 9.5 23.3 6.1 3.6 4.9 50 2.9 59.2 17 18.4 11.2 82.2 NA 88.6 93.9 87.2 35.3 3.6
20160220 97.2 37.5 32.9 30.4 9.4 5.8 15.7 1.5 1.4 5.2 46.2 0.9 48.3 10.4 20 8.9 62.7 NA 63.7 92.5 95.5 31.5 0.7
20160221 88.8 40.6 33.2 32.6 9.2 4.4 8 0.8 0.4 2.1 32.8 0.9 49.2 2 6.6 0.1 65.9 NA 65.2 97.3 35.3 31.8 0.9
20160222 86.3 39.5 27.4 18.3 4 7.8 2.4 0 0 2.2 44 0.9 37.9 1.5 9 0.9 57.9 NA 48.7 99 69.8 38.5 0.9
20160223 86.3 38 14.8 17.5 2.6 7.9 4.6 0.1 0 2.2 41.3 0.5 39.2 1.6 9.8 0.9 54 NA 48.8 99.4 79.1 45.8 1.2
20160224 86.1 52.4 20 10.2 1.4 11.8 6.1 0 0 4.2 44.1 0.5 32.4 1.4 9.8 0.1 51.4 NA 49.3 99.8 57 45.2 0.9
20160225 79 36.8 23.1 6.6 2.7 5 3.1 0 0 2.1 33.7 0.5 33.3 3.7 8.8 0.3 35 NA 39.7 96.8 70.2 45.1 0.1
20160226 77.8 13.4 8 1.3 3.3 4.5 3.5 0 0 3.1 28.2 0.5 32.2 2.4 7.3 0.4 33.1 NA 40.6 97 75.3 33.1 0.7
20160227 85.7 5.6 5.7 0.3 2.7 2.5 0.2 0 0 0.4 28.6 0 32.4 5 6.7 0.3 14.8 NA 30.8 92.9 43.8 33.9 0.1
20160228 82 2.5 2 0.2 1.7 1.8 0.6 0 0 0 20.6 0 21.9 1.3 5.5 0.1 6.5 NA 38.6 94.8 37.9 32.4 0.1
20160229 64.5 0 0 0.2 6.3 0.8 0.2 0 0 1 43.4 0 19.8 9.2 14.3 5.5 6.3 NA 20.2 97.5 84.3 40.4 0.1
20160301 73.6 0 0 0.2 2.8 1 0.9 0 0 2.2 40.5 0 18.3 7.4 12.3 9.2 5.6 NA 28.2 97.9 82.4 37.7 0
20160302 95 2.5 0.7 0.7 13.2 13.4 11.7 2.7 1.3 4.5 48.4 0 39.5 7.3 12.7 10.8 18 NA 66.1 99.1 93.1 62.2 0.8
20160303 96.8 8.2 2.1 1 13.3 18.9 25.7 1 0.6 4.6 57.9 0 59.8 9.3 12.8 14.9 53.9 NA 86.3 98.1 95.7 66.7 1.6
20160304 96.8 0 9.7 1.1 15.2 20.1 27.8 0 0.5 2.5 55.1 0.1 54.2 6.7 15.2 13.7 79.1 NA 86.7 98.1 95.7 61 1.5
20160305 96.8 0 8.4 1.7 13.7 16.9 33.8 0 0.4 2.4 43 0.1 54 4.8 14.9 12.5 79.1 NA 92.7 98.1 95.7 53.9 1.5
20160306 87.9 0 17.4 3.2 4.5 6.4 36.8 0 0 0.3 27.6 0.4 58.8 6.8 11.6 5.2 66.4 NA 92.5 97.7 93.3 53.9 2.6
20160307 77.3 0 3.9 0.1 3.9 1.5 4.3 0 0 0.1 19.5 0 51.5 7.1 9.3 1.6 17.3 NA 55.9 97.7 63.7 39.6 0.3
20160308 74.3 0 0.1 0.1 2.7 1 1.8 0 0 0 19.4 0 32.2 2.8 8.1 2.9 11 NA 55.2 97.7 53.1 38.1 0.1
20160309 73.2 0 0 0 3 0.9 1.8 0 0 0.2 14.3 0 28.8 0.6 6.7 2.6 9.1 NA 54.5 97.6 46.1 34.9 0
20160310 72.3 0 0 0 3.3 1 0.6 0 0 0.2 23.8 0 23.3 0.4 5.4 0.8 0.2 NA 39.6 95 48 35.3 0
20160311 76.6 0 0 0 1.2 0.4 0 0 0 0.5 15.3 0 15.8 0 6.7 0.3 0 NA 44.3 86 39.5 38.9 0
20160312 66.9 0 0 0 0.9 0.7 0 0 0 0.1 11.9 0 12.4 0.9 6.8 0.1 0 NA 27.1 76.5 31.5 31.7 0
20160313 64.3 0 0 0 0.7 0.7 0 0 0 0 14 0 11.3 0.5 6 0.3 0 NA 24.8 76.5 37.1 31.7 0
20160314 64.3 0 0 0 0.6 0.8 0 0 0 0 14.2 0 11.6 0.9 5.5 0.3 0 NA 12.1 81.3 39.1 25.6 0
20160315 58 0 0 0 0.7 0.7 0 0 0 0 11.2 0 11.6 1 6.5 0.3 0 NA 11.8 80.7 45.2 28 0.2
20160316 18.6 0 0 0 0.1 0.7 0 0 0 0 15.1 0 9.1 0 3.9 1.4 0 NA 7.2 95 23.6 21.9 0.3
20160317 14.1 0 0 0 0.1 0 0 0 0 0 0.2 0 0.6 0 3.7 0.3 0 NA 0.2 73.4 13.8 18.5 0
20160318 23.9 0 0 0 0 0.1 0 0 0 0 0 0 0.6 0 3.4 0.1 0 NA 0 53.9 3.2 16.7 0
20160319 11.5 0 0 0.2 0 0.1 0 0 0 0 0 0 2.9 3.6 6.4 3.8 0 NA 0 67.8 24.7 23.9 0.2
20160320 1.5 0 0 0 1.5 0.1 0 0 0 0 3.5 0 0.6 0 2.9 1.7 0 NA 0 79.1 27.2 25.5 0
20160321 0.7 0 0 0 0.1 0 0 0 0 0 2.4 0 0.4 0 3.3 0.1 0 NA 0 58.3 8.5 10.3 0
20160322 0.6 0 0 0 0 0.1 0 0 0 0 0.6 0 0 0 3.2 0.1 0 NA 0 47.4 3.9 9.8 0
20160323 0.4 0 0 0 0.1 0 0 0 0 0 0.4 0 0 0 3.1 0.1 0 NA 0 43.3 7 9.9 0
20160324 0.4 0 0 0 0.1 0 0 0 0 0 0 0 0 0 3 0.1 0 NA 0 44.6 2.6 9.2 0
20160325 0.3 0 0 0 0.3 0 0 0 0 0 0 0 0 0 3 0.1 0 NA 0 50.7 2.5 10.2 0
20160326 0.3 0 0 0 0 0 0 0 0 0 0 0 0 0 2.7 0.1 0 NA 0 49.7 2.4 9 0
20160327 0.2 0 0 0 0 0 0 0 0 0 0 0 0 0 2.7 0.1 0 NA 0 33.2 2 8.1 0
20160328 0.2 0 0 0 0 0 0 0 0 0 0 0 0 0 2.7 0.1 0 NA 0 33.4 2 7.9 0
20160329 0.2 0 0 0 0 0 0 0 0 0 0 0 0 0 2.5 0.1 0 NA 0 37.3 2 7.5 0
20160330 0.4 0 0 0 0 0 0 0 0 0 0 0 0 0 2.8 0.1 0 NA 0 36.3 2.3 7.6 0
20160331 0.4 0 0 0 0 0 0 0 0 0 0 0 0 0 2.7 0.1 0 NA 0 30.5 1.9 8.5 0
20160401 0.4 0 0 0 0 0 0 0 0 0 0 0 0 0 2.7 0.1 0 NA 0 32.1 1.9 8.5 0
20160402 0.4 0 0 0 0 0 0 0 0 0 0 0 0 0 2.4 0.1 0 NA 0 32.1 1.9 8.5 0
20160403 0 0 0 0 0 0 0 0 0 0 0 0 0 0 2.4 0.1 0 NA 0 15.1 1.5 5.5 0
20160404 0 0 0 0 0 0 0 0 0 0 0 0 0 0 2.3 0.1 0 NA 0 15 1.5 5.3 0
20160405 1.9 0 0 0 0.1 0 0 0 0 0 0.7 0 0.1 0 2.7 0.1 0 NA 0 20.6 2.6 5.9 0
20160406 0 0 0 0 0 0 0 0 0 0 0 0 0 0 2.4 0.1 0 NA 0 14.6 2.1 5.6 0
20160407 0 0 0 0 0 0 0 0 0 0 0 0 0 0 2.4 0.1 0 NA 0 13.3 2.1 5.2 0
20160408 0 0 0 0 0 0 0 0 0 0 0 0 0 0 2.4 0.1 0 NA 0 11.8 2.1 4.6 0
20160409 0 0 0 0 0 0 0 0 0 0 0 0 0 0 2.3 0.1 0 NA 0 12.1 0.8 4.5 0
20160410 0 0 0 0 0 0 0 0 0 0 0 0 0 0 2.3 0.1 0 NA 0 11.9 0.8 4.5 0
20160411 0 0 0 0 0 0 0 0 0 0 0 0 0 0 2.2 0.1 0 NA 0 12.3 0.8 4.5 0
20160412 0 0 0 0 0 0 0 0 0 0 0 0 0 0 2.3 0.1 0 NA 0 11.8 1.1 4.6 0
20160413 0 0 0 0 0 0 0 0 0 0 0 0 0 0 2.3 0.1 0 NA 0 10.7 0.8 4.7 0
20160414 0 0 0 0 0 0 0 0 0 0 0 0 0 0 2.3 0.1 0 NA 0 9.7 0.6 4.4 0
20160415 0 0 0 0 0 0 0 0 0 0 0 0 0 0 2.3 0.1 0 NA 0 6.2 0.6 4.1 0
20160416 0 0 0 0 0 0 0 0 0 0 0 0 0 0 2.3 0.1 0 NA 0 5.8 0.6 4.1 0
20160417 0 0 0 0 0 0 0 0 0 0 0 0 0 0 2.2 0.1 0 NA 0 5.5 0.6 4 0
20160418 0 0 0 0 0 0 0 0 0 0 0 0 0 0 2.2 0 0 NA 0 3.9 0.6 4.2 0
20160419 0 0 0 0 0 0 0 0 0 0 0 0 0 0 2.2 0 0 NA 0 2 0.5 3.9 0
20160420 0 0 0 0 0 0 0 0 0 0 0 0 0 0 2.2 0.1 0 NA 0 2.9 0.7 4 0
20160421 0 0 0 0 0 0 0 0 0 0 0 0 0 0 2.2 0.1 0 NA 0 2.5 0.7 3.9 0
20160422 0 0 0 0 0 0 0 0 0 0 0 0 0 0 2.2 0.1 0 NA 0 2.5 0.7 3.9 0
20160423 0 0 0 0 0 0 0 0 0 0 0 0 0 0 2.1 0 0 NA 0 0.4 0 3 0
20160424 0 0 0 0 0 0 0 0 0 0 0 0 0 0 2 0 0 NA 0 0.4 0 1.5 0
20160425 0 0 0 0 0 0 0 0 0 0 0 0 0 0 2 0 0 NA 0 0.4 0 1.5 0
20160426 0 0 0 0 0 0 0 0 0 0 0 0 0 0 2 0 0 NA 0 0.4 0 0.8 0
20160427 0 0 0 0 0 0 0 0 0 0 0 0 0 0 2.1 0 0 NA 0 0 0 0 0
20160428 0 0 0 0 0 0 0 0 0 0 0 0 0 0 2.1 0 0 NA 0 0 0 0 0
20160429 0 0 0 0 0 0 0 0 0 0 0 0 0 0 2.1 0 0 NA 0 0 0 0 0
20160430 0 0 0 0 0 0 0 0 0 0 0 0 0 0 0.7 0 0 NA 0 0 0 0 0
20160501 0 0 0 0 0 0 0 0 0 0 0 0 0 0 1.2 0 0 NA 0 0 0 0 0
20160502 0 0 0 0 0 0 0 0 0 0 0 0 0 0 0.5 0 0 NA 0 0 0 0 0
20160503 0 0 0 0 0 0 0 0 0 0 0 0 0 0 0.5 0 0 NA 0 0 0 0 0
20160504 0 0 0 0 0 0 0 0 0 0 0 0 0 0 0.5 0 0 NA 0 0 0 0 0
20160505 0 0 0 0 0 0 0 0 0 0 0 0 0 0 0 0 0 NA 0 0 0 0 0
