19771221 30.7 31.4 5 7.6 6.3 5 5.3 5 5 5 8.3 5 8.9 5.5 8 5.3 33.4 NA 45.9 27.3 5 12.1 5
19771222 34.2 39.7 7.9 9 6.5 5.7 5.7 5 5 5 9.5 5.3 11.1 6 9.3 5.6 42.1 NA 49 38.6 8 16 5
19771223 39.3 46.2 11 10.5 6.5 6.2 6 5 5 5.1 11.1 5.7 13.6 6.3 10.2 5.8 52.1 NA 52 46.3 9.7 19.1 5.1
19771224 42.8 54.4 13.9 11.9 6.7 7 6.4 5 5 5.2 12.3 6 15.7 6.8 11.5 6.1 60.8 NA 55.1 57.6 12.7 23 5.1
19771225 49 64.2 18.2 14.3 6.8 7.5 7 5 5 5.2 14.3 6.4 18.5 7.2 12.7 6.3 68.3 NA 54.7 67.3 15 26.3 5.2
19771226 52.5 72.4 21.1 15.7 7 8.2 7.3 5 5 5.3 15.5 6.7 20.6 7.7 14 6.6 77 NA 57.8 78.6 18 30.2 5.2
19771227 57.7 78.9 24.2 17.2 7.1 8.7 7.7 5 5 5.3 17.1 7.1 23.1 8 15 6.8 87 NA 60.9 86.3 19.7 33.3 5.3
19771228 61.2 87.1 27.1 18.6 7.3 9.5 8 5 5 5.4 18.3 7.4 25.3 8.5 16.2 7.2 95.7 NA 63.9 97.6 22.7 37.2 5.3
19771229 66.7 87.5 29.7 19.1 7.3 8.9 10 5 5 5.5 19.6 7.1 25.8 9.3 16.1 7.4 95.6 NA 64.2 97.7 25 36.7 5.3
19771230 72 89.2 34.1 19.5 7.3 8.7 12.2 5 5 5.6 19.8 6.7 25.7 9.8 16 7.6 95.6 NA 64.9 97.8 27.6 36.9 5.4
19771231 77.5 89.6 36.7 20 7.3 8.1 14.2 5 5 5.7 21.1 6.4 26.2 10.5 15.9 7.9 95.5 NA 65.1 97.8 29.9 36.3 5.4
19780101 83.5 93.5 40 19.6 7.3 7.9 16.3 5 5 5.8 22 6 26.5 11.4 15.7 8.1 94.9 NA 68.1 99.7 33.2 36 5.5
19780102 89 93.8 42.7 20.1 7.4 7.3 18.2 5 5 5.9 23.3 5.7 26.9 12.2 15.5 8.4 94.8 NA 68.3 99.7 35.5 35.4 5.5
19780103 94.3 95.6 47 20.5 7.4 7.1 20.5 5 5 6.1 23.4 5.3 26.9 12.7 15.5 8.6 94.8 NA 69 99.8 38 35.7 5.5
19780104 99.8 95.9 49.7 21 7.4 6.6 22.4 5 5 6.1 24.7 5 27.3 13.4 15.3 8.8 94.7 NA 69.2 99.9 40.4 35.1 5.6
19780105 98.6 95 55.3 25 8.3 7 22.3 5.5 5.4 6.6 27.4 7.2 27.5 14.1 16.4 9.3 94.8 NA 70.3 99.6 39.6 35.6 5.9
19780106 94.8 94.1 60.1 28.1 9 7.4 22.1 6 5.8 7 30.2 8.7 27.8 14.3 17.2 9.6 94.6 NA 71.8 99.3 38.5 35.5 6.1
19780107 93.6 93.2 65.7 32.1 9.9 7.7 21.9 6.5 6.2 7.5 32.9 10.9 27.9 14.9 18.3 10 94.7 NA 72.9 99 37.7 36 6.5
19780108 91.5 92.2 71.5 34.7 11.3 8.1 21.8 7 6.7 8 36.3 12.4 28.6 14.8 19.2 10.5 94.8 NA 73.9 98.7 36.8 36.3 6.7
19780109 90.3 91.3 77.1 38.7 12.2 8.5 21.6 7.6 7.1 8.5 38.9 14.6 28.7 15.4 20.3 10.9 94.9 NA 75 98.4 36.1 36.8 7.1
19780110 86.5 90.3 82 41.8 12.9 8.9 21.4 8.1 7.5 8.9 41.8 16.1 29 15.6 21.1 11.2 94.7 NA 76.5 98.2 34.9 36.7 7.3
19780111 85.3 89.4 87.6 45.8 13.8 9.3 21.3 8.6 7.9 9.4 44.4 18.3 29.1 16.2 22.2 11.7 94.8 NA 77.6 97.9 34.2 37.2 7.6
19780112 86.5 90.5 88.7 54.1 19.3 15 24.4 14.1 9.8 12.6 50.1 16.9 38.6 17 23.4 13.3 94.4 NA 79.8 98.2 44.1 44.1 8.2
19780113 87.9 91.7 89.7 59.7 24.1 19.2 26.9 17.5 10.8 16.9 57.8 16.5 45.6 17.6 24.5 14.5 94.1 NA 82.1 98.4 51.4 49 8.7
19780114 89.1 92.8 90.8 68 29.6 24.9 30 23 12.7 20.1 63.5 15 55.1 18.4 25.7 16.1 93.8 NA 84.2 98.8 61.3 56 9.2
19780115 92.7 91.8 91.7 73.3 34.3 29.4 33 26.3 14 24.7 71.8 13.9 62.9 19.9 27.4 17.3 97.7 NA 86.7 99.1 68.5 62.5 9.8
19780116 93.9 92.9 92.9 81.6 39.8 35.1 36.2 31.9 15.9 28 77.5 12.5 72.4 20.7 28.6 18.9 97.4 NA 88.9 99.4 78.5 69.5 10.4
19780117 95.2 94.1 93.9 87.2 44.5 39.3 38.7 35.2 16.9 32.2 85.2 12.1 79.4 21.3 29.7 20.1 97 NA 91.1 99.7 85.7 74.4 10.9
19780118 96.5 95.2 95 95.5 50 45 41.8 40.7 18.8 35.4 90.9 10.6 88.9 22.1 31 21.7 96.7 NA 93.3 100 95.6 81.3 11.4
19780119 96.5 95.2 94.3 95.2 46.6 39.3 42.9 37.9 17.3 32.8 90.4 10.6 84.8 23 30 21.3 97.2 NA 93.8 99.6 95.1 81.1 10.5
19780120 96.5 95.2 93.9 95.2 44.2 35.5 45 35.7 16.3 29.3 89.7 8.7 81.3 23 28.6 20.8 97.5 NA 94.7 99.3 94.5 81.1 9.8
19780121 96.5 95.2 93.2 94.8 40.8 29.8 46.1 32.8 14.8 26.7 89.2 8.7 77.2 23.9 27.6 20.5 98.1 NA 95.1 98.9 94 80.8 8.9
19780122 100 100 92.7 95.3 38.5 25.9 48.8 32.2 13.8 23.6 90.2 6.9 73.7 23.9 26.4 19.9 98.5 NA 96.6 98.5 94.7 81.3 7.9
19780123 100 100 91.9 95 35.1 20.2 49.9 29.3 12.4 21 89.8 6.9 69.6 24.7 25.4 19.6 99 NA 97.1 98.1 94.1 81 7
19780124 100 100 91.6 95 32.7 16.4 51.9 27.1 11.3 17.5 89.1 5 66.1 24.8 24 19.1 99.3 NA 98 97.8 93.6 81.1 6.3
19780125 100 100 90.8 94.7 29.3 10.7 53.1 24.2 9.8 14.9 88.6 5 62 25.7 23 18.7 99.8 NA 98.4 97.4 93 80.8 5.4
19780126 100 99.9 91.5 95 31.4 15.7 54.4 27.9 10 14.8 88.8 9.2 65.7 24.8 22.8 18 99.8 NA 98.4 97.8 93.4 82.2 6.6
19780127 100 99.8 92.4 95 32.1 19.4 55.9 30.8 10.1 14.7 89.1 13.9 68.1 24.7 23.3 17.5 99.8 NA 96.5 98.1 94.1 83.1 8.1
19780128 100 99.7 93 95.3 34.2 24.5 57.2 34.4 10.3 14.6 89.3 18.1 71.8 23.8 23.1 16.7 99.7 NA 96.5 98.5 94.5 84.4 9.3
19780129 100 99.6 95.9 97.8 36.1 28.2 58.3 35.7 10.5 14.7 88.9 22.8 76.4 24.2 23.3 16.1 99.8 NA 96.1 98.9 95.9 84.5 10.7
19780130 100 99.5 96.6 98.1 38.2 33.3 59.6 39.3 10.7 14.6 89.1 27 80.2 23.3 23.1 15.3 99.7 NA 96.1 99.3 96.3 85.8 11.9
19780131 100 99.3 97.5 98.1 38.9 36.9 61.2 42.3 10.8 14.5 89.4 31.7 82.5 23.2 23.6 14.8 99.7 NA 94.2 99.6 97 86.7 13.4
19780201 100 99.3 98.1 98.4 41.1 42 62.5 45.9 11 14.4 89.6 35.9 86.2 22.3 23.4 14.1 99.7 NA 94.2 100 97.4 88.1 14.6
19780202 100 99.3 98.2 98.4 44.1 47.4 61.8 44.8 12.7 17.6 87.6 37.2 85.6 32.3 25.4 16.7 99.6 NA 94.2 100 97.5 89.5 14.2
19780203 100 99.5 98.4 98.4 46.9 51 60.9 44.1 15.3 21.4 86.7 37.7 83.5 39.3 26.3 18.8 99.6 NA 95.7 100 97.6 90.4 13.9
19780204 100 99.6 98.5 98.4 49.9 56.4 60.3 43 17 24.6 84.7 39 82.8 49.4 28.3 21.4 99.5 NA 95.8 100 97.8 91.9 13.4
19780205 100 99.7 99.6 100 52.8 60 59.6 42.3 19.1 28 84.2 40.4 80.8 55.9 29.6 23.5 99.5 NA 95.5 100 97.6 94.4 13.1
19780206 100 99.7 99.7 100 55.8 65.4 59 41.2 20.8 31.2 82.1 41.7 80.1 65.9 31.6 26.1 99.4 NA 95.5 100 97.7 95.8 12.7
19780207 99.9 99.9 99.9 100 58.6 69.1 58.1 40.5 23.4 35.1 81.3 42.2 78 72.9 32.5 28.1 99.4 NA 97.1 100 97.8 96.8 12.4
19780208 99.9 100 100 100 61.6 74.5 57.4 39.4 25.1 38.3 79.2 43.5 77.3 82.9 34.5 30.8 99.4 NA 97.1 100 98 98.2 11.9
19780209 99.8 100 100 100 62.9 69.6 60.1 39.9 24.6 34.7 80.4 43.2 79.2 82.7 39.1 30.5 99.1 NA 97.1 99.9 97.9 97.5 18.2
19780210 99.8 100 100 100 67.4 63.2 63.1 39.7 22.7 29.7 81 43.1 80.1 81.9 43 30.4 98.8 NA 97.3 99.9 97.8 97 23.9
19780211 99.7 100 100 100 68.7 58.3 65.7 40.2 22.3 26 82.1 42.8 81.9 81.7 47.6 30.1 98.5 NA 97.3 99.8 97.7 96.2 30.2
19780212 99.6 100 100 100 71.7 52.8 68.6 40 20.6 22.7 83.2 42.5 84.7 82.1 53 30.1 98.1 NA 97.4 99.8 98.6 94.8 35.9
19780213 99.5 100 100 100 72.9 47.9 71.2 40.5 20.1 19.1 84.3 42.2 86.5 81.9 57.7 29.8 97.8 NA 97.4 99.8 98.5 94.1 42.2
19780214 99.5 100 100 100 77.5 41.6 74.2 40.4 18.2 14.1 84.9 42.1 87.4 81 61.6 29.7 97.5 NA 97.7 99.8 98.4 93.5 47.8
19780215 99.4 100 100 100 78.7 36.7 76.8 40.8 17.7 10.5 86.1 41.8 89.2 80.8 66.2 29.4 97.2 NA 97.7 99.7 98.3 92.8 54.2
19780216 99.5 99.9 100 100 80.3 44.9 79.2 44.2 22 18.2 87 45.1 89.7 83.3 70.2 35.7 97.3 NA 97.7 99.8 98.5 93.5 52
19780217 99.6 99.9 100 100 79 53 81.7 47.2 27.2 26.3 87.9 49.1 89.6 84.9 74.7 41.5 97.6 NA 97.8 99.8 98.6 94 50.5
19780218 99.7 99.8 100 100 80.5 61.2 84.1 50.6 31.5 34 88.9 52.4 90.1 87.4 78.7 47.8 97.7 NA 97.8 99.9 98.7 94.7 48.4
19780219 99.7 99.8 100 100 83.4 70.5 88.1 53.8 37 42.6 91.3 57.5 89.4 89.2 83.2 53.8 97.9 NA 98 99.9 99.6 94.9 46.1
19780220 99.8 99.7 100 100 85 78.7 90.5 57.2 41.3 50.4 92.3 60.7 90 91.7 87.1 60.1 98 NA 98 99.9 99.7 95.6 43.9
19780221 99.9 99.6 100 100 83.7 86.8 93 60.2 46.5 58.5 93.2 64.8 89.8 93.4 91.7 65.9 98.3 NA 98.1 99.9 99.8 96.1 42.4
19780222 100 99.6 100 100 85.2 95 95.4 63.5 50.8 66.2 94.2 68 90.4 95.8 95.6 72.2 98.4 NA 98.1 100 100 96.8 40.3
19780223 100 99.6 100 100 86.5 95 95.4 67 49.6 61.9 93.6 66.5 91.1 95.8 95.3 75.1 98.7 NA 98.1 99.9 100 96.8 39.7
19780224 100 99.7 100 100 86.9 95.1 95.4 71.2 48.4 56.5 93.9 62.9 92.1 95.8 94.9 77.5 98.8 NA 98.1 99.9 100 96.8 39
19780225 100 99.8 100 100 88.1 95.1 95.4 74.8 47.1 52.2 93.3 61.4 92.8 95.8 94.5 80.4 99.1 NA 98.1 99.9 100 96.9 38.5
19780226 100 99.8 100 100 88.6 95.3 95.5 77.5 45.4 46.7 92.5 58.1 94.8 97.6 94.3 82.6 99.3 NA 98.1 99.8 100 98.5 38.4
19780227 99.9 99.9 100 100 89.9 95.3 95.5 81 44.1 42.4 92 56.6 95.5 97.6 93.9 85.4 99.6 NA 98.1 99.8 100 98.5 37.9
19780228 99.9 99.9 100 100 90.3 95.3 95.5 85.2 42.9 37 92.3 53 96.5 97.6 93.5 87.9 99.7 NA 98.1 99.8 100 98.5 37.2
19780301 99.9 100 100 100 91.5 95.4 95.5 88.7 41.7 32.6 91.7 51.5 97.2 97.6 93.1 90.7 100 NA 98.1 99.7 100 98.5 36.7
19780302 99.9 100 100 100 90.3 95.4 95.4 82.6 40.1 35.1 92 52.9 96.6 96.7 92.3 90 100 NA 98.1 99.7 100 98.5 36
19780303 99.9 100 100 100 89.8 95.3 95.4 78.3 39.4 37.8 92.7 53.4 94.3 94.4 90.4 88.5 100 NA 98 99.7 100 98.5 35.3
19780304 99.9 100 100 100 88.6 95.3 95.3 72.1 37.8 40.3 93 54.7 93.6 93.6 89.6 87.7 100 NA 98 99.7 100 98.5 34.7
19780305 99.9 100 100 100 86.9 95 94.8 65.8 35.3 41.5 93.8 57 92.7 90.7 87.1 85.2 100 NA 97.3 99.7 99 98.5 33.7
19780306 99.9 100 100 100 85.7 95 94.8 59.6 33.7 44 94.1 58.3 92 89.9 86.2 84.4 100 NA 97.3 99.7 99 98.5 33.1
19780307 99.9 100 100 100 85.1 94.9 94.8 55.3 33 46.7 94.8 58.8 89.7 87.5 84.3 83 100 NA 97.2 99.6 98.9 98.5 32.4
19780308 99.9 100 100 100 83.9 94.9 94.7 49.2 31.4 49.2 95.1 60.2 89.1 86.7 83.5 82.2 100 NA 97.2 99.6 98.9 98.5 31.7
19780309 99.9 98.4 99.8 100 84 92.8 94 48.6 31.2 49.3 95 51.4 86.6 87.3 84.6 83.3 98.8 NA 97.2 99.7 98.9 97.1 29
19780310 99.9 97.2 99.6 100 84.7 91 93.3 47.6 30.6 48.1 95 45.9 82.3 88.4 86.6 84.2 97.9 NA 97.3 99.7 99 95.3 26.4
19780311 99.9 95.6 99.4 100 84.9 88.9 92.6 47 30.4 48.2 94.8 37 79.8 89.1 87.7 85.3 96.7 NA 97.3 99.8 99 93.8 23.7
19780312 99.9 93.8 96.6 100 84.8 86.9 91.3 46 29.2 47.8 94.6 28.2 76 89 89.4 87.2 95.5 NA 96.9 99.8 99.9 92.1 20.6
19780313 99.9 92.2 96.3 100 84.9 84.8 90.6 45.4 29 47.9 94.4 19.3 73.5 89.6 90.4 88.3 94.3 NA 96.9 99.9 99.9 90.7 17.9
19780314 99.9 91 96.2 100 85.6 83 89.9 44.4 28.4 46.6 94.4 13.9 69.2 90.7 92.5 89.3 93.4 NA 97 99.9 99.9 88.9 15.3
19780315 99.9 89.4 96 100 85.8 80.9 89.2 43.8 28.2 46.8 94.3 5 66.7 91.3 93.5 90.3 92.2 NA 97 100 99.9 87.5 12.6
19780316 98.5 87.4 95.4 99.2 76 79 82.5 40.5 26.1 43 94 5 65.8 79.9 85.2 81.1 91.5 NA 90.6 99.9 99.6 86.5 11.8
19780317 97.5 86 94.9 97.6 64.8 75.7 75.9 35.6 23.3 39 92 5 65.7 67.2 75.2 72 90.9 NA 83.9 99.9 99.6 84.2 10.5
19780318 96.1 84 94.3 96.8 55.1 73.7 69.2 32.3 21.2 35.3 91.7 5 64.9 55.7 66.8 62.7 90.2 NA 77.4 99.8 99.3 83.2 9.6
19780319 90.2 78.3 91.4 91 45.3 71.2 62.6 27.4 19 32.7 91.8 5 63 43.6 56.2 54.9 85.1 NA 70.6 99.8 98.1 81.8 8.1
19780320 88.7 76.3 90.9 90.1 35.6 69.3 55.9 24.1 16.9 29 91.5 5 62.1 32.1 47.8 45.6 84.4 NA 64.2 99.7 97.8 80.9 7.2
19780321 87.8 75 90.3 88.5 24.4 66 49.4 19.2 14 25 89.5 5 62.1 19.5 37.8 36.5 83.8 NA 57.5 99.7 97.8 78.6 5.9
19780322 86.4 72.9 89.8 87.7 14.6 64.1 42.7 15.9 12 21.2 89.2 5 61.2 8 29.5 27.3 83.1 NA 51 99.6 97.5 77.6 5
19780323 87 73.6 88.7 88.5 14.6 59.9 43 14.7 11.1 19.8 83.8 5 60.9 8.9 31.3 26.6 82 NA 51.9 99.6 97.5 77.2 5.1
19780324 87.4 74.9 89 90.1 14.7 55.2 43.8 12.7 9.9 18.1 78.7 5 58.6 9.9 33.3 27.5 81.3 NA 52.5 99.6 97.6 77.8 5.1
19780325 88.1 75.6 88 91 14.7 51 44.1 11.4 9.1 16.7 73.3 5 58.3 10.9 35.1 26.8 80.3 NA 53.3 99.6 97.6 77.4 5.1
19780326 88.5 75.7 86.9 91.8 12.4 45.5 43.1 9.5 7.9 15.1 68.3 5 58.1 11.8 34.6 25.3 83.6 NA 53.1 98.3 94.3 76.9 5.2
19780327 89.2 76.4 85.8 92.6 12.4 41.3 43.4 8.2 7 13.7 62.9 5 57.7 12.8 36.4 24.6 82.5 NA 54 98.3 94.3 76.5 5.3
19780328 89.6 77.6 86.2 94.2 12.5 36.7 44.2 6.3 5.8 12 57.7 5 55.5 13.8 38.4 25.5 81.8 NA 54.5 98.3 94.4 77.1 5.3
19780329 90.2 78.4 85.1 95 12.5 32.5 44.5 5 5 10.6 52.3 5 55.2 14.7 40.2 24.8 80.7 NA 55.4 98.3 94.4 76.7 5.3
19780330 88.2 74.1 81.5 94 12.1 33.1 43.4 5 5 9.9 50.1 5 51.7 13.6 37.2 23.6 74.2 NA 56.1 98.3 93 74.5 5.3
19780331 85.3 69.3 78.9 93.3 11.8 33.4 42.1 5 5 9.2 48.2 5 50.5 12.6 33.9 22.1 68.7 NA 57.1 98.3 92.1 72.8 5.3
19780401 83.3 65 75.3 92.4 11.5 34.1 40.9 5 5 8.5 46 5 47 11.4 30.9 20.8 62.2 NA 57.8 98.3 90.7 70.6 5.2
19780402 81.6 59.7 71.5 91.7 11 35.1 39.5 5 5 8.1 45.3 5 43.7 10.3 27.5 19.6 56 NA 58.8 99.5 92.6 67.9 5.1
19780403 79.6 55.4 67.8 90.7 10.7 35.7 38.4 5 5 7.3 43.1 5 40.2 9.2 24.5 18.3 49.5 NA 59.5 99.5 91.2 65.7 5.1
19780404 76.6 50.6 65.3 90 10.4 36 37.1 5 5 6.7 41.2 5 39 8.1 21.2 16.8 44 NA 60.5 99.4 90.3 63.9 5.1
19780405 74.6 46.3 61.7 89.1 10.1 36.7 36 5 5 6 39 5 35.5 7 18.2 15.6 37.5 NA 61.2 99.4 88.9 61.8 5
19780406 73.7 43.9 58.3 83.5 9.4 34.8 33.1 5 5 5.9 35.2 5 33.9 6.7 17.5 14.4 36.6 NA 60.5 99.3 86.2 61.5 5
19780407 72.2 39.4 54.7 78.6 8.6 33.4 30.1 5 5 5.7 30.5 5 32.8 6.4 16.5 13.5 35.3 NA 59.6 99.3 83.8 61.3 5
19780408 71.2 37 51.3 73.1 8 31.5 27.2 5 5 5.6 26.7 5 31.1 6.2 15.8 12.4 34.4 NA 58.8 99.2 81.1 61.1 5
19780409 65.4 34.5 47.9 68.4 7.1 29.4 23.3 5 5 6 24.3 5 28.8 5.9 14.7 11.2 33 NA 57.7 94.2 75.6 59.8 5
19780410 64.4 32.1 44.5 62.9 6.5 27.5 20.4 5 5 5.9 20.5 5 27.2 5.7 14 10 32.1 NA 57 94.1 72.9 59.5 5
19780411 63 27.6 40.9 57.9 5.7 26 17.3 5 5 5.7 15.8 5 26.1 5.3 13 9.1 30.8 NA 56.1 94.1 70.5 59.3 5
19780412 62 25.2 37.5 52.4 5 24.2 14.4 5 5 5.6 12 5 24.5 5.1 12.3 8 29.9 NA 55.3 94 67.8 59.1 5
19780413 58 22.1 33.2 50.5 5 22.2 13.4 5 5 5.6 12.4 5 23.2 5.1 12.3 8.2 25.5 NA 47.4 93.9 69.7 55 5
19780414 54.2 19 28.8 47.4 5 20.1 12.5 5 5 5.6 13.4 5 21.1 5.1 12.3 8.5 22.6 NA 42.5 93.8 71.7 51.6 5
19780415 50.3 15.9 24.5 45.6 5 18.1 11.5 5 5 5.6 13.9 5 19.8 5.1 12.3 8.7 18.2 NA 34.6 93.7 73.5 47.5 5
19780416 45 14.2 21.1 43.8 5 16.9 10.5 5 5 5 10.6 5 18 5 12.4 8.8 11.7 NA 27.2 97.2 73 44.4 5
19780417 41.1 11.1 16.7 42 5 14.9 9.5 5 5 5 11.1 5 16.7 5 12.4 9 7.3 NA 19.4 97.1 74.8 40.3 5
19780418 37.3 8.1 12.3 38.9 5 12.8 8.6 5 5 5 12 5 14.6 5 12.5 9.3 4.4 NA 14.4 97 76.8 36.9 5
19780419 33.3 5 8 37 5 10.8 7.6 5 5 5 12.5 5 13.3 5 12.5 9.5 0 NA 6.5 96.8 78.7 32.8 5
19780420 29.3 5 7.5 34.9 5 10 7.3 5 5 5 11.2 5 12.2 5 11.8 9.7 0 NA 6.5 91.9 76.1 31 5
19780421 25.3 5 7.2 31.8 5 9.2 6.8 5 5 5 10.6 5 11 5 11.2 9.4 0 NA 6 86.1 73.7 29.8 5
19780422 21.4 5 6.7 29.7 5 8.4 6.5 5 5 5 9.3 5 9.9 5 10.6 9.5 0 NA 6 81.1 71.2 28 5
19780423 18.9 5 6.3 27.5 5 7.5 6.1 5 5 5 8.6 5 8.4 5 10.1 9.3 5 NA 5.5 74.2 67.6 26.5 5
19780424 14.9 5 5.8 25.4 5 6.7 5.8 5 5 5 7.3 5 7.3 5 9.5 9.5 5 NA 5.5 69.2 65 24.7 5
19780425 10.9 5 5.5 22.3 5 5.8 5.3 5 5 5 6.6 5 6.1 5 8.9 9.2 5 NA 5 63.5 62.6 23.5 5
19780426 6.9 5 5 20.2 5 5 5 5 5 5 5.4 5 5 5 8.3 9.3 5 NA 5 58.5 60 21.7 5
19780427 6.7 5 5 19.2 5 5 5 5 5 5 5.3 5 5 5 8.2 8.6 5 NA 5 52.3 55.1 20.3 5
19780428 6.4 5 5 18.4 5 5 5 5 5 5 5.3 5 5 5 8.1 8.2 5 NA 5 46.6 50 19 5
19780429 6.1 5 5 17.5 5 5 5 5 5 5 5.2 5 5 5 8 7.4 5 NA 5 40.4 45 17.6 5
19780430 5.8 5 5 16.7 5 5 5 5 5 5 5.2 5 5 5 7.8 6.9 5 NA 5 33.3 38.7 15.9 5
19780501 5.5 5 5 15.8 5 5 5 5 5 5 5.1 5 5 5 7.7 6.1 5 NA 5 27.1 33.8 14.5 5
19780502 5.3 5 5 15 5 5 5 5 5 5 5.1 5 5 5 7.6 5.8 5 NA 5 21.4 28.7 13.2 5
19780503 5 5 5 14 5 5 5 5 5 5 5 5 5 5 7.5 5 5 NA 5 15.2 23.7 11.8 5
