19891213 24.4 54.5 0 0 2.5 0 0 0 0 0 8.4 0 0 6.5 3.9 0.3 80 NA 40.1 60.7 19.6 1.6 0
19891214 36.7 54.5 0.7 0 2.8 0 0 0 0 0 20.2 0 5.4 7.3 5 0.5 89.9 NA 44.4 79.5 27 13 0
19891215 46.1 54.3 1.5 0 3.2 0 0 0 0 0 31.9 0 10.9 7.7 5.8 0.8 94.8 NA 47.2 93.1 32.7 22.2 0
19891216 56.1 64 4.2 2.3 3.7 0 0 1.6 0 0 32 0 11 7.4 5.9 0.8 94.8 NA 49.3 92.8 35.2 24.3 0
19891217 61.5 70.4 6 3.8 4.1 0 0 2.7 0 0 32.1 0 11 7.2 6.1 0.9 94.8 NA 51.5 93.2 38.4 26.3 0
19891218 69.8 80 8.7 6.1 4.7 0 0 4.2 0 0 32.2 0 11.1 7 6.3 0.9 94.8 NA 54.1 92.1 41.6 28.4 0
19891219 68.5 80 10.3 5 5.1 0 0 3.8 0.3 0.1 35.8 0 11.1 5.6 6.5 1.1 94.8 NA 50.6 92.7 43.1 28.1 0
19891220 66.9 80 11.8 3.9 5.3 0 0 3.4 0.5 0.3 39 0 11 3.9 6.5 1.3 94.8 NA 46.8 93 43.4 27.6 0
19891221 76 90 25.3 4 5.7 0 0.1 2.2 0.4 1.1 42.6 0 14.7 8.6 7.1 1.3 94.9 NA 48.9 94.3 53.1 35.4 0
19891222 84.7 95 36.3 4.1 5.9 0 0.3 1.1 0.3 1.7 44.8 0 18.4 12.9 7.5 1.3 95 NA 50.7 95 61.8 41.9 0
19891223 85.4 95 47.9 33.1 5.5 0 0.2 5 1.2 1.8 48.4 3.7 19.2 13.4 7.6 1.9 95 NA 50.3 95 68.3 45.2 0
19891224 85.4 95 55.7 54 5.2 0 0.1 7.9 1.8 1.9 50.3 6.2 19.7 13.9 7.6 2.4 95 NA 50 95 73 46.4 0
19891225 85.6 95 67.7 83.7 4.9 0 0 12 2.7 2 53.3 10 20.4 14.5 7.7 3 95 NA 49.9 95 78.6 49.2 0
19891226 91.6 93.7 64.4 58.1 11.7 2.3 3.9 13.4 3.6 4.2 57.6 8.9 32.9 20.4 15.2 7.8 95 NA 65.8 95 73.6 49.8 0
19891227 94.5 91.1 60.4 31.6 16.5 4.1 7.2 14.7 4.2 5.7 61.3 7.3 43.1 26.1 22.4 11.6 95 NA 79.8 95 63.8 50.5 0
19891228 94.7 91.6 58.6 50.7 15.5 4.7 11.2 14.9 4 7.6 67.7 3.9 43.5 27.4 25.7 11.9 95 NA 83.6 95 71.3 49.5 0.1
19891229 95 91.8 56.7 66.5 13.7 5.2 13.8 15 3.5 8.6 71.7 0 43.7 28.3 28.8 11.9 95 NA 85.8 95 75.4 47.4 0.1
19891230 95 92.1 50 64.6 13.5 4.9 13.1 13.5 3 8.2 72.5 1 42.8 24.4 28 11.7 95 NA 84.9 95 76.7 47.5 0.1
19891231 95 92.1 45.7 62.4 13.2 4.7 12.7 12.6 2.7 7.9 71.4 2 42.1 21.8 27.4 11.4 95 NA 84.3 95 77.4 47.8 0.1
19900101 94.9 92.3 39.1 60.6 13.1 4.5 11.9 10.9 2.3 7.5 70.7 3.2 41.4 17.8 26.5 11.1 95 NA 83.2 95 78.4 47.9 0.1
19900102 94.9 89.9 56.7 48.9 14.8 4.5 16.1 8.9 2.8 7.9 70.8 7.4 45.5 16.8 25.8 10.3 95 NA 76.2 95 79.4 46.9 0.1
19900103 94.8 86.1 71.3 35.4 15.3 4.5 19.2 6.9 3.4 8 70.9 11.3 49.1 15.7 24.9 9.5 95 NA 68 95 79.9 44.9 0
19900104 96.7 84.1 71.6 30.9 13.6 4.2 13.2 6.2 2.7 5.1 59.1 12.3 46.5 17.8 26.3 7.9 95 NA 61.6 100 82.3 46.6 0
19900105 93.7 82.5 70.5 25.3 10.5 3.7 6.8 5 1.7 1.6 46 12.7 43.4 19.8 27.2 5.7 95 NA 55.8 100 82.3 46.4 0
19900106 96.8 80.3 67.4 29.3 16.3 3.9 8.5 4.9 2 2.4 50 9.8 41.4 26.5 28.7 7.2 95 NA 62.2 100 90.4 47.4 0
19900107 93.8 75.7 61.1 32.3 19.3 4.4 9.2 4.9 2.4 2.9 51.1 5.9 40.8 32.8 29.8 8.6 95 NA 69.8 96.6 91.8 46.8 0
19900108 95.4 72.1 56.1 34.1 25 4.5 10.9 4.8 2.7 3.7 53.9 3 39.5 40.4 31.2 10.1 95 NA 74.6 96.6 96.3 47.4 0
19900109 95.4 62 53.3 53.7 20.7 4.3 11.1 6.9 3.8 4.6 54 4.3 39.6 42.7 31.8 10.3 82.6 NA 63.9 96.7 83.9 44.1 0
19900110 95.3 51.5 49.1 75.3 14.2 3.8 9.3 8.8 4.7 5.1 53.6 5.6 38.4 43 32.1 9.5 70.2 NA 52.7 96.7 69.7 40.7 0
19900111 95.5 50 43.3 77 13.5 5.6 9.3 9.1 3.9 5.1 56.7 2.8 36.9 42 34.1 8.6 82.6 NA 61.3 96.7 66.4 41.2 1.6
19900112 95.5 48.5 37.5 76.2 12.2 7.4 8.4 8.8 2.9 5 58.9 0 35.4 38.3 35 7.4 95 NA 66.9 95.7 62.3 41.3 3.2
19900113 95.5 47.9 36.3 76.6 12.4 7.2 10.1 9 3.1 5 57.2 0 36.1 38.4 34.6 7.2 95 NA 68.8 95.7 63.6 41.4 3
19900114 95.5 47.3 35.3 76.8 12.8 7 14.5 9.4 3.3 5.5 56.1 0 36.4 38.4 34.3 7.7 95 NA 72.2 95.7 65.3 41.7 2.8
19900115 95.5 46.8 34.3 77.2 13 6.8 16.1 9.6 3.5 5.4 53.6 0 36.9 38.3 33.8 7.5 95 NA 74.2 95.7 68 41.8 2.6
19900116 95.5 46.2 33 77.5 13.2 6.5 17.7 9.9 3.7 5.5 52.6 0 37.3 38.4 33.5 7.4 95 NA 76.4 95.7 67.6 41.9 2.4
19900117 92 70.8 40.2 86 9 5.9 8.6 15.8 7.3 10 76.2 21.6 46.8 28.2 17.9 7.8 95 NA 86 96.7 89.6 52.1 1.9
19900118 91.4 70.7 38.9 90.8 10.4 4.6 21.4 12.6 4 6.2 66.1 17.6 45.9 21.7 15.7 6.2 95 NA 78.5 96.7 85.9 51.4 2
19900119 90.2 70.3 37.5 95.4 10.8 3.3 34.3 8.9 0.4 1.3 52.9 12.5 44.2 13.9 13 4.3 95 NA 70 96.7 79.2 49.1 2.1
19900120 91.1 69.3 38.2 92.7 13 3.9 35.4 9.1 1.4 3.1 63.2 11.2 45.7 17.1 18.4 7.2 95 NA 75.6 96.7 86.7 56.4 1.9
19900121 91.2 69.1 38.9 89.5 14.6 4.7 36.4 9.5 2.1 4.6 72.8 9.5 46.6 19.6 22.1 9.2 95 NA 82.8 96.9 90.6 60.7 1.5
19900122 91.7 67.1 39.3 85.7 16.7 5.4 37.3 9.3 3 6.4 82.9 8.2 47.8 22.7 27.4 12.2 95 NA 86.8 96.9 96.2 67.2 1.3
19900123 91.9 67.9 30.5 81.7 18.2 5.9 28 10.1 3.2 6.6 80.6 6.7 45.2 23.7 28 11.8 95 NA 84.2 96.9 94.4 66.2 2.2
19900124 91.9 67.4 17.2 75.2 19.7 6.3 16.4 10.8 3.4 5.9 76.1 5.2 42.5 24.6 28.5 11.1 95 NA 74.4 96.9 90.4 63.9 3.1
19900125 92 47.2 11.4 58 16.9 4.6 12.5 9.2 1.8 5.8 77.2 5.2 40 27.1 28.5 14.1 80.5 NA 63.6 96.9 90.1 55.2 1.5
19900126 92 28 6.1 40.8 12.3 2.9 6 7.6 0.3 5.5 78 5.3 37.4 29.6 28.1 16.5 62.3 NA 50.5 96.9 89 45.1 0
19900127 87.4 25 4.9 40.5 11.8 3.2 4.8 6.5 0.3 3.9 72 3.7 35.9 29.1 26.9 15.8 63.1 NA 57.1 96.9 89.4 43.4 0
19900128 82.1 19.4 3.7 35.4 11.6 3.3 3.2 5.7 0.4 2.5 63.2 1.6 33 28.6 25.9 15.3 63.8 NA 65.5 96.7 88.9 42.1 0
19900129 75.6 15.8 2.5 32.6 11.1 3.6 2.3 4.6 0.4 0.7 54.8 0 31.5 28 24.6 14.4 64.3 NA 69.3 96.7 88.9 40.3 0
19900130 75.9 25.6 18.7 57.4 13.7 15.4 7.9 4.8 0.9 2.3 56.2 0 31.1 25.5 24.8 15 66.1 NA 58.1 96.7 89 43.2 0
19900131 76.7 35.7 30 85.3 15.3 27.1 13.1 5 1.3 3.8 56.8 0 30.6 23.1 24.9 15.4 68.8 NA 40.9 96.6 88.9 45.5 0
19900201 76.4 19.6 21.4 61.2 11.5 23.4 9.4 2.5 1.3 4 55.1 0 31.8 35.1 33.8 16.4 49.5 NA 42.2 100 87.9 43.8 0
19900202 76.2 3.1 8.3 37 5.7 19.8 5.5 0.1 1.3 3.9 51.7 0 32.7 46.9 41.3 17 24.6 NA 42.8 100 85 39.9 0
19900203 81.8 17.6 17.7 54.9 9.2 24.9 8.3 3.5 1.5 5 54.2 6.9 39 46.7 40.6 19.3 49.6 NA 48.9 100 92.3 48.3 0.1
19900204 87.5 28 24.6 67.7 12.4 28.4 9.7 5.8 1.6 5.5 55.6 13.6 43.6 45.2 39.5 20.8 69.5 NA 50.6 95.7 91.7 55.2 0.2
19900205 92 42.5 33.9 85.6 16.5 33.6 12.5 9.3 1.8 6.6 57.7 20.5 49.8 44.2 38.8 23 94.4 NA 54.5 95.7 95.3 64.7 0.3
19900206 91.8 33.7 30.6 79.2 11.5 33.2 15.5 9.6 1.8 6.9 58.7 21.6 53.2 36.3 40.6 22.2 94.7 NA 57.8 100 90.2 65.1 1
19900207 91.4 20.7 24.1 68.5 5.9 31.3 18.4 9.9 1.9 7.2 59.6 21.6 55.4 28.4 41.9 20.2 95 NA 60.1 100 84.4 63.9 1.6
19900208 91.7 24.5 29.3 74.8 18.2 22.8 17.3 9.2 1.7 7.1 61.3 21.2 51.9 39 40.7 22.6 88.3 NA 55.9 100 89.4 63.7 2.1
19900209 91.8 25.6 31.2 78.8 30.5 12.9 15.2 8.5 1.4 6.9 63.1 20.6 47.3 48.9 38.8 24.5 81.5 NA 51.6 96.7 93.8 62.1 2.6
19900210 91.2 22.4 21.9 67.7 30.7 10.8 11.1 5.3 0.9 4.6 59 14.3 45.2 55.3 35.7 22.1 77.3 NA 52.6 96.7 89.3 56.7 1.8
19900211 91.2 17.7 14.4 52 30.3 9.1 8.2 3.2 0.5 3.3 57.2 8.5 43.8 59.4 33.8 19.8 77.3 NA 53.7 96.6 85.1 52.8 1.2
19900212 89.9 12.8 4.5 37.2 30.4 6.9 4.6 0 0 1 53 3.5 41.6 65.5 30.3 17.1 68.8 NA 54.4 96.6 80.1 47.8 0.5
19900213 89.8 9.1 5.6 38.4 20.2 5.6 4.5 0 0 1.9 52.3 1.7 33.5 58.2 30.1 16.8 56.8 NA 52.6 96.7 86.6 47.6 0.4
19900214 89.6 2.2 5.7 36.4 8.7 4.2 3.7 0 0 2.8 51.2 0 25.4 52 29.7 16 46.2 NA 48.3 96.7 92.2 46.9 0.2
19900215 89.7 2.8 4.8 35.7 7.7 5.7 4.3 0.2 0.7 3.1 50.8 0 36.5 60.1 31.8 20.4 45.1 NA 55.6 96.7 92.6 47.4 0.2
19900216 89.8 3.4 2.9 34.6 5.8 6.5 4.9 0.3 1.4 3.5 50.1 0 47.6 69.2 32.7 23.5 46.2 NA 60.2 96.7 92.3 47.4 0
19900217 93.7 10.1 4.1 35.3 20 10.7 7.5 4.1 2.9 6.6 58.4 4.8 50 72.7 34 24.3 44 NA 55.2 96.7 93.9 58.3 0.5
19900218 93.6 15.1 5 36.6 29.8 13.6 9.4 6.6 3.9 8.6 64.4 8 51.6 70.9 34.2 24.7 35 NA 52.8 96.6 93.8 65.9 0.9
19900219 95.6 21.7 6.5 37.5 43.8 17.7 12.1 10.4 5.3 11.7 72.7 12.8 53.7 71.6 35.1 25.3 29.5 NA 46.8 96.6 94.6 76.6 1.4
19900220 90.9 13.7 5.8 34.2 44.5 15.3 12.7 5.2 2.7 9.4 62 6.4 59.2 72.7 43.6 22.6 33.2 NA 50.5 96.6 94.3 68 1.9
19900221 86.3 5.6 5.2 29.8 42.1 12.3 11.9 0 0 6.6 50.5 0 64.6 72.7 49.4 19.2 37.5 NA 51.9 96.6 93.7 60 2.3
19900222 84.8 2.8 3.5 34.2 31 10.2 12 0 0 5.5 50.9 0 47.6 67.9 46.3 15.3 32.1 NA 45.4 96.6 85 65.5 1.2
19900223 82.5 0 1.4 33.7 15.7 7.3 10.3 0 0 4 50.4 0 30.6 63 40.3 10.4 27.4 NA 37.7 95.7 76.5 69.5 0
19900224 84.1 22.3 6.2 49.3 23.5 11.1 16.4 0 0 4.1 50.4 8.1 48.2 68.3 48.1 17 42.7 NA 52.3 95.7 79.1 79 3.5
19900225 86.5 37.2 9.5 68 29 13.7 20.5 0 0 4.7 50.7 13.5 60.2 73.3 54 22.5 61.3 NA 62.1 100 83.8 84.4 5.8
19900226 87.2 59.4 14.2 80 36.9 17.4 27.2 0 0 4.9 51 21.6 77.9 78.6 61.6 29.3 73.1 NA 75.3 100 84.8 91.9 9.2
19900227 84.9 58.8 20.2 83 51.9 26 25.6 0 0 4.5 55.9 23.3 77.8 83.5 66.7 30.6 86.3 NA 71.1 100 92.1 93.3 14.4
19900228 81.7 59.2 26.3 84.5 64.3 34.1 19.6 0 0 3.8 58.7 24.9 77.6 85.5 69.5 31.4 95.7 NA 62.4 96.7 95.7 92.9 19.5
19900301 82.2 68.8 28.9 76.9 59.6 27.4 22.2 0 0 6.2 63.4 34.1 76 55.7 70.6 31.1 88.6 NA 62.4 96.7 96.6 92.4 20.8
19900302 81 79.3 31.6 69.7 55 20.7 24.4 0 0 7.5 66.5 43.5 74.4 29.1 71.7 30.2 78.3 NA 62.3 96.6 96.6 91.3 22.2
19900303 84.1 84.6 40.2 75 64.7 28.3 25.2 4 1.4 6.1 69 27.3 71.2 48.3 81 41.4 80.9 NA 68.2 96.6 96.6 90.7 16.3
19900304 87.7 84.9 47 76.3 72.7 33.4 25.5 6.6 2.4 5.5 71.6 16.2 68.9 70.4 85.6 48.2 84 NA 72.2 96.6 96.3 90.7 12.4
19900305 90.2 87.6 55.5 78.6 80.5 40.9 26.1 10.5 3.9 4.2 73 0 65.5 85.6 93.1 58.5 85.7 NA 78 96.6 96.3 89.4 6.5
19900306 90.5 88.1 63.2 79.2 80.3 49.7 47.2 10.3 3.8 8 79.7 16.1 55.7 84.3 90.5 60.5 85.1 NA 82.7 96.7 96.7 85.6 9.6
19900307 90.8 88.4 70.3 77.6 80 58.4 67.5 10.1 3.8 11.2 85.8 32.2 45.8 81.9 86.8 62.1 84.4 NA 87.2 96.7 96.6 81.1 12.6
19900308 91.1 88.4 79.8 79.5 69.3 52.6 67.4 10.9 3.7 9 82.2 30.9 48.3 82.1 82 56 92.2 NA 87.3 96.7 94.7 84.8 12.8
19900309 91.5 88.3 87.4 78.3 58.6 46.7 66.9 11.7 3.6 6.5 77.5 29.6 50.7 82.2 74.6 48.2 96.5 NA 87.3 96.6 93 88.2 13
19900310 90.6 70.4 75.4 85.8 62.9 44.4 59.9 9.3 3 6.4 78.3 21.9 50.6 84.2 72.8 48.7 91.2 NA 81.4 96.6 92.4 89.3 9.3
19900311 89.3 54.8 65.4 89.5 62.9 42.6 53.3 7.6 2.5 6.5 78.5 14.7 50.5 84.3 72.4 48.6 89.4 NA 74.9 95.7 92 89.8 6.1
19900312 88.1 33.9 51.5 95.2 65 40.1 44.7 5.2 1.9 6.3 78.5 7.1 50.2 85.2 68.7 48.4 79.1 NA 68.7 95.7 91.3 90.4 2.5
19900313 89.4 29 44.8 90 54.3 39.6 40.1 3 1 11.4 78.8 3.6 47.6 85.3 69.2 48.3 78.6 NA 67.4 96 90 88.4 2.4
19900314 88.7 25.9 40.3 84.5 40.5 36.6 33.1 0.7 0 14.7 78.7 0 45.1 85.3 69.5 47.5 74.9 NA 66 96 88.7 85 2.3
19900315 88.8 16.6 26 70.2 38.9 21.6 20.6 0.7 0 10.8 73.6 0 35.5 84.5 64.2 32.6 53.2 NA 55.2 96 90.6 75.6 1.2
19900316 88.9 0.8 8.1 53.7 36.2 5.8 4 0 0 4.5 64.3 0 26.9 82.8 59.2 17 31.7 NA 39.9 95.7 92.8 64.1 0.2
19900317 89.2 0.8 7.1 53.5 37.7 6.1 2.4 0 0 2.7 64.6 0 27.3 82.4 59.4 16.6 35.1 NA 37.2 95.7 89.8 61.2 0.2
19900318 89.1 0 6.7 52.5 39.4 5.6 1.8 0 0 1.5 59.1 0 25.9 82 59.5 15.6 38.1 NA 34.2 95.8 86.3 59.8 0
19900319 89 0 5.7 51.9 41.3 6 0.9 0 0 0.4 57 0 26 81.2 58.6 14.6 41 NA 30.8 95.8 82.2 56.8 0
19900320 74.5 0 3.5 33.1 39.4 3.6 1.6 0 0 0.6 52.4 0 25.6 43.7 38.6 12.9 37.7 NA 17.3 96.6 77.8 54 0
19900321 57.9 0 0 11.4 36.4 1.3 2 0 0 0.8 46.6 0 25.3 10.9 19.7 9.3 34.9 NA 2.3 96.6 74 49.6 0
19900322 53 0 0 8.4 24.8 0.7 1 0.1 0 0.6 42.3 0 21 10 21.1 8.9 19.1 NA 1.2 96.6 72.8 49.6 0
19900323 49.7 0 0 4.4 11.3 0 0 0.1 0 0.4 36.4 0 13.9 6 20.3 8.2 0.6 NA 0.2 95 69.7 48.2 0
19900324 49.8 0 0 5 9 0 0 0.1 0 0.8 40.8 0 17.7 16.2 22.4 9.6 0.6 NA 0.2 95 73.6 48.4 0
19900325 53.3 0 0 5.7 5.9 0 0 0 0 1 42.9 0 20.8 26.4 25.6 10.4 0 NA 0 96.6 77.3 48.2 0
19900326 50.2 0 0 6.1 3.7 0 0 0 0 1.3 46.2 0 24.6 38 27.5 12.2 0 NA 0 96.6 81.2 48.3 0
19900327 51.2 0 0 5.1 3.8 0 0 0 0 0.9 43.2 0 19.7 36 29.9 11.8 0 NA 0 96.9 73.3 45.7 0
19900328 51.7 0 0 3.8 3.1 0 0 0 0 0.4 39.8 0 14.7 31.6 30.3 11.1 0 NA 0 96.8 65.2 42.6 0
19900329 43.4 0 0 4.3 3.2 0 0 0 0 0.4 42.6 0 13.1 24.7 21.8 9.9 0 NA 0 96.9 68.6 40.9 0
19900330 37.3 0 0 4.7 2.7 0 0 0 0 0.4 43.8 0 11.5 18.3 12.7 8.5 0 NA 0 96.9 71.6 38.1 0
19900331 37.9 0 0 3.3 2.5 0 0 0 0 0.3 41.4 0 11.5 16.8 13 8.2 0 NA 0 96.9 73.5 37.1 0
19900401 38.6 0 0 2.1 2.2 0 0 0 0 0.3 39.8 0 11.5 15.9 11.6 7.9 0 NA 0 96.4 74.5 36.3 0
19900402 39 0 0 0.6 1.9 0 0 0 0 0.3 37.2 0 11.6 13.7 11.3 7.8 0 NA 0 96.4 75.6 35.5 0
19900403 26.5 0 0 1.3 1.6 0 0 0 0 1.1 28.2 0 8.5 10.4 9.2 7.6 0 NA 0 96.4 64.1 33.3 0
19900404 13.7 0 0 2 1.3 0 0 0 0 1.9 16.1 0 5.5 4.7 6.2 7.1 0 NA 0 95 50.6 30.6 0
19900405 18.3 0 0 1.9 1 0 0 0 0 1 20.2 0 2.8 4.6 6.8 6.7 0 NA 0 95 59.3 29.4 0
19900406 20.6 0 0 1.7 0.8 0 0 0 0 0 21.5 0 0 4.5 7.3 5.6 0 NA 0 95 66.6 27.1 0
19900407 17.5 0 0 1.5 0.8 0 0 0 0 0 16.8 0 0 4.3 6.8 4 0 NA 0 95 70.7 26 0
19900408 12.2 0 0 1.3 0.6 0 0 0 0 0 10.5 0 0 3.1 5 3.4 0 NA 0 95 70.6 25.6 0
19900409 7.5 0 0 1.1 0.5 0 0 0 0 0 5.2 0 0 3 4.6 1.8 0 NA 0 95 72.1 24.3 0
19900410 7.2 0 0 0.9 0.6 0 0 0 0 0 6.1 0 0 3 4.4 2.1 0 NA 0 95 68.3 23.5 0
19900411 6.8 0 0 0.7 0.7 0 0 0 0 0 6.5 0 0 3.1 4.2 2.1 0 NA 0 95 64.1 22.6 0
19900412 6.8 0 0 0.8 0.6 0 0 0 0 0 6.2 0 0 1.5 4.6 1.6 0 NA 0 95 65.8 22.8 0
19900413 6.8 0 0 0.8 0.6 0 0 0 0 0 5.7 0 0 0 4.9 1 0 NA 0 95 67.3 23.1 0
19900414 6.5 0 0 0.5 0.6 0 0 0 0 0 4.5 0 0 0 3.9 0.6 0 NA 0 79.9 56.3 19.5 0
19900415 1.4 0 0 0.3 0.6 0 0 0 0 0 2.9 0 0 0 2.5 0.3 0 NA 0 69.8 48.1 16.8 0
19900416 1.2 0 0 0 0.6 0 0 0 0 0 1.6 0 0 0 1.3 0 0 NA 0 49.8 33.8 12.3 0
19900417 1.2 0 0 0 0.6 0 0 0 0 0 1.6 0 0 0 1.3 0 0 NA 0 49.8 33.8 12.3 0
19900418 1.2 0 0 0 0.6 0 0 0 0 0 1.6 0 0 0 1.3 0 0 NA 0 49.8 33.8 12.3 0
19900419 0.7 0 0 0 0.7 0 0 0 0 0 1.2 0 0 0 1.8 0 0 NA 0 68.7 37.2 11.1 0
19900420 0 0 0 0 0.6 0 0 0 0 0 0.5 0 0 0 2.4 0 0 NA 0 92.3 40.1 8 0
19900421 0 0 0 0 0.6 0 0 0 0 0 0.5 0 0 0 2.4 0 0 NA 0 92.3 40.1 7.9 0
19900422 0 0 0 0 0.5 0 0 0 0 0 0.4 0 0 0 2.4 0 0 NA 0 92.3 38.1 7.8 0
19900423 0 0 0 0 0.5 0 0 0 0 0 0.4 0 0 0 2.4 0 0 NA 0 92.3 38.1 7.7 0
19900424 0 0 0 0 0.3 0 0 0 0 0 0.2 0 0 0 2.1 0 0 NA 0 85.5 32.9 6.4 0
19900425 0 0 0 0 0 0 0 0 0 0 0 0 0 0 1.7 0 0 NA 0 74.1 25.7 4.7 0
19900426 0 0 0 0 0 0 0 0 0 0 0 0 0 0 1.4 0 0 NA 0 37.2 20.1 2.5 0
19900427 0 0 0 0 0 0 0 0 0 0 0 0 0 0 1.1 0 0 NA 0 2 14.9 0.2 0
