19961126 0.3 0 0 0 0 0 0 0 0 0 0 0 0 0 1.8 0 0 NA 0 0 0 0 0
19961127 0.9 0 0 0 0 0 0 0 0 0 0 0 0 1.6 2.4 0 0 NA 0 0 0.2 0 0
19961128 1.3 0 0 0 0 0 0 0 0 0 0 0 0 3.2 2.8 0 0 NA 0 0 0.4 0 0
19961129 1.9 0 0 0 0 0 0 0 0 0 0 0 0 5 3.4 0 0 NA 0 0 0.6 0 0
19961130 2.5 0 0 0 0 0 0 0 0 0 0 0 0 3.8 3.1 0 0 NA 0 0 0.6 0 0
19961201 3.5 0 0 0 0 0 0 0 0 0 0 0 0 2.9 2.9 0 0 NA 0 0 0.8 0 0
19961202 4.2 0 0 0 0 0 0 0 0 0 0 0 0 1.5 2.6 0 0 NA 0 0 0.8 0 0
19961203 5 0 0 0 0 0 0 0 0 0 0 0 0 0.6 2.3 0 0 NA 0 0 0.9 0 0
19961204 4.7 0 0 0 0 0 0 0 0 0 0 0 0 0.5 2.3 0 0 NA 0 0 0.5 0 0
19961205 4.6 0 0 0 0 0 0 0 0 0 0 0 0 0.3 2.3 0 0 NA 0 0 0.4 0 0
19961206 4.4 0 0 0 0 0 0 0 0 0 0 0 0 0.2 2.2 0 0 NA 0 0 0 0 0
19961207 5.3 0 0 0 0 0 0 0 0 0 0 0 0 0.2 2.1 0 0 NA 0 0 0 0 0
19961208 6.3 0 0 0 0 0 0 0 0 0 0 0 0 0.1 2.1 0 0 NA 0 0 0.5 0 0
19961209 8.3 0 0 0 0 0 0 0 0 0 0 0 0 0.1 2 0 0 NA 0 0 0.5 0 0
19961210 8.1 0 0 0 0 0 0 0 0 0 0 0 0 0 1.9 0 0 NA 0 0 0.5 0 0
19961211 9.1 0 0 0 0 0 0 0 0 0 0 0 0 0.1 2 0 0 NA 0 0 0.5 0 0
19961212 10.4 0 0 0 0 0 0 0 0 0 0 0 0 0.1 2.2 0.1 0 NA 0 0 2.2 0 0
19961213 12 0 0 0 0 0 0 0 0 0 0 0 0 0.2 2.3 0.1 0 NA 0 0 2.2 0 0
19961214 11.2 0 0 0 0 0 0 0 0 0 0 0 0 0.2 2.2 0.1 0 NA 0 0 2.2 0 0
19961215 7.5 0 0 0 0 0 0 0 0 0 0 0 0 0.1 2 0.1 0 NA 0 0 2.2 0 0
19961216 4 0 0 0 0 0 0 0 0 0 0 0 0 0.1 1.8 0 0 NA 0 0 0 0 0
19961217 1.8 0 0 0 0 0 0 0 0 0 0 0 0 0.1 1.7 0 0 NA 0 0 0 0 0
19961218 13 9.1 0 0 0 0 0.1 0 0 0 0 0 0 0.2 1.8 0 20 NA 11.3 4.4 0.6 0.3 0
19961219 22.3 17.7 0 0 0 0 0.2 0 0 0.1 0 0 0 0.2 2 0.1 35 NA 19.3 9.9 5.4 0.5 0
19961220 32.9 27.9 0 0 0 0 0.4 0 0 0.1 0 0 0 0.2 2.2 0.1 55 NA 30.6 14.4 6.1 0.8 0
19961221 32.1 21.8 0 0 0 0 0.4 0 0 0.2 0.6 0 0 0.2 3 0.1 47.2 NA 31.6 17.8 5.7 0.7 0
19961222 33.1 16.9 0 0.1 0 0 0.3 0 0 0.2 1.7 0 0 0.2 3.7 0.1 39.4 NA 33.9 21.1 5 0.6 0
19961223 31.3 9.2 0 0.1 0 0 0.2 0 0 0.3 2.2 0 0 0.2 4.5 0.1 28.8 NA 35.5 23.6 0.9 0.4 0
19961224 30.8 4.1 0 0.1 0.1 0 0.1 0 0 0.3 2.8 0 0 0.1 5.2 0.1 23 NA 37 26.8 0.3 0.2 0
19961225 51.9 26.5 0.4 0.2 0.4 0 0.7 0 0 0.9 7.8 0 0 4.5 6.4 0.4 50.7 NA 47.8 49.7 3.1 5.5 0
19961226 71.2 41.5 0.7 0.4 0.7 0.1 1.2 0.1 0.1 1.3 11.7 0 0 8.9 7.3 0.8 74.8 NA 54.2 72.2 5.9 10.7 0
19961227 94.7 64 1.2 0.5 1.2 0.1 1.7 0.1 0.1 1.9 16.9 0 0 14 8.5 1.2 93.9 NA 63.2 95.4 9.1 16.6 0
19961228 94.9 49.3 1 0.4 1.2 0.1 1.5 0.1 0.1 2 17 0 0 12 9.1 0.9 70 NA 60.4 95.3 9.9 15.5 0
19961229 95.1 33.8 0.6 0.3 0.9 0.1 1.7 0.1 0 2.1 16.9 0 0 10.5 9.8 0.7 50.8 NA 58.8 95.1 9.6 15.2 0
19961230 95.2 18.7 0.3 0.1 0.7 0 1.5 0 0 1.9 16.8 0 0 8 10.4 0.3 22 NA 54.8 94.7 9.4 13.9 0
19961231 95.4 3.5 0 0 0.6 0 1.2 0 0 2 16.7 0 0 6.4 10.8 0.1 2.7 NA 52.2 94.5 9.3 13.1 0
19970101 95.4 7.9 0 0 0.7 0 1.6 0 0 2 17.6 0 0 6.5 10.3 0.1 5.7 NA 52.5 93.1 9.3 12.5 0
19970102 95.4 14.1 0 0 0.8 0 1.6 0 0 2 18 0 0 6.8 9.7 0.1 13 NA 50.7 93.8 9.1 12 0
19970103 95.4 19.3 0 0 1.2 0 2 0 0 2 19.2 0 0 6.8 9.2 0.1 16.3 NA 51.1 92.6 9.1 11.7 0
19970104 90.1 15.2 0 0 1.5 0 1.6 0 0 1.8 24.9 0 0 6.9 8.7 0.1 16 NA 49.7 92.8 8.7 14 0
19970105 87.9 10.9 0 0 1.4 0 1.4 0 0 1.9 31 0 0 6.9 8.1 0.1 15.4 NA 48.7 95.3 8 17.3 0
19970106 82 5.7 0 0 1.6 0 0.8 0 0 1.6 36.7 0 0 6.8 7.7 0.1 15.1 NA 46.3 95.6 7.6 19.5 0
19970107 78.6 0.5 0 0 1.6 0 0.4 0 0 1.3 41.9 0 0 6.6 6.9 0.2 14.1 NA 44.4 95.4 6.8 21.8 0
19970108 85.2 14.7 0 0.6 2 0.2 0.4 1 0 1.2 36 0.2 0 7.6 7.5 0.2 33 NA 46.5 95.7 8.7 19.7 0
19970109 88.4 29.1 0 1 2.8 0.4 0.4 1.5 0 1.2 30.9 0.4 0 8.1 8 0.4 53 NA 50.5 95.5 11 17 0
19970110 92.8 43.2 0 1.6 3.3 0.5 0.5 2.5 0 1.3 25.3 0.8 0 9.1 8.6 0.4 67.5 NA 53 95.7 13.8 14 0
19970111 92.1 55.9 7.3 2 4.3 0.6 1.6 7.4 1.7 3.3 28.5 0.8 1.9 14.3 9.7 0.4 70.7 NA 56.1 97.1 21.5 17 0.2
19970112 92.7 71.6 18.2 2.9 5.6 0.7 2.8 14.3 5.2 6.3 32.8 0.4 3.6 23.2 11.4 0.3 83.8 NA 58.3 97.8 32.4 20.7 0.4
19970113 90.5 84.3 25.5 3.3 6.3 0.8 4.3 19.2 7 7.7 34.7 0.3 5.9 28.4 12.3 0.2 86.9 NA 62.2 99 39.1 24 0.7
19970114 91 96.2 34.6 3.9 7.2 0.8 4.9 25.2 8.7 9.5 37.6 0.1 6.9 34.3 13.5 0.1 95 NA 63.1 99.7 45.5 27 0.8
19970115 94.9 96.2 51.4 7.6 9.4 1.4 8.8 21 6.7 6.3 42.8 1.3 9 29.3 14.2 1.9 95 NA 66.1 99.3 43.8 30.1 1
19970116 97.9 98.2 68.6 15.4 10.6 2.1 11.8 17.3 5.6 4.6 47.2 2 10.6 27.1 15.5 4.2 99.5 NA 70.8 99.4 41.6 32.8 1.3
19970117 99.9 98.2 88.2 19.1 12.9 2.7 15.7 13.7 3.5 1.5 52.3 3.2 12.6 22.4 16.2 6 99.5 NA 73.6 99 39.8 36 1.5
19970118 99.9 96.6 89.6 35.1 14.7 5 21.4 20 7.2 4 55.3 2.6 20.4 27 18.2 6.3 99.5 NA 78.4 99.2 53.8 37.8 2
19970119 99.9 93.7 93.8 48.1 18.7 9.5 28.8 26.9 11.8 7.6 59.6 1.9 33.1 34.1 19.6 6.7 100 NA 86.8 99.6 69.8 41.8 3.2
19970120 100 93.6 95.1 66.1 20.2 11.6 34.1 32.7 15.4 10 62 0.6 41 38.4 21.4 6.8 100 NA 91.1 99.8 82.6 43.5 3.4
19970121 100 90.4 95.8 79.1 21.7 13.8 37.9 39 18.9 12.5 64 0 48.6 41.7 22.3 7.1 100 NA 95.5 100 93.1 45.2 3.9
19970122 100 84.4 89 74 19.7 16.9 30.6 25.6 13.1 9.8 64.5 0 44.6 33.3 19.5 6.4 99.9 NA 90.4 99.6 94.7 48.5 3.4
19970123 99.5 78.8 82 67 18.1 18.8 24.1 14.9 7.9 6.7 65.1 0 43.1 29.2 17.2 5.9 99.5 NA 82.4 99.4 95.6 52.4 3.7
19970124 99.5 72.2 71.7 60 16.3 21.1 17 1.4 2 4 66.1 0 39.2 20.8 14.3 5.2 99.4 NA 77.2 99 97 55.8 3.2
19970125 99.5 77.9 82 71 20.2 23.9 22.7 6.6 3.4 7.5 67.4 0.1 44.8 37 19.2 7.1 99.4 NA 82.9 99.2 97 62.7 3.4
19970126 100 88.3 86 80.2 24.1 28 27.1 14.3 5.5 12.7 68.4 0.3 50.9 50.5 23.7 9.7 99.7 NA 87.7 99.6 99 66.7 3.9
19970127 100 94.4 92.7 91.5 27.8 30.6 32.7 19.5 6.8 16.1 69.1 0.4 56.2 67 28.5 11.6 99.7 NA 93.3 99.8 99 73.6 3.6
19970128 100 99.8 99.5 100 31.1 33.8 36.3 25.9 8.5 20.5 69.3 0.6 61.6 77.6 32.2 13.7 99.7 NA 97.1 100 99 77.2 3.9
19970129 100 99.7 99.3 97 33.4 37.5 42.1 32.2 11.7 16.4 74.6 0.7 62.9 85.1 37.1 17.9 99.8 NA 97.9 100 99 78.3 2.7
19970130 100 98.2 95 91.9 35.7 41.2 47.9 38.9 15.2 13.4 81.9 0.8 62.4 92.3 42.5 22 99.8 NA 98.6 100 98.7 79.6 2.1
19970131 100 98.1 94.6 88.9 38.7 45.4 54.5 46.4 19.2 10.5 87.2 1.1 64.1 99 47.5 26.7 99.9 NA 99.7 100 98.7 80.8 1
19970201 99.5 93.2 93.1 88.5 39 37.6 53.9 41.2 15.2 9.8 83.8 1.1 61.2 97.7 47.3 24.2 99.9 NA 99.5 100 96.7 77.9 2.3
19970202 98.9 88.3 95.9 92.7 39.7 31.6 53.7 36 11.3 8.1 79.5 0.6 58.3 96.2 48.1 20.8 99.9 NA 99.2 100 94.1 74.3 3.1
19970203 98.4 83.1 94.4 92.4 39.2 22.1 53.1 30.8 6.7 7.3 78 0.3 53.3 92.2 47.8 17.4 99.9 NA 97.1 100 91.1 71.3 4.2
19970204 97.8 77.1 92.8 91.7 39.6 16 51.4 25 2.7 5.5 71.8 0 50.7 90.7 47 14 99.9 NA 96.8 100 88.2 67.4 5.2
19970205 97.3 71 91.3 88.6 34.4 12.1 43.6 17.7 2.7 7.8 75.3 0 54 90.3 48.7 11.4 99.9 NA 96.3 100 88.9 65.6 4
19970206 96.3 67.1 89 84.1 30.4 8.9 37.6 8.1 2.9 10 75.9 0 54.1 91.3 50.8 9.6 95 NA 97.4 100 84.3 62.9 3.2
19970207 95.8 59.9 87.2 81.4 24 5.5 30.6 1.2 3.6 13 78.9 0 55.8 90 51.4 7.3 95.1 NA 97.1 100 84.8 60.5 2
19970208 95.3 65.7 89.5 85.1 31.9 6.7 36.3 2.6 6.2 13.1 81.9 0 58.1 92.1 56.1 10.6 95.1 NA 95.4 100 87.9 65.7 1.7
19970209 94.8 72 91.4 89.2 39.8 7.7 41.2 3.8 7.2 12.4 86.6 0 61.1 95.7 62.6 13.7 100 NA 93.6 100 93.9 70.1 1.4
19970210 94.5 77.5 94.1 90.6 45.4 8.8 44.9 5.1 9.1 12 89.5 0 63.2 97.5 67.2 16.7 100 NA 92.2 100 97.1 75.2 1.3
19970211 93.3 82.2 95.2 94.3 53.5 9.6 48.6 6.1 10.6 10.6 92 0 64.6 99.6 72.1 19.4 100 NA 89 100 100 78.7 0.9
19970212 94.9 83.3 92.8 91.1 56.9 16.6 48.2 13.9 11.7 14.1 94 0 66.4 99.6 74.7 22 100 NA 93.8 100 100 79.6 1.7
19970213 97.5 83.3 89.7 87.1 61.9 23.5 45.2 19.1 12.6 17.8 94.7 0 67.8 98.1 79 24.7 97.9 NA 96.3 100 100 81.2 2.2
19970214 99.2 84.1 87.1 82.9 64.1 31.6 43.5 27.3 13.9 22.3 96.3 0 68.1 98.1 81.4 27.8 97.9 NA 99.3 100 100 81.4 3
19970215 99.4 83.6 88.6 87.4 63.7 33.8 45.6 29.3 12.4 22.7 94.8 2.3 68.4 97.3 83 31.5 97.9 NA 98.9 100 100 82.7 6.3
19970216 99.6 82 90.3 91 61.6 38.3 49.1 32.2 11.4 23.7 94.6 4.6 68.9 98.4 84.4 34 100 NA 98.6 100 100 83.1 9.6
19970217 99.8 81.4 91.5 96.4 58.6 41 50.6 33.6 9.7 24.1 93.8 6.9 69.3 97.4 84.6 37.1 100 NA 97.6 100 100 84 12.4
19970218 100 79.8 92.4 100 54.9 44.5 53.1 36.9 7.8 24.2 91.1 9.3 69.4 96.6 85.5 38.9 100 NA 97.2 100 100 84.3 15.7
19970219 98.5 71 85.5 96.5 51.7 33.5 45.7 28.7 6.2 16.9 82.1 5.8 59.2 92.1 82.6 34.2 90.1 NA 87.3 100 100 81.9 10.1
19970220 97.4 59.1 76.8 88.7 47.1 24.2 37.8 21.7 4.3 9.7 72.9 3.5 51.5 84.3 79 32.4 79.4 NA 75.6 99.9 98 75.7 5.9
19970221 95.4 51.5 69 84.6 43.3 14.3 28.4 12.2 2.5 2.4 63.6 0 41.3 78.9 76 27.7 65.4 NA 63 99.9 98 71.3 0.4
19970222 94.9 47.1 61.4 81 49.2 18.6 32.5 10.5 3.1 6.1 70.5 0 39.9 83.3 81.1 33.2 70.8 NA 68.3 99.9 98 74.8 0.5
19970223 94.6 44.4 52.3 77.8 54.9 23.5 35 7.4 3.5 11.3 76.5 0 37.7 91.2 87.7 40.1 81.1 NA 72.6 99.9 100 77.9 0.6
19970224 93.9 40.7 44.6 74.8 59.3 27.4 40.1 3.3 3.6 14.4 81.2 0 36.9 96.3 92.9 45.1 85.6 NA 79.8 99.9 100 81.1 0.8
19970225 92.9 36.1 35.4 71.1 64.4 31.5 42.1 0.9 3.9 17.8 87.7 0 34 100 98 50.9 94 NA 83.9 99.9 100 83.3 0.8
19970226 91.8 36.7 36.3 68.9 70.5 29.3 41.6 0.7 2.7 13.3 77.7 0 34 98.2 97.7 54.9 81.6 NA 82.9 99.9 100 84.5 0.6
19970227 91 38.2 37.5 70.2 75 30.7 41.8 0.5 1.9 7.1 69.4 0 34.1 94.9 98 58.9 74.1 NA 82.2 100 98.7 86.1 0.4
19970228 90 37.7 35.5 64.5 80.4 27.1 40.8 0.4 0.7 2.6 58.4 0 34.5 91.3 96.8 60.8 59.2 NA 80.9 99.9 98.7 86.6 0.3
19970301 91.3 33.3 33.7 66.3 69.1 25.7 37.5 0.3 0.7 3.1 61.4 0 35.7 94.9 93.9 53.8 57.3 NA 79.3 100 94.7 83.6 0.4
19970302 92.8 25.3 32.5 74.1 57.7 24.2 34.4 0.2 0.4 3 62.3 0 36.9 96.4 88.8 48.4 49.7 NA 78.2 100 91.8 83.5 0.3
19970303 94.7 20.9 30.3 75.4 45 19.3 28.6 0.1 0.2 2.7 65 0 37.8 98.2 84.7 42.1 48.2 NA 71.7 100 88.5 80.1 0.5
19970304 95.4 14.2 29.2 80.4 32.9 18.2 24.9 0 0 2.7 66.4 0 38.5 100 80 34.5 41.8 NA 69.8 100 84.4 76.6 0.5
19970305 93.1 13.6 27.4 75.3 36.1 17 22.1 0 0 3.6 63.9 0 34.5 83.2 82 40.8 33 NA 66.1 100 85.4 78.8 0.3
19970306 90.4 12.2 28.3 71.2 40.3 19.4 19.7 0 0 4.2 61.2 0 31 72.5 81.9 44.1 22 NA 56 100 88 80.9 0.2
19970307 87.2 10.4 24.6 66.8 43.1 19.2 15.7 0 0 5.4 57.7 0 26.7 55.7 83.4 48.4 10 NA 49.6 100 88.1 83.3 0.1
19970308 88.5 9.8 23.6 64 40.2 18.7 15.2 0 0 5.1 61.2 0 31.7 55.5 84.1 50.2 8.9 NA 51.6 100 90.5 84.3 0.1
19970309 90.8 9.4 16.4 60.4 34.1 16.4 14.1 0 0 3.8 63.3 0 39.4 51.7 85.7 50.7 7.8 NA 51.1 100 93.6 85.5 0.4
19970310 92.1 8.9 15.4 57.8 31.2 15.8 14.1 0 0 2.8 66.2 0 43.9 50.5 85.8 51.4 6.8 NA 55 100 94.4 86.3 0.4
19970311 94.2 8.6 11.3 53.5 26.1 13.8 12.9 0 0 1.7 68.2 0 48.1 47.6 86.6 51.3 5.1 NA 54.6 100 96.8 85.4 0.4
19970312 94.7 8 12.6 54.4 26.8 14.8 12.9 0 0 3.4 68 0 42.7 48.1 89 55.1 5.3 NA 56.9 100 94.2 86.2 0.4
19970313 93 7.4 13.6 56 27.6 16.1 14.3 0 0 5.5 66.1 0 40.1 53 91.2 58 5.6 NA 59.3 100 92.2 85 0.1
19970314 92.2 6.6 14.7 55.9 26.8 16.4 13.3 0 0 6.9 64.8 0 35.1 50.3 93.1 59.9 5.7 NA 61.3 100 88.8 85.3 0
19970315 92.4 6.4 13.1 53.9 29.5 16.5 14.5 0 0 7.3 68.2 0 35.6 62.3 93.8 65.9 5.8 NA 62.2 100 91.6 84 0
19970316 93.5 6 11.9 51.1 30.2 16 14.2 0 0 6.5 71.7 0 34.9 74.8 94.7 71 5.7 NA 63.3 100 94.4 85.3 0
19970317 93.3 5.8 10.4 49.8 32.8 15.9 16 0 0 7.6 75.3 0 34.9 86.6 95.2 76.5 5.9 NA 61.7 100 97.2 83.9 0
19970318 94.4 5.5 8.8 47.6 32.5 15.6 16 0 0 6.3 78 0 34.7 96.1 95.1 81.7 5.7 NA 62.5 100 100 82.5 0
19970319 92.8 5.5 12.5 56.6 35.9 16.2 25.2 0 0 6.5 79.8 0 34.9 90.2 93.7 78.9 5.8 NA 65.3 99.4 99.9 83.7 0
19970320 91.8 5.2 15.6 63.9 41.1 17 36.7 0 0 7 81.5 0 36.3 85.7 91.4 75.1 5.4 NA 68.8 99 99.7 87.8 0
19970321 90.1 5 18.4 70.7 44.5 17 45.4 0 0 7.7 82.8 0 36.8 77.9 89.1 71 5.2 NA 70.2 98.4 99.6 89 0.1
19970322 91.2 5 16.8 66 42.7 20.7 39.5 0 0 9.3 85.1 0 37.4 82 90.8 72.8 5.2 NA 66.5 98.2 98.8 90.9 0.1
19970323 92.5 5 14.9 61.9 38.5 25.8 36.1 0 0 9.1 86.1 0 39.2 86.9 92.5 74.3 5.1 NA 64.2 98.3 98.2 92.5 0.1
19970324 93.6 5 13.1 57.8 35.9 29.6 29 0 0 10.5 88.4 0 38.2 90.9 92.8 75.2 5.1 NA 60.3 98.1 98.2 93.6 0.1
19970325 94.7 5 10.9 52.8 31 33.8 22.9 0 0 10.5 88.8 0 38.8 96.8 94.5 75.8 5 NA 55.2 97.9 96.8 94.4 0.1
19970326 92.2 5 8.8 46.4 26.7 26.2 18.8 0 0 8.8 84 0 32.4 92.5 93.3 69.9 5 NA 49.4 97.3 97.3 89.1 0
19970327 88.5 5 6.6 40 22.4 19.9 13.7 0 0 7.9 79.6 0 28.7 89.2 92.1 62.4 0 NA 40 96.5 96.2 85.2 0
19970328 84.7 5 5 31.5 17.5 12.6 9.7 0 0 6.9 73 0 23.5 84.1 90.7 56.1 0 NA 33.5 95.8 96.2 79.9 0
19970329 85.1 5 5 31.5 14.9 13.4 9.4 0 0 7 69.5 0 25.6 85.7 87.6 54.5 0 NA 33.7 95.9 96.6 82.1 0.1
19970330 85.9 5 5 29.7 14.9 11.8 9 0 0 7.4 63.7 0 27.8 87.2 84.9 52.7 0 NA 34.4 96.1 96.1 82.3 0.2
19970331 86 0 0.5 29.8 11 12.7 8.6 0 0 6.1 59.7 0 31.3 87.8 79.5 51.3 0 NA 31.9 95 96.5 84.4 0.3
19970401 86.7 0 0.5 28.8 9.7 12.3 8.3 0 0 5.9 53.4 0 32 88.5 76.6 49 0 NA 31.2 95 95.9 84.6 0.4
19970402 84.1 0 0.5 26.7 9.9 11.9 8 0 0 3.6 52.4 0 30.3 87.3 73.7 46.3 0 NA 23.8 95.4 95.9 81.8 0.3
19970403 81.2 0 0 23.7 10 11.5 7.5 0 0 1.9 51.5 0 25.3 86.1 70.1 43.9 0 NA 17.4 96.8 96 82.3 0.2
19970404 77.2 0 0 21.2 9.8 10.8 7 0 0 0.2 51.5 0 21.9 85.1 66.4 40.3 0 NA 10.5 97.2 95.6 79.5 0.2
19970405 73.1 0 0 20.1 9.6 10.7 6.8 0 0 1.5 47.3 0 20.9 66.4 57.9 42.3 0 NA 10.5 97 93.6 78.2 0.1
19970406 69.1 0 0 19.1 9.5 10.4 6.5 0 0 2.8 42.8 0 19.7 48.8 49 42.7 0 NA 6.8 96.9 90.6 73.9 0.1
19970407 65.8 0 0 13.6 9.4 10 6.2 0 0 3.1 38.3 0 16.6 33.2 40.3 45.3 0 NA 6.8 96.6 89.4 71.4 0
19970408 60.7 0 0 12.8 8.9 10 6 0 0 4.3 32.4 0 15.1 13.4 29.9 45.8 0 NA 5 96.4 86.1 66.7 0
19970409 62.7 0 0 11.6 8.2 9 5.9 0 0 3.6 30.2 0 12.3 14.5 27.1 36.3 0 NA 5 96.4 83.3 61.3 0
19970410 62.7 0 0 11.2 7.3 7.8 5.8 0 0 3 27.4 0 9.6 15.2 21.3 21.8 0 NA 5 96.8 81.5 55.1 0
19970411 64.3 0 0 10.1 6.9 6.4 5.6 0 0 2.5 25.7 0 6.6 16 17.6 8.8 0 NA 5 96.9 78.4 47 0
19970412 61.3 0 0 9.7 7.1 6.4 5.5 0 0 1.7 27.2 0 5.8 15.6 18.5 9.1 0 NA 5 97.2 79.1 46.7 0
19970413 56.9 0 0 8.7 6.9 6.5 5.4 0 0 1.6 28.5 0 3.7 15.7 19.7 9.4 0 NA 5 97.5 79 46.2 0
19970414 53.7 0 0 7.7 5.2 4.1 3 0 0 0.8 29.2 0 2.2 15.3 20.5 9.3 0 NA 5 97.3 79.2 45.5 0
19970415 49.4 0 0 6.9 5 4.2 2.9 0 0 0.2 29.6 0 0.4 15.1 21.5 9.6 0 NA 5 97.4 79.7 44.9 0
19970416 38.5 0 0 6.3 5.1 3.9 2.9 0 0 0.2 24.1 0 0.4 14 19.9 9.5 0 NA 5 93.9 76 42.2 0
19970417 25.4 0 0 5.8 4.8 1.7 1.4 0 0 0.1 17.9 0 0 12.5 18 9.3 0 NA 4.9 92.2 72 39.3 0
19970418 9.8 0 0 5.2 4.7 1.4 1.4 0 0 0.1 12.4 0 0 11 15.8 8.7 0 NA 4.9 88.8 67.2 36.4 0
19970419 10.3 0 0 4.8 4.7 1.3 1.3 0 0 0.1 12 0 0 10.8 16 8.4 0 NA 4.9 89.1 67.8 35.7 0
19970420 11.1 0 0 4.6 5.9 3.3 1.3 0 0 0.1 12 0 0 10.7 15.8 7.9 0 NA 4.9 87 67.4 34.5 0
19970421 9.5 0 0 4.1 5.7 3.2 0.2 0 0 0.1 11.6 0 0 10.3 15.9 7.4 0 NA 0 87.3 65.7 33.7 0
19970422 9.9 0 0 3.9 5.6 3.1 0.1 0 0 0.1 10.9 0 0 9.9 15.8 7.1 0 NA 0 85.1 65.5 32.8 0
19970423 8 0 0 3.5 5.4 3.1 0.1 0 0 0.1 9 0 0 9.5 16 6.9 0 NA 0 83.6 64.2 32.1 0
19970424 4.8 0 0 2.9 4.3 1.7 0 0 0 0 5.5 0 0 9.4 16.1 6.8 0 NA 0 83.6 65.1 31.2 0
19970425 2.5 0 0 2.4 4.1 1.6 0 0 0 0 3.2 0 0 8.7 16.2 6.7 0 NA 0 82.1 61.7 30.1 0
19970426 2.3 0 0 2 4.1 1.7 0 0 0 0 3 0 0 8.6 16.1 6.7 0 NA 0 80.7 57.8 30.3 0
19970427 2.2 0 0 1.3 4.1 2.5 0 0 0 0 2.7 0 0 8.1 16.1 6.3 0 NA 0 78.7 51 30.4 0
19970428 1.5 0 0 0.6 4 2.5 0 0 0 0 1.6 0 0 8.1 15.6 6.3 0 NA 0 77.4 47.2 30.3 0
19970429 1.2 0 0 0.1 4 2.5 0 0 0 0 1.3 0 0 7.6 15.6 6.1 0 NA 0 73.5 40.6 29.9 0
19970430 1.2 0 0 0.1 3.8 2.5 0 0 0 0 0.9 0 0 6.8 14.2 6 0 NA 0 58.5 30.5 24.3 0
19970501 1.1 0 0 0 1.7 1 0 0 0 0 0.5 0 0 5.9 12.1 3.9 0 NA 0 43.3 21.6 17.1 0
19970502 1 0 0 0 1.7 1 0 0 0 0 0.1 0 0 5.2 10.4 3.7 0 NA 0 27.1 12.8 10.7 0
19970503 1 0 0 0 1.4 1 0 0 0 0 0.1 0 0 5.2 9.8 3.6 0 NA 0 23.3 10.1 9 0
19970504 1 0 0 0 1.4 1 0 0 0 0 0.1 0 0 5.1 9.3 3.5 0 NA 0 20.9 9.7 8.3 0
19970505 0 0 0 0 0.2 0 0 0 0 0 0 0 0 0.9 6 0.7 0 NA 0 15.1 6.8 3.1 0
19970506 0 0 0 0 0 0 0 0 0 0 0 0 0 0.8 5.3 0.6 0 NA 0 11.7 5.3 2 0
19970507 0 0 0 0 0 0 0 0 0 0 0 0 0 0.8 4.4 0.6 0 NA 0 11.7 5.3 1.8 0
19970508 0 0 0 0 0 0 0 0 0 0 0 0 0 0.4 2.1 0.2 0 NA 0 4.7 2.1 0.2 0
19970509 0 0 0 0 0 0 0 0 0 0 0 0 0 0.4 1.2 0.1 0 NA 0 2.7 2 0 0
19970510 0 0 0 0 0 0 0 0 0 0 0 0 0 0.4 1 0.1 0 NA 0 2.6 2 0 0
19970511 0 0 0 0 0 0 0 0 0 0 0 0 0 0.4 0.8 0.1 0 NA 0 2.4 2 0 0
19970512 0 0 0 0 0 0 0 0 0 0 0 0 0 0 0.2 0 0 NA 0 0.1 0 0 0
19970513 0 0 0 0 0 0 0 0 0 0 0 0 0 0 0 0 0 NA 0 0 0 0 0
