20031201 0 0 0 0 0 0 0 0 0 0 0 0 0 0 0.7 0 0 NA 0 0 0 0 0
20031202 0.6 0 0 0 0 0 0 0 0 0 0 0 0 0.3 1.2 0 0 NA 0 4.5 0 0 0
20031203 1.3 0 0 0 0 0 0 0 0 0 0 0 0 0.6 1.6 0 0 NA 0 8.8 0 0 0
20031204 1.3 0 0 0 0 0 0 0 0 0 0 0 0 0.5 1.6 0 0 NA 0.4 9.2 0 0 0
20031205 1.1 0 0 0 0 0 0 0 0 0 0 0 0 0.3 1.5 0 0 NA 0.7 7.9 0 0 0
20031206 1.1 0 0 0 0 0.1 0 0 0 0 0 0 0 0.3 1.5 0 0 NA 0.7 9 0 0 0
20031207 1 0 0 0 0 0.1 0 0 0 0 0 0 0 0.1 1.4 0 0 NA 1.2 8.6 0 0 0
20031208 0.9 0 0 0 0 0.1 0 0 0 0 0 0 0 0 1.4 0 0 NA 1.4 8.1 0 0 0
20031209 2.4 0 0 0 0 0.1 0 0 0 0 0 0 0 0.1 1.5 0 0 NA 1.6 9.9 0.6 0 0
20031210 4 0 0 0 0.1 0 0 0 0 0 0 0 0 0.3 1.6 0 0 NA 2 13.5 1.3 0 0
20031211 5.5 0 0 0 0.1 0 0 0 0 0 0 0 0 0.5 1.7 0 0 NA 2.7 15.2 1.9 0.1 0
20031212 7.9 0.2 0 0.3 0.2 0 0 0 0 0 0 0 0 0.6 1.7 0 1.8 NA 7.6 15.2 1.6 0.6 0
20031213 10.7 0.9 0 1 0.2 0 0.1 0 0 0 0 0 0 0.7 2 0 7.7 NA 14.6 19.1 1.5 2.3 0
20031214 12.6 0.9 0 1.2 0.2 0 0.1 0 0 0 0 0 0 0.8 2 0 7.8 NA 17.3 19.1 1.1 2.4 0
20031215 14.2 1.1 0 1.5 0.2 0 0.1 0 0 0 0 0 0 0.9 2.1 0.1 9.6 NA 22.2 19.2 0.8 2.9 0
20031216 14 1.1 0 1.7 0.2 0.1 0.1 0 0 0 0.1 0 1 1 2.3 0.1 10.8 NA 23.9 22.6 1.2 3.3 0
20031217 13.6 0.8 0 2.1 0.3 0.2 0.2 0 0 0 0.2 0 1.7 1 2.4 0.1 13.2 NA 25.1 25.2 1.3 2.9 0
20031218 14 0.8 0 2 0.3 0.3 0.3 0 0 0 0.5 0 2.8 1.1 2.5 0.1 15.8 NA 26.7 28.3 1.6 3 0
20031219 15.4 1.6 0 2 0.2 0.4 0.3 0 0 0 0.5 0 2.8 1.1 2.5 0.1 16 NA 30.1 26.6 1.4 3.3 0
20031220 16.9 2.5 0 1.5 0.1 0.3 0.3 0 0 0 0.3 0 3.1 1.2 2.4 0.1 15.7 NA 31.3 23.6 1.3 3.1 0
20031221 18.1 2.9 0 1.1 0.1 0.4 0.2 0 0 0 0.3 0 3.1 1.2 2.3 0.1 16 NA 34.1 21.4 1 2.8 0
20031222 18.8 3.6 0 0.8 0 0.3 0.2 0 0 0 0.2 0 3.1 1.2 2.3 0.1 12.9 NA 35.8 17.3 0.7 2.7 0
20031223 19.8 3 0 1.2 0 0.6 0.4 0 0 0 0.1 0 3.2 2.1 3.1 0.1 14.1 NA 33.1 22.3 1 3.4 0
20031224 21.5 2.6 0 1.8 0.1 0.8 0.6 0 0 0 0.1 0 3.3 3.4 4.1 0.1 23.1 NA 32.1 31 1.6 3.8 0
20031225 23.3 2 0 2.2 0.2 1.1 0.8 0 0 0 0 0 3.5 4.3 4.9 0.2 24.2 NA 29 36 1.9 4.8 0
20031226 22.5 1.7 0 1.6 0.1 0.7 0.6 0 0 0 0 0 3.6 3.2 4.3 0.1 23.1 NA 26.5 37.7 1.8 4.3 0
20031227 19.5 1.5 0 1.3 0.3 0.7 0.4 0 0 0.1 0 0 5.4 2.5 4.2 0.1 13.3 NA 25.8 45.4 2.6 4 0.2
20031228 18.5 1.1 0 0.8 0.2 0.4 0.2 0 0 0 0 0 5.4 1.3 3.5 0.1 12.2 NA 22.8 47.2 2.5 3.5 0.2
20031229 16.4 0.8 0 0.3 0.2 0 0 0 0 0 0 0 5.3 0.1 3 0.1 6 NA 22.3 49.8 2.5 2.8 0.2
20031230 17.1 0.8 0 0.4 0.2 0 0 0 0 0 0 0 5.3 0.4 3.2 0.1 6.1 NA 21.8 45.5 3 3.5 0.2
20031231 18.6 0.5 0 0.6 0 0.1 0 0 0 0 0 0 4.4 0.5 3.4 0.1 1.6 NA 20.9 42.9 3.3 4.4 0
20040101 18.6 0.5 0 0.6 0 0.1 0 0 0 0 0 0 4.4 0.7 3.6 0.1 1.4 NA 18.7 37.2 3.8 4.5 0
20040102 20.6 0.5 0 0.6 0.1 0.1 0 0 0 0 0.2 0 4.3 0.5 3.7 0.1 1.4 NA 17.6 41.8 3.6 4.5 0
20040103 21.9 0.2 0 0.3 0.4 0.1 0 0 0 0.1 0.7 0 4.4 0.5 3.8 0.1 0.7 NA 18 47.9 7 4.2 0.1
20040104 23.8 0.1 0 0.1 0.5 0 0 0 0 0 0.9 0 4.2 0.3 3.9 0.1 0.3 NA 16.8 52.4 6.3 4.3 0.1
20040105 23.7 0 0 0 0.6 0 0 0 0 0 1 0 4.1 0.2 4 0.1 0 NA 15.1 56 6.2 3.8 0.1
20040106 38.7 22.9 1.3 0.8 2.5 0.7 2.2 0.7 0.4 0.9 5.7 0 8.5 2 5.7 0.5 30 NA 32.1 71.2 15.1 12.2 0.3
20040107 57.1 47.5 2.7 1.7 5.4 1.4 5.9 1.4 0.8 2.2 11.5 0 13.9 3.8 7.5 0.9 60 NA 47 83.7 24.1 20.6 0.6
20040108 71.1 70.4 4.4 2.7 7.6 2.5 8.4 2.8 1.6 3.2 16.9 0 19.2 5.7 9.1 1.4 95 NA 59.4 94.8 30.2 28.2 0.8
20040109 74.4 72.6 5.6 3 7.2 2.9 9.5 3 1.6 3 18.7 0.2 17.3 5.1 9.6 1.4 93.9 NA 65.2 95.1 31.8 27 0.8
20040110 79.7 74.1 7.1 4.3 7 3 12.5 2.7 0.8 2.9 21.2 0.4 19.5 6.1 10.7 1 93.1 NA 71.2 99.7 30.2 26.7 1
20040111 82.9 75.2 8.2 4.8 6.5 2.9 12.9 2.8 0.4 2.5 22 0.9 17.2 5.8 10.8 0.9 87 NA 71.5 99.9 29.9 25 1.1
20040112 86.6 75.4 9 4.8 6.1 3.1 14 2.6 0 2.3 23.4 0.9 16 5.4 11 0.7 86.3 NA 76.8 100 29.2 23.9 1
20040113 88.1 81.1 12 13.4 9.2 4.1 16.3 2.6 0.7 3.3 33.7 2.5 21.2 6.9 11.9 1.6 87.8 NA 78.3 100 36.3 33.4 1.8
20040114 91.4 88 15.3 21.5 12.8 5.6 18.3 3.7 1.4 4.5 43.4 4.1 28.2 7.6 12.5 2.6 93.9 NA 81 100 44.9 41.9 3
20040115 91.5 93.3 18.1 29.7 16.3 6.7 20.4 3.9 2.1 5.4 54.7 5.7 34 8.9 13.4 3.5 95 NA 81 99.9 52.2 50.9 4
20040116 91.8 92.5 17.9 28.7 15.5 4.9 21.2 4.2 1.4 4.6 53.2 4.1 40.6 7.9 12.1 3 95 NA 82.7 100 56.5 49.2 3.5
20040117 94.3 92.5 20.2 31.1 14.9 4.2 23 5.5 1.7 5.2 56.2 3.9 45.4 8.7 11.6 3.2 95 NA 85.6 100 61.4 49.5 4.4
20040118 94.4 91.8 19.6 30 13.6 2.4 23.5 5.8 1 4.5 54.6 2.3 51.7 7.6 10.2 2.6 95 NA 85.9 100 60.4 47.5 3.9
20040119 95.8 90.7 19.4 29.3 12.3 0.8 24.6 6.3 0.7 4 53.5 1.1 55.7 7 9.1 2.3 95 NA 88.8 100 64.3 45.8 3.6
20040120 95.4 86.2 35.7 29.5 14 1.6 25.7 10.4 2.2 6.2 53.5 1.3 56 9.7 11.7 4.9 94.4 NA 88.2 99.6 70.4 43.2 4.5
20040121 96.9 83.3 53.3 29.1 14.7 2.2 23.6 15.7 3.3 7.5 51.8 1 58.4 13.2 14.2 7.3 98.7 NA 89.8 99 76.9 39.5 4.7
20040122 96.5 80.6 70.2 28 15.7 2.8 23.7 21 4.5 9 50 1.1 57.9 15.8 16.6 9.7 98.2 NA 89.1 98.5 81.7 36.3 5.1
20040123 96.9 84.8 77.8 44.9 16.7 6.1 26.3 23.6 5.5 8.3 54 7.8 65.6 17.2 19.1 10.5 98.7 NA 90 99 87.6 46 8.9
20040124 97.7 89 83.4 60.1 18.9 11 32.6 27.2 8.4 8.9 64 14 73.7 19.6 22.9 12.7 99.1 NA 94.3 99.3 91 61.6 13.3
20040125 97.5 93.2 90.8 73.7 20.1 14.5 35.2 28.8 9.4 8.1 68 20.7 81.2 20 24.8 13.4 99.6 NA 95.1 99.7 94.1 71.3 16.5
20040126 97.7 95.3 94.6 90.9 20.5 17.4 39.3 31.5 10.7 7.7 73.3 25.5 87.1 19.6 26.6 14.8 99.9 NA 97.7 100 98.5 82.3 19.8
20040127 97.7 95.3 94.6 91 24.9 14.6 43.3 28.2 10.6 11.6 74.6 23.4 86.6 20.1 26.9 17.6 99.9 NA 97 100 98.5 82 22.3
20040128 99.9 95.2 95 92.5 30.4 11.7 45.9 25.4 10.3 14.5 76.4 22.5 85.3 21.4 28.1 20.5 99.8 NA 95.9 100 98.7 82.9 25.3
20040129 99.9 95.2 95 90.2 35.8 9.5 48.7 22.6 9.5 17.2 75.9 19.2 84 21.4 28.1 22.7 99.8 NA 94.6 100 98.7 82.6 28.1
20040130 99.9 95.2 95 90.3 37.1 14.5 52.9 25.4 10.1 15.8 73.7 15.1 82.3 34.7 30.8 23.1 99.8 NA 95.9 100 98.7 85.7 26.1
20040131 99.9 96.2 95 94 39.1 21.2 55.4 28.8 10.2 16 68.8 11.9 79.9 52 36.2 25.9 100 NA 96 100 99.5 86.5 22
20040201 99.9 96.2 95 94 39 26.1 59.6 31.4 10.8 14.6 66.5 7.5 76.7 66 38.9 26.1 100 NA 97.3 100 99.5 88.5 19.3
20040202 99.9 96.2 95 95.8 39.7 30.9 62.3 33.2 10.4 13.1 61.5 5.6 74.4 81.7 41.9 26.8 100 NA 97.9 100 99.5 89.1 15.3
20040203 99.9 95.1 93.9 93.3 36.6 22.6 63.6 33.2 12.9 18.1 64.3 7.6 70.3 83.7 42.8 25.5 100 NA 96.4 100 98.5 81.6 12.8
20040204 99.8 93.9 93.2 91 32.7 14.2 65.2 33 15.6 22.2 65.5 9.9 67.5 84 43.7 24.6 99.8 NA 95.7 99.9 98 73.8 10.5
20040205 99.8 91.6 92 89 29.3 6.7 64.1 33.1 17.4 25.9 68 10.2 62.9 84.9 43.7 24.3 99.8 NA 92.7 99.8 97 66.4 8
20040206 99.8 89.8 91.2 90.9 32.5 8.3 60.8 32.9 20.6 24 65.9 9.7 60.9 85.7 45 23.4 99.6 NA 87.9 99.9 97.2 69.6 6.8
20040207 99.8 88.7 90.1 92.5 33.1 9.2 58.1 34.7 23.3 22.4 61.9 7.5 62.1 91.3 46.4 24 99.4 NA 81.9 99.9 97.7 69.9 6.3
20040208 99.8 85.6 89.5 94.2 35.3 10.8 54.8 32.9 24.1 18.6 59.7 6 60.3 91.9 47.6 22.7 99.3 NA 76.9 100 97.9 71.8 4.7
20040209 99.8 83.9 88.1 95.2 36.3 11.2 51.2 32.1 25.8 16.3 54.6 4 58.6 95.2 48.5 21.1 98.9 NA 71 100 97.3 72.3 3.4
20040210 99.3 81.5 86.6 95.2 35.3 15.6 53.3 30 19.5 15.1 59.9 4.3 60.8 79.2 52.5 24.6 98.3 NA 78.4 100 97.9 77.1 4
20040211 99.1 77.7 84.2 93.6 32.7 18.8 55.6 26.4 12.5 13.6 63.8 3.2 63.8 64.3 56.9 28.2 97.5 NA 86 100 97.7 81 4.5
20040212 98.6 75 81.7 93.6 30.6 22.8 57.5 24.6 6.2 12.2 68.5 3 65.5 43.4 58.1 31.9 96.9 NA 91.8 100 98.5 83.9 4.9
20040213 98.5 79 84.9 93.6 31.1 24.7 58.5 25.5 8.5 12.7 67.2 4.5 69.3 43.3 51.2 27.5 97.4 NA 91.8 100 98.5 83.7 6.5
20040214 98.2 86.8 88.4 94.9 31.6 27.1 60 26.5 11.2 14.4 67.7 7.6 76.7 40.3 43.2 23.8 98.5 NA 91.9 100 99.2 82.6 9.9
20040215 97.9 90.9 91.6 94.9 28.7 26.2 58.5 27 12.5 13.4 65.9 9.1 80.5 37.2 34.8 19.3 99 NA 87.9 100 99.2 82 11.6
20040216 97.5 95.3 94.5 95.5 28.5 27.8 59.3 26.8 13.9 13.5 64.1 10.3 84.9 35.5 27 14.1 99.5 NA 87.8 100 99.2 80.3 13.6
20040217 97.7 95.3 94.5 95.5 29.7 29.1 67.2 31.8 13 11.7 67.6 7.9 82.7 38.3 41.7 20.8 98.3 NA 84 100 99.2 79.1 10.8
20040218 97.9 93.8 93.2 94.8 29.5 28.7 74.1 35.9 10.5 10.1 68.1 3.4 78.6 46.3 57.2 26.9 97.6 NA 83.9 100 98.7 80.9 7.4
20040219 98 93.8 93.2 94.8 31 29.6 82.5 39.7 9.3 8.1 69.9 1.1 76 49.7 70 33.2 96.4 NA 80 99.9 98.7 78.7 4.2
20040220 97 80.7 85.9 92.1 27.8 28.3 77.2 31.3 8.2 9.6 66.8 1.1 71 38.1 59.9 28.8 95.7 NA 78.1 100 98.5 76.2 3.7
20040221 96.4 69.7 79.7 89.6 25.5 26.8 71.8 22.1 5.1 8.8 62.4 0.9 66.7 33.1 52.8 26.6 94.8 NA 76 100 99.6 72.7 2.4
20040222 95.4 58.2 71.6 87 21.3 24.3 65.3 13.5 3.1 9.7 59.6 0.7 60.8 21.3 42.4 22.1 94.1 NA 74.1 100 99.2 69 1.6
20040223 94.5 44.7 64.5 83.8 16.8 21.1 57.9 5.6 1 9.2 55 0.5 54.6 14.5 33.5 17.5 93.5 NA 71 100 99.2 66 0.5
20040224 95.1 52.2 66.5 85.6 18.2 25.2 53.3 6.1 2.2 9.4 59.4 0.5 57 18 36.5 19.4 93.5 NA 77.7 99.9 99.2 76.6 1.5
20040225 95.4 57.7 68.9 88.6 22.3 30.9 47.8 6.7 4.2 8.4 60.8 0.2 60 19.6 37.7 22.7 90.9 NA 85.2 99.8 99.6 84.9 3.2
20040226 95.8 64.4 70 89.8 24 34.8 42.7 8 5.8 8.1 63 0.2 62.4 21.5 39.1 24.6 91.2 NA 90.7 99.7 99.6 92.8 4.2
20040227 95.8 61.8 71.5 89.9 19.9 29.2 42.3 6.7 5.1 6.8 62.8 0.3 61.7 22.1 37.7 23.5 90.3 NA 87.3 99.7 98.9 88.2 3.9
20040228 96.4 61.2 72.1 89.9 19 25.9 43.3 5.1 5.3 5.8 63.1 0.5 58.2 24.2 37.6 24.2 92.4 NA 86.3 99.7 98.5 84.5 2.5
20040229 96.5 58.8 71.4 87.7 13.4 19.5 43.1 3.3 4.1 3.7 62.6 0.6 57.1 24.7 35.1 22.9 91.3 NA 82.8 99.6 97.8 78.5 1.4
20040301 96.5 56.6 71.8 87.6 9.4 13.6 41.8 1.5 3.5 3 62.2 0.6 54.1 23.8 33.3 21.3 90.7 NA 80.2 99.6 97.1 74.1 0.4
20040302 96.4 50.6 61.9 87.6 10.8 12.9 40.7 1.2 2.5 3.4 63.7 0.5 52.7 20.4 30.9 21.8 91.7 NA 77 99.6 97.3 68.4 0.4
20040303 95.7 42.4 52.2 87 12.7 11.1 39.9 0.4 1.2 3.6 65.7 0.2 50.4 16.1 28.1 21.2 88.2 NA 75.6 99.7 97.5 61.9 0.1
20040304 95.5 32.9 42.2 86.7 14 10.1 37.3 0.2 0.3 3.9 66.5 0.1 48.4 13 25.7 21.5 88.8 NA 71.6 99.7 97.7 55.8 0.1
20040305 95 27 37.7 85.5 12.4 10.5 31.1 0.2 0.5 4.2 62.4 0.1 47.5 12.1 24.7 20.4 77.3 NA 68.6 99.7 97.6 56.3 0.1
20040306 94.5 21.5 33.2 85.7 11 11.8 23.5 0.2 0.6 5.4 59.7 0.4 45.9 12 22.3 20.2 66.8 NA 64.1 99.7 97.4 57.7 0.3
20040307 94 15.5 27.8 84.4 8.5 12.1 16.3 0 0.6 6.1 52.8 0.5 44.4 11.1 20.4 17.6 56.4 NA 61 99.7 96.9 58 0.3
20040308 93.6 9.7 23.5 83.5 6.1 12.3 10.3 0 0.8 6.5 49 0.5 42.8 10.7 18 16.4 44.7 NA 57.7 99.7 96.7 58.4 0.3
20040309 92.5 8.8 23.1 84.3 6.8 13.6 10.4 0 0.6 5.5 47.3 0.5 46.6 10.4 17.4 16.8 33.2 NA 57.8 99.7 97.1 62.3 0.6
20040310 91.3 3.8 21.5 83.5 7.1 13.9 9.5 0.1 0.4 4.3 45.7 0.2 50.5 7.3 16.3 16.8 19.8 NA 55 99.7 97.6 66.6 1
20040311 90.7 2.6 21 83.9 7.4 14.3 9.3 0.1 0.2 3.2 42.7 0.1 52.7 6.6 15 17 5.1 NA 54.4 99.7 98.1 71.5 1.5
20040312 90 1.9 17.7 79.9 7.9 12 7.6 0.1 0.2 3.6 43.5 0.1 46.4 5 14.3 15.4 5.1 NA 56.1 99.7 96.8 66.8 1.4
20040313 88.5 4.9 14.6 76.9 6.8 10.9 6.5 0.1 0.2 3.8 45 0.1 42.5 4.4 14.6 14.5 5.6 NA 57.3 99.6 95.3 62.9 1
20040314 87.6 4.2 9.6 73.6 7.6 7.8 4.6 0 0 3.9 44.8 0 35.3 2.7 13.4 12.3 5.6 NA 56.5 99.6 93.2 57.9 0.6
20040315 86.6 3.7 5.9 69.8 6.5 6 2.9 0 0 4.1 45.9 0 29.4 1.5 12.6 10.3 5 NA 57.5 99.6 91.7 52 0.3
20040316 88.9 3.7 12.5 73 6.4 11.8 5.8 0 0 3.9 48.9 0 28.6 1.6 12.9 12.1 5 NA 54 99.6 90.6 60.4 0.3
20040317 90.3 0.1 20.5 80.5 5.3 18.3 8.9 0 0 2.6 49.9 0 28.9 3.1 12.5 14.5 5 NA 50.8 99.6 88.7 68.6 0.4
20040318 91.8 0.1 26.4 79 4.9 23.7 11.8 0 0 1.9 51.6 0 26.9 3.2 12.3 15.4 5 NA 43 99.6 87.1 76.7 0.4
20040319 89.3 0.1 22.6 74.6 4.5 19.6 10.1 0 0 2.1 46.2 0 26.3 3.4 12.1 13.2 5 NA 35.7 99.6 87.8 71.3 0.4
20040320 86.9 0.1 20.6 74.5 4.3 15.3 7.6 0 0 3.1 43.7 0 27.1 3.5 11.8 11.5 5 NA 31.2 99.6 88.2 66.1 0.4
20040321 84.3 0 16.3 70 2.7 10.3 5 0 0 3.3 38 0 25.3 1.5 10.4 8 0 NA 23.6 99.6 88.2 59.8 0.3
20040322 81.6 0 12.9 67.4 2.4 5.9 2.6 0 0 3.5 34 0 24.9 1.6 10.3 5.9 0 NA 17.2 99.6 88.7 53.4 0.3
20040323 82.1 0 11 70.6 2.6 6 3.1 0 0 2.9 35.8 0 24.1 1.3 10 6.7 0 NA 17.9 99.1 85.1 53.6 0.3
20040324 82.9 0 8.3 73.5 3.7 5.7 3.6 0 0 1.4 37.8 0 23.1 0.7 9.6 7.7 0 NA 17.7 98 81.9 53.1 0.1
20040325 83.5 0 6.4 76.2 3.7 5.4 4 0 0 0.8 38.2 0 21.6 0.4 9 8.2 0 NA 19.3 97.4 75.7 52.8 0.1
20040326 84.1 0 5.5 74.7 3.7 7.6 4 0 0 0.9 36.8 0 19.4 0.5 8.3 7.1 0 NA 19 97.4 72.7 52 0.1
20040327 83.9 0 4.2 72.4 3.3 10.1 4.1 0 0 0.9 35.3 0 19.5 1.1 7.7 6.6 0 NA 17 98 71.5 51 0.2
20040328 83.2 0 3.3 70.6 2.8 12.7 4 0 0 0.6 33 0 17.1 1 6.1 4.2 0 NA 16.9 98 66.8 49.8 0.2
20040329 83.3 0 1.9 67.9 2.4 14.4 4 0 0 0.6 31.1 0 14.7 1.1 5.7 3.1 0 NA 14.9 98 62.8 47.9 0.2
20040330 78.1 0 2.5 71.9 2.2 13.2 3.2 0 0 1.6 31.7 0 13 1 5.9 3.6 0 NA 11.8 97.5 68.7 51 0.2
20040331 69 0 3 73.9 2 11.8 1.8 0 0 2.3 32.7 0 10.8 0.1 6.3 3.7 0 NA 3.4 96.3 75 51.4 0
20040401 63.8 0 3.4 76.6 1.8 10.1 0.8 0 0 3.3 33.6 0 9 0 6.6 4.2 0 NA 0.2 95.7 80.6 53.5 0
20040402 57.9 0 2.7 63 1.9 8.7 0.8 0 0 2.8 28.8 0 7.3 0 6.1 3.3 0 NA 0.2 94.8 67.4 46.4 0
20040403 54.3 0 2 52.2 2 5.9 0.7 0 0 2.9 24.4 0 5.6 0.2 6.1 2.8 0 NA 0.4 94.5 57.7 42.9 0
20040404 47.5 0 1 37 2 3.7 0.2 0 0 1.7 19.4 0 3.8 0.1 5.3 1.8 0 NA 0.4 93.8 45.1 35.3 0
20040405 42.2 0 0.3 25.2 2.2 1.4 0.1 0 0 1.1 13.8 0 1.8 0.1 4.9 1.1 0 NA 0.4 92.7 32.7 29.6 0
20040406 44.3 0 0.2 25.5 2.1 1.4 0.1 0 0 1.1 13.9 0 1.8 0.1 4.9 1.1 0 NA 0.4 92.5 39.9 29.7 0
20040407 48.5 0 0.1 25.4 1.8 0.3 0 0 0 0.4 11 0 0.1 0.1 4.4 0.5 0 NA 0 90.4 43.7 27.1 0
20040408 49.3 0 0 25 1.6 0.2 0 0 0 0.4 10.4 0 0.1 0.1 4.4 0.5 0 NA 0 89.8 48.4 26.8 0
20040409 39.2 0 0 27 1.5 0.2 0 0 0 0.3 10 0 0.1 0.1 4.3 0.5 0 NA 0 87.5 40.9 26.4 0
20040410 33.1 0 0.1 28.8 1.5 0.2 0 0 0 0.5 10.7 0 0.2 0.1 4.4 0.7 0 NA 0 86.8 39.1 26.4 0
20040411 23 0 0.1 29.2 1.1 0 0 0 0 0.5 9.3 0 0.2 0.1 4.3 0.6 0 NA 0 83.2 31.5 25.8 0
20040412 14.8 0 0.1 30.7 1 0 0 0 0 0.4 9.4 0 0.2 0.1 4.2 0.6 0 NA 0 81.7 25.9 25.3 0
20040413 14.9 0 0.4 26.1 0.9 0 0 0 0 0.4 7.4 0 0.2 0.1 4.2 0.6 0 NA 0 74.4 23.8 25.3 0
20040414 15.6 0 0.9 21.6 0.5 0 0 0 0 0.1 4.5 0 0 0 3.8 0.1 0 NA 0 65 20.6 24.1 0
20040415 16.1 0 1.3 18.1 0.5 0 0 0 0 0.1 3.2 0 0 0 3.8 0.1 0 NA 0 57.1 17.9 23.8 0
20040416 12.3 0 1.1 17.7 0.5 0 0 0 0 0.1 2.8 0 0 0 3.6 0.1 0 NA 0 51.3 14.4 21.6 0
20040417 11.4 0 0.9 18.9 0.6 0 0 0 0 0.1 2.4 0 0 0 3.5 0.1 0 NA 0 47.7 12.2 19.8 0
20040418 7.6 0 0.7 18.6 0.3 0 0 0 0 0.1 1.3 0 0 0 3.3 0.1 0 NA 0 40.4 8.7 17.2 0
20040419 5 0 0.4 18 0.3 0 0 0 0 0.1 1 0 0 0 3 0.1 0 NA 0 34.3 5.5 15.2 0
20040420 5 0 0.3 13.6 0.3 0 0 0 0 0.1 1 0 0 0 3 0.1 0 NA 0 33.6 5.4 14.5 0
20040421 0 0 0.1 7.8 0 0 0 0 0 0 0 0 0 0 2.5 0 0 NA 0 29 3.9 12.1 0
20040422 0 0 0 3.3 0 0 0 0 0 0 0 0 0 0 2.4 0 0 NA 0 26.3 3.8 11 0
20040423 0 0 0 3.4 0 0 0 0 0 0 0 0 0 0 2.3 0 0 NA 0 20.2 3.8 8.1 0
20040424 0 0 0 3.4 0 0 0 0 0 0 0 0 0 0 2.3 0 0 NA 0 14.1 3.8 6.3 0
20040425 0 0 0 3.1 0 0 0 0 0 0 0 0 0 0 2.3 0 0 NA 0 8 2.5 3.4 0
20040426 0 0 0 2.9 0 0 0 0 0 0 0 0 0 0 2.2 0 0 NA 0 5 2.5 1.4 0
20040427 0 0 0 2.3 0 0 0 0 0 0 0 0 0 0 2 0 0 NA 0 5 2.5 1.4 0
20040428 0 0 0 0.9 0 0 0 0 0 0 0 0 0 0 1.8 0 0 NA 0 5 0.2 1 0
20040429 0 0 0 0.2 0 0 0 0 0 0 0 0 0 0 1.5 0 0 NA 0 5 0.2 1 0
20040430 0 0 0 0.2 0 0 0 0 0 0 0 0 0 0 1.2 0 0 NA 0 5 0.2 1 0
20040501 0 0 0 0.2 0 0 0 0 0 0 0 0 0 0 0.9 0 0 NA 0 5 0.2 1 0
20040502 0 0 0 0 0 0 0 0 0 0 0 0 0 0 0.5 0 0 NA 0 0 0 0 0
20040503 0 0 0 0 0 0 0 0 0 0 0 0 0 0 0.3 0 0 NA 0 0 0 0 0
20040504 0 0 0 0 0 0 0 0 0 0 0 0 0 0 0.2 0 0 NA 0 0 0 0 0
20040505 0 0 0 0 0 0 0 0 0 0 0 0 0 0 0 0 0 NA 0 0 0 0 0
20040506 0 0 0 0 0 0 0 0 0 0 0 0 0 0 0 0 0 NA 0 0 0 0 0
