20101202 0 0 0 0 0 0 0 0 0 0 0 0 0 0 0.7 0 0 NA 0 3 0 0.2 0
20101203 0.5 0 0 0 0 0 0 0 0 0 0 0 0 0 0.9 0 0 NA 1.1 3 0 0.2 0
20101204 0.9 0 0 0 0 0 0 0 0 0 0 0 0 0 0.9 0 0 NA 2.3 3 0 0.2 0
20101205 2.1 0 0 0 0 0 0 0 0 0 0 0 0 0 1.2 0 0 NA 4.1 0 0 0.2 0
20101206 2.6 0 0 0 0 0 0 0 0 0 0 0 0 0 1.3 0 0 NA 5.3 0 0 0.2 0
20101207 3 0 0 0 0 0 0 0 0 0 0 0 0 0 1.5 0 0 NA 6.1 0 0 0.2 0
20101208 8.7 3.1 0 1 0.2 0.5 0.5 0 0 0 0 0 2.6 0.1 2.1 0.1 17.4 NA 17.9 16.1 2.5 3.2 0.2
20101209 12.7 4.7 0 1.7 0.2 0.6 0.6 0 0 0 0 0 3.2 0.1 2.5 0.2 28 NA 25.4 26.3 2.8 4.6 0.2
20101210 15.8 4.5 0 1.9 0.3 0.6 0.6 0 0 0 0 0 3.5 0.1 2.5 0.2 24.3 NA 29 29.9 3.2 5 0.2
20101211 19.9 4.3 0 2.2 0.3 0.7 0.5 0 0 0 0 0 3.9 0.1 2.5 0.2 21.4 NA 33.3 34.7 3.8 5.4 0.2
20101212 25.9 3.5 0 2.5 0.6 0.5 0.4 0 0 0.3 0.5 0 4 0.3 2.5 0.3 17.6 NA 35.8 41.4 4.1 7 0.1
20101213 29.3 3.3 0 2.6 0.6 0.5 0.3 0 0 0.3 0.5 0 4.5 0.3 2.5 0.3 13.9 NA 38.8 46.2 4.7 7.5 0.1
20101214 33.3 3.1 0 2.8 0.7 0.5 0.3 0 0 0.3 0.5 0 4.7 0.3 2.5 0.3 11.6 NA 43.1 48.7 5 7.9 0.1
20101215 34.5 29 0.9 5.3 1.6 0.3 2.6 0.7 0.3 0.3 1 0 6.1 2.1 2.9 0.3 38.3 NA 48.7 59.5 7 10.2 0.1
20101216 33.5 57.7 1.7 6.9 2.4 0.1 4.4 1.5 0.5 0.1 1 0 6.5 4 3.1 0.1 66.4 NA 56.1 64.7 7 12.2 0.1
20101217 34.7 83.7 2.6 9.1 3.3 0 6.4 2.2 0.8 0.2 1.5 0 8 5.6 3.4 0.1 92.2 NA 60.4 71 8.4 13.8 0.1
20101218 32.3 78.8 4.1 10 3.3 0 7.5 29.8 3.6 1.4 1.8 0.4 7.7 5.7 4.4 0.1 92.3 NA 60.4 70.9 8.1 12 0.2
20101219 29.7 79.7 5.9 6.1 1.1 0.1 7.1 1.1 0 0.1 5.1 0 7 2.4 4.5 0.4 92.5 NA 75.1 71.7 10.2 10.3 0.2
20101220 57.2 82.5 6.1 6.4 1.2 1.5 6.1 2.3 0 0.1 8.4 0 7.2 2.3 6.8 0.7 97.4 NA 71.7 53.9 13 11.1 0.3
20101221 64.9 90.4 10.4 6.7 2.4 1.6 9.4 11.3 1.4 0.9 10.4 0.3 7.1 4.2 6.6 1.2 94.6 NA 75.5 93.4 9.7 13.7 0.7
20101222 37.5 90.1 9.1 4.4 1 0.9 8.7 7.7 0.2 0 11 0 5.2 3.2 5.8 0.3 94.6 NA 75.3 76.7 10.9 12.8 0.1
20101223 40.2 86.3 2.9 4.9 2.7 1.6 3.7 5.9 1.2 0.9 10.2 0.5 7.1 2.6 3.8 1.4 83.5 NA 54.9 80.6 15.1 12.3 0.8
20101224 36.5 84.6 1.8 2.3 1.1 1.4 3.5 4.6 0.3 0.3 4.5 0 5.1 0 3.5 0.6 78.6 NA 60.1 82.7 9.1 13 0.1
20101225 36.3 84.5 1.8 2.3 1.2 1.6 3.9 4.7 0.3 0.3 4.6 0 5.1 0 3.5 0.6 77.8 NA 60.3 83 8.9 13.2 0.1
20101226 37.1 88 6.2 4.3 1 1.3 4.5 5.5 0.5 0.3 8.8 0 5.2 0 2.9 0.4 82.8 NA 61.3 89.9 9.9 10.8 0.1
20101227 32.9 89.4 4.7 4.1 1.2 0.7 2.8 3 0.2 0 8.6 0 5.3 0 3.2 0.1 88.1 NA 57.9 92.3 9.4 11.1 0.1
20101228 45.3 91.9 7.7 6 6.5 1.6 8.8 7.3 2.3 1.6 32.8 0 6.4 3.8 4.6 0.8 93.7 NA 76.5 87.6 29.6 12.1 0.2
20101229 60.2 88.4 6.4 4.4 6.1 0.6 13.7 11.1 1 0.1 8.3 0 6.3 1.8 3.8 0.1 90.4 NA 77.4 82.3 28.7 11.4 0.1
20101230 58.7 88.8 21.8 12.3 3.5 1.9 14.2 11.7 1.4 1.5 5.2 7.8 10 3 4.3 0.8 93.2 NA 71.9 81.3 18.5 11.3 3.8
20101231 46.1 79.4 21.2 14.6 3.1 2 9.7 11.6 1.4 1.5 3.8 8 10.3 3 4.3 0.9 90.5 NA 70.1 80.4 13.8 11.3 4
20110101 39.2 79.4 20.7 9 3.1 2 9.8 4.1 1.3 1.5 3.8 4.7 10 3 4.3 0.9 90.5 NA 70.1 80.2 13.8 11.4 2.1
20110102 41.8 65.9 11.5 8.4 4.2 1.5 10.2 4.3 2 2 4.1 4.9 9.8 3 4 1 90.7 NA 64.5 80.3 12.2 11.7 1.9
20110103 76.5 62.1 3.1 3.2 1.8 0.4 1.8 6.8 0.2 2 7.5 0 6 4.7 5.4 0.1 83.8 NA 60.4 64.6 7.1 6.3 0.8
20110104 87.7 76.6 8 4.4 4.6 1.9 3.1 10.9 2.6 5.3 16.4 6.4 7.7 8.7 6.7 1.8 93.6 NA 56.2 74.3 11.1 9.6 1.4
20110105 82.7 48.8 5.4 1.8 2.4 2.3 3.9 0 0 0.9 11.3 3.3 3.8 4.9 5 0.1 90 NA 54.5 84 4.7 10.3 0.1
20110106 91.1 74.7 17.7 15.2 2.1 2.6 7 8.5 0 0.8 12.3 0 5.2 3.8 6.4 0.3 94 NA 66.7 93.1 7.9 15.8 0.8
20110107 82.8 64.2 22.1 15.4 1.5 1.4 6.5 6.5 0 0.9 14 0 5.1 1.3 4.8 0.3 90.3 NA 63.6 78.9 10.9 13 0.7
20110108 94.7 70.8 18.5 7.9 2.4 1.5 9.9 9.2 0 2.1 20.7 0.7 6 3.1 5.7 0.1 90.4 NA 65.1 86.5 15.5 14.6 0.5
20110109 94.9 80.6 28.8 8.1 2.4 6.5 8.9 9.6 0.5 1.9 29.8 1.1 4.5 5.5 8.3 0.2 90.4 NA 54.8 94.3 11.7 21.2 0.5
20110110 87 90.3 39.6 15.1 4.1 4.7 12.4 13.5 3.3 1.8 33.6 0.7 12.3 7.5 10.3 0.8 90.5 NA 71.2 96.8 36.5 28.2 0.3
20110111 97.5 93.8 40.6 16.6 11.8 4.8 13.5 17.5 5.3 6.4 50.5 0 7.1 10.8 11.3 1 96 NA 85.2 98.4 43.8 39.1 0.1
20110112 93.5 90.4 54.6 22.9 4.8 6.3 11.6 12 1.1 0.6 41.4 1.6 11.3 20.7 12.3 0.2 99.4 NA 70.8 97.2 16.9 32.9 1.8
20110113 95 95.2 60 37.5 3.9 2 13.6 12.1 6 3 38.1 2.3 8.4 4.3 8.6 0.5 99.3 NA 78.9 98.4 19.4 30.3 0.4
20110114 94.5 88.2 67.5 33.4 6.3 1.9 17.1 11.9 6.3 4 49.1 2.1 6.2 11.7 10.6 0.5 99.4 NA 89.6 96 29.2 35.7 0.6
20110115 97.1 88.2 69 47.6 10.2 2.6 24 11.1 1.3 3 33.2 3.7 36.7 12.2 11.7 1.8 99.4 NA 94 96.8 26 40.6 2.8
20110116 93.5 75.5 76.3 16.3 10.7 2.3 18.7 13.9 1.2 4.6 36.4 3.3 33.2 7.1 10.8 1.8 99.5 NA 86 99.7 34.7 33.4 3.6
20110117 94.6 86.4 77.3 21 16.6 6.4 28.8 21 4.5 7.3 39.7 4.1 13.7 7.2 12.7 3.2 99.7 NA 93.3 99.7 44.5 41.3 1.3
20110118 97.9 93.5 83.2 59.8 6.6 5.5 24.3 22.8 3.3 5.3 32.7 3.5 44.6 9.7 11.8 3 98.4 NA 80.3 100 22.5 41.5 8.8
20110119 93.4 88.4 74.2 49.1 7.7 7.5 17.9 19.7 4.3 3.4 50.8 5.1 21.3 6.2 8.2 1 99.2 NA 82.3 99.8 46.3 41.5 3.9
20110120 97.9 89.9 79.5 65.5 15.4 6.8 18.5 18.9 9.1 8.7 58.9 3.6 44.1 14.1 14.8 4.4 99.1 NA 82.7 100 73.7 42.6 4.4
20110121 95.9 87.8 80 47.4 18.6 7.3 25.6 16.3 7.6 7.5 58.8 3.6 46.3 16.3 12.3 4.3 88.1 NA 90.7 99.9 74.6 56.6 4.4
20110122 95.9 85 80.7 54.1 16 2.8 23 29 5.1 5.8 57.5 3.5 37.8 18.8 15.1 5.8 90 NA 91.8 99.9 59.7 50.3 5.1
20110123 95.9 84.9 94.7 64.1 16.5 11.7 37.9 28.7 5.2 5.8 57.5 1.5 52.2 9.8 12.5 5.7 90 NA 90 99.9 65.3 66.2 7.2
20110124 95.9 90.7 90 72.5 34 28.7 32.2 29.9 10 9.5 62.2 4.3 67.3 25.5 19.1 9.3 99.2 NA 94.5 100 68.3 73.8 12.3
20110125 97.9 95.5 94.7 64.5 20.5 24.6 43.6 37.1 8.8 8.7 47.8 2.1 53.7 20.1 20.4 7 99.7 NA 97.4 100 64.3 74.2 13.2
20110126 95.5 84.3 87.7 77 15.6 5.3 39.4 26.4 4.8 5.5 43.8 1.7 51.3 12.3 17.3 3 99.5 NA 85.9 100 47.8 52.1 11.4
20110127 95.7 83.1 92.2 79.5 22.8 4.7 45.6 30.2 1.5 2.1 61.7 1.3 62.5 12.9 18.4 3.7 99.8 NA 93.2 100 73.6 52.6 9.3
20110128 93.8 81.3 84.8 70 29.3 8 34.5 28.6 1.4 2 58.7 0.5 62.6 8.4 12.8 3 99.6 NA 88.2 100 80.9 54.9 8.7
20110129 89.1 81.8 85.6 75 38 24.4 40.4 19.1 5.1 4.9 51.7 0.7 60.1 7.9 11.1 6.8 99.6 NA 87.3 100 69.2 56.6 9.8
20110130 94.3 81.3 88.5 69.8 27.2 27.7 35.2 17.7 5.4 3.9 53.8 1 62.8 20.8 19.3 7.6 99.5 NA 95.8 100 72.7 76.7 12.1
20110131 95.8 90.8 89.8 85.2 43.4 39.3 33.4 24.6 9 10.9 69 0.5 63.7 22.2 20.1 8.3 99.4 NA 92.1 100 91.9 74.6 10.8
20110201 97.9 98.5 95.1 96 52.7 46.1 39 15.4 11.3 11 71.6 2.1 70.9 21.5 22.6 10.3 98.9 NA 96.1 100 95.9 82.3 14.4
20110202 95.9 96.9 83.7 78.9 50.3 26.9 24.8 21.1 11 11.7 69.4 2.3 76.1 54.2 24.1 17.2 99.5 NA 86 100 92 85.2 16.9
20110203 96.5 94.3 89 71.8 32.6 12.4 40.3 27.5 12.8 13.9 56 2.5 62.6 53.8 20.5 11.2 99.6 NA 96 100 92.8 71.9 7.2
20110204 95.5 88.2 88.2 81 28.5 6.6 43.4 23.5 11.8 14.5 57 15.3 52.1 10.8 16.1 10.8 99.2 NA 95.4 100 88.5 58.3 13.2
20110205 92.3 89.8 90 85.1 11.5 6.6 51 33.2 5.3 3.6 30.7 9 50.7 10.2 14.5 3.6 99.5 NA 95.4 100 66 49.8 12.6
20110206 90.1 90 90 84.6 11.3 6.6 50.7 33.4 3.5 3 43.3 9.1 52.7 4.5 7.7 2.6 99.5 NA 95.4 100 66.7 49.6 9.5
20110207 95.9 85.1 89 84.3 21.9 12.8 52.3 38.6 5.7 6.1 43.4 9.3 54.5 6.2 8.8 4.5 99.2 NA 92.9 100 80.9 55.5 7.7
20110208 90.3 95.5 94.8 89.9 26 14.2 57.1 38.1 7 7.3 50.5 3.8 49.9 7.7 8.9 5.8 99.9 NA 96 100 84.9 57.3 5.7
20110209 96.4 80.6 83.8 83.1 36.2 9.8 35.5 21 3.9 9.6 67.2 0.1 50.3 43.7 16.9 8.5 98.9 NA 94.4 100 91.8 69.7 5.2
20110210 92.9 89.5 93.3 86.1 29.9 8.7 60.3 33.7 6.9 5.5 45.9 4.9 64.2 20.8 14.1 7.7 99.9 NA 92 100 89.8 64.6 10.2
20110211 96.8 93.2 90.3 88.2 31.9 5.5 61.9 41.5 14.5 8.4 49.2 6.5 64 72.2 26.8 14.4 99.7 NA 95.2 100 91.7 60.4 11.1
20110212 96.8 93.2 90.5 87.3 35.6 14.9 74.2 41.1 15.8 7.1 43.8 6.6 63.9 71.1 30.2 16 99.6 NA 95.5 100 91.8 63.1 11.1
20110213 98.9 93.9 89.8 87.4 39.8 14 73.8 26.5 3.3 4.8 61.4 10.4 72.9 23.3 22.5 12.7 99.6 NA 88.8 100 91.8 58.4 12.8
20110214 95.3 74.2 74.5 84 18.9 8.1 34.8 16.3 0.1 0.7 46.8 0.4 49.6 7.4 14.4 12.1 99.4 NA 66 100 91.3 46.3 0.2
20110215 95.2 74 70.8 87.7 12 9 30.2 6.1 0.3 1.5 45.3 0.3 47.3 7.1 12.9 4.9 99.6 NA 64.7 100 95.7 50.5 0.4
20110216 96.4 71.3 78.9 87.3 22.8 15.1 32.6 11.1 1.8 3.1 55.9 3.7 65.8 11 14.9 12.7 98.9 NA 87.4 100 92 59.5 3
20110217 89.2 72.4 73.5 92.5 12.7 11.9 47 11.2 1.4 1.1 48.1 7.3 69.1 6.1 12.1 6.7 99.4 NA 90.6 100 80.5 55.7 7
20110218 88.1 69.9 70.2 85.5 12.5 11.1 46.7 5.5 2 0.2 42.8 0.5 48.9 3.3 10.2 2.5 99.4 NA 90.4 100 75.9 50.2 0.4
20110219 85 53.2 53 79.9 4.9 7.7 10 2.8 1.6 0.8 38.5 0.6 49 1.5 9.5 1.3 94.8 NA 58.2 100 50.2 38.6 0.5
20110220 76.6 53.6 51.1 79.8 4.5 6.7 9.2 4.1 2.3 2.3 35.9 0.6 46.7 5 11.5 10.4 93.8 NA 52.4 100 94.7 39.4 0.4
20110221 89 54.3 54.5 80.8 16.2 31.6 18.6 4 2.1 1.9 47.4 0.6 65.8 4.9 14.3 15.1 94 NA 57.6 100 94.7 62.1 2.9
20110222 88.2 59.4 72 91.1 15.3 42.5 24.7 7 3.5 3.6 57.5 0.7 69.6 17.7 13.1 11.7 93.6 NA 56.8 100 78 79.2 4.5
20110223 95 60.3 80.1 87.5 15.9 39.8 37.3 17.6 6.6 5.6 71.7 9.4 71.2 16.9 17.4 26.5 95 NA 66 100 94.4 91.8 17.1
20110224 97.1 83.5 92 87.9 22 37.2 67.4 19.8 4.9 3.9 58.9 19.3 94 14.3 13.3 17.5 98.9 NA 97.5 100 94.3 93.9 18.9
20110225 93.6 75 86.2 85.4 24.1 29 61.9 3.6 1.1 6.5 56.9 0.2 77.9 7.6 12.3 7.7 98.3 NA 95.2 100 80.1 92.5 3.6
20110226 91.6 71.5 77.4 75.9 14.1 13.3 47.2 2.8 1 6 55.8 3.5 77.7 21.9 17.4 8.3 97.3 NA 89.3 100 91.7 79.3 2.8
20110227 88.5 71 77.4 76.5 16.1 13.3 47 1.3 0.6 10.2 58.9 3.1 69.1 24.6 23.3 23.5 97.3 NA 89.4 100 88.2 79.2 2.9
20110228 96.2 72.6 87.7 89.5 19.3 20.8 64.5 1.2 0.3 12 68.2 0.9 56.1 22.5 18.4 19.1 94.5 NA 92.7 100 93.8 89.8 2
20110301 97.4 90.8 94.6 93 26.9 18.6 61 1 0.2 7.6 83.6 1.4 50.6 30.3 20.7 16.7 98 NA 96.8 100 97.4 94 2.5
20110302 96.2 70.7 77.8 83.8 22.1 8.4 47.5 0.3 0 4.7 73.5 0.3 46.8 5.1 14 11.8 98.4 NA 89 100 93.3 80.8 0.1
20110303 86.6 67.8 80 78.1 27.1 19.7 54 0 0 3.6 60.4 0.3 44.6 37.1 20.4 11.8 95 NA 89.3 100 95.3 80.9 0.1
20110304 89.8 62.8 76.6 77 22.8 21 53.4 0 0 1 43.7 0.7 57.5 36.1 27.7 22 94.8 NA 90.3 100 93.9 75.9 0.7
20110305 89.9 62.9 76.6 77.3 22.9 21 53.5 0 0 1 43.8 0.7 57.5 36.2 27.8 22 94.6 NA 90.3 100 93.9 76 0.7
20110306 90 48.4 69.9 72.5 22.8 21 55.5 0 0 1 43.8 0.2 57.4 16.9 15.7 26.2 95.5 NA 90.3 100 94 75.8 0.5
20110307 94.2 48 73.1 72.9 22.5 29.2 46.4 0 0.1 12.2 65.7 0.1 45.2 40.9 22.9 26.8 93.4 NA 94.6 99.9 84.5 89.1 0.9
20110308 93.7 63 75.7 73.4 15.5 21.9 30.2 0 0 14.4 75.4 0.3 55.7 38.5 21.7 31.5 87.8 NA 90.4 100 95.5 95.7 1.8
20110309 88.6 53.1 76.5 76.7 20.2 39.1 62.7 0 0 7.5 44.3 0.4 35.6 23.6 18.3 25.6 91.7 NA 94.5 100 77 91.1 2.5
20110310 86.6 47.2 67.7 58 13.5 7.7 49.1 0 0 8.8 43.8 0 33.4 21.8 14.7 21.2 82.6 NA 94.8 100 70.7 72.6 2.3
20110311 82.6 40 67.8 60.8 11.2 7.6 37.6 0 0 11.2 33.4 0.1 24.6 22.2 14 17.3 90 NA 87.1 100 73.3 71.6 0.4
20110312 83 34.6 66.2 57.4 11.1 5.3 35 0 0 11 35.2 0.4 22.4 22.2 14 16 90.2 NA 85.1 100 75.8 69.2 0.4
20110313 83 34.5 66.2 57.2 11.1 5.3 35 0 0 11 35.2 0.4 22.5 22.2 14 16 90.1 NA 85.2 100 75.7 69.3 0.4
20110314 81.4 43.5 59.7 74.6 10.8 5.8 20.1 0 0 8 31.9 0.1 29 19 12.9 6.8 79.8 NA 87.8 100 84.4 52.5 1
20110315 82.4 30.9 70 90.8 13.6 15.1 47.2 0 0 8.2 36.8 0 29.3 16.2 12.1 8.2 77.2 NA 94.9 99.8 81.5 93.1 1.2
20110316 88.4 23.2 55.3 86.6 13.7 4.9 28.1 0 0 2.2 33.7 2.6 25.9 16 12.2 7.8 67.2 NA 91.8 100 76 60.2 1.9
20110317 87.6 29.4 57.3 70.3 13.4 3.2 32.3 0 0 1.8 29.2 0.5 18.7 11 11.9 7.5 83.9 NA 88.4 99.4 78.4 73.9 0
20110318 84.7 23.6 55.4 77 17.1 1.9 31.3 0 0 0.4 28.1 0.4 11.1 11.6 13.5 12.4 88.2 NA 76.3 100 72 76.5 0
20110319 90.2 32.3 53.7 71.5 19.1 4 37.1 0 0 0.9 29.3 0.5 11.6 11.8 14.8 9.5 84.8 NA 87.4 100 80.1 71.4 0
20110320 80.7 7.5 41.6 64.4 10.6 2.1 13.3 0 0 0.6 29.4 0 13.7 7.3 9.9 4.5 60.5 NA 72.3 99.7 78.7 63 0.1
20110321 78.7 7.4 49.7 90.2 15 1.6 14 0 0 0.1 23.4 0 7.3 4 8.3 7 56.5 NA 63.9 100 69.3 85.7 0.1
20110322 78.5 1 40.4 64.8 11.1 1.4 13.8 0 0 0.2 21.9 0 7.2 4.2 6.3 8.2 44.3 NA 65.9 100 55.7 62.9 0.1
20110323 67.4 1.5 39.6 61.1 2.4 1.4 10.9 0 0 0.6 22.8 0 5.5 1.9 5.9 2.6 39.2 NA 57.7 98.9 52.2 51.9 0
20110324 69.9 5 31.3 58.7 2.9 4 12.7 0 0 0.7 13.7 0 4.1 0.3 5.8 3.3 8.6 NA 50.9 98.7 50.3 42.7 0
20110325 76.6 27.5 44.7 61 5.9 6 19.4 0 0 2.2 31.4 0 4 0 6.5 9.4 52.3 NA 81.3 98.8 95.2 59.2 0
20110326 78.6 25.6 57.5 52.2 8 5.7 14.9 0 0 2.5 44 0 4 1.6 8.8 12.1 42.2 NA 57.1 99.1 95.2 60.3 0.1
20110327 84.8 0 34.9 59.3 8.3 3.1 13.9 0 0 1.9 30.6 0 5 1.8 7.9 12.1 13.2 NA 63.9 98.6 86.9 64.2 0.1
20110328 73.7 0 31.8 54.5 5.9 4.2 18.4 0 0 0.8 19.4 0 3.9 1 9 16.7 21.3 NA 61.9 99.3 92.5 71.4 0
20110329 75.3 0 15.9 36.2 5.1 0.9 17.6 0 0 1.2 17.8 0 3.1 39.2 18.5 15.8 12.9 NA 82.3 99.1 92.6 68.5 0
20110330 83.9 0 16.4 37.3 10.5 10 46.5 0 0 0.2 22.8 0 3.1 14.2 12.3 12.8 18.4 NA 76.6 97.6 79.5 79.2 0
20110331 81.7 0 15.4 38.9 4.7 2.4 14.1 0 0 0.1 19.6 0 2.4 22.5 27.1 31.2 18.4 NA 69.5 97.7 84.4 69.1 0
20110401 17.1 0 13.7 37.4 8.9 4.5 15.5 0 0 0 21 0.1 5.9 20.9 28.8 34.7 24.9 NA 65.2 97.6 82.4 63.9 0.5
20110402 85 0 13.7 37.4 11.7 6 18.2 0 0 0.1 21 0.1 5.9 21.8 30.6 35.9 24.8 NA 66.2 97.6 82.4 64 0.5
20110403 80.8 0 11.7 29 6 1.9 11.4 0 0 0.2 18.3 0 5.9 21.8 26.2 17.7 10.4 NA 55.4 98.8 69.7 54.3 0.5
20110404 69.6 0 7.5 23 3.6 1.1 6.2 0 0 0 12.1 0 0.4 0 4.9 1.4 0 NA 48.8 93.1 79.9 41.3 0
20110405 62.1 0 6.9 23.9 2.3 0.9 5 0 0 0.1 8.3 0 0.2 0 4.5 0.6 0 NA 51 92.5 51.7 33.5 0
20110406 57.3 0 5.8 24.1 1.6 0.3 2.4 0 0 0 2.8 0 0.2 0 4.3 0.5 0 NA 24.7 91.3 45.7 31.7 0
20110407 56.9 0 1.4 12 1.2 0.2 2.8 0 0 0 2.2 0 0.2 0 4.3 7.3 0 NA 22.9 87.5 59.3 31.3 0
20110408 54.3 0 0.7 12.7 1 0.2 2.4 0 0 0 3.5 0 0.1 0 4.2 0.7 0 NA 28 84.8 50.1 31.2 0
20110409 55 0 0.9 11.8 1 0.3 1.6 0 0 0.1 5.2 0 0.1 0 4.3 1.3 0 NA 27.3 83.8 67.8 31 0
20110410 56.1 0 1.7 16.4 0.4 0.5 2.9 0 0 0.1 2.6 0 0.1 0 4.1 1.5 1.6 NA 27 82.8 67.3 34.5 0
20110411 29 0 1.2 14.5 0.2 0 0 0 0 0 0.3 0 0 0 3.4 0.6 0.6 NA 0.7 59.4 32.1 30.9 0
20110412 12 0 0 6.4 0.1 0 0 0 0 0 0.3 0 0 0 3.1 0.2 0 NA 0.5 61.8 29.2 22.8 0
20110413 11.1 0 0 6.5 0.1 0 0 0 0 0 0.4 0 0 0 3.1 0.3 0 NA 0 53 30.7 21.5 0
20110414 10.6 0 0 6 0 0 0 0 0 0 0.3 0 0 0 2.9 0.3 0 NA 0 57.3 28.7 20.3 0
20110415 1.3 0 0 5.9 0.1 0 0 0 0 0 0.4 0 0 0 2.7 0.3 0 NA 0 57 18.8 16.6 0
20110416 0 0 0 7.3 0 0 0 0 0 0 0.1 0 0 0 2.7 0 0 NA 0 57 13.5 14.9 0
20110417 0 0 0 7.3 0 0 0 0 0 0 0 0 0 0 2.7 0 0 NA 0 38.7 9.1 7.3 0
20110418 0 0 0 0.5 0 0 0 0 0 0 0 0 0 0 2.5 0 0 NA 0 12.9 5 2.7 0
20110419 0 0 0 0.6 0 0 0 0 0 0 0 0.1 0 1.3 7.7 2.2 0 NA 0 15.1 5.1 2.5 0.2
20110420 0 0 0 0.2 0 0 0 0 0 0 0 0.3 0 0 2.6 0 0 NA 0 11.5 4 1.8 0
20110421 0 0 0 0 0 0 0 0 0 0 0 0 0 0 2.6 0 0 NA 0 10 3.2 1.5 0
20110422 0 0 0 0 0 0 0 0 0 0 0 0 0 0 2.5 0 0 NA 0 7.3 3.3 1.6 0
20110423 0 0 0 0 0 0 0 0 0 0 0 0 0 0 2.5 0 0 NA 0 8.6 3.8 1.7 0
20110424 0 0 0 0 0 0 0 0 0 0 0 0 0 0 2.5 0 0 NA 0 6.1 2.2 0.6 0
20110425 0 0 0 0 0 0 0 0 0 0 0 0 0 0 2.5 0 0 NA 0 2.6 1.9 0.2 0
20110426 0 0 0 0 0 0 0 0 0 0 0 0 0 0 2.4 0 0 NA 0 1.9 1.7 0.2 0
20110427 0 0 0 0 0 0 0 0 0 0 0 0 0 0 2.2 0 0 NA 0 0.7 1.2 0.1 0
20110428 0 0 0 0 0 0 0 0 0 0 0 0 0 0 2.2 0 0 NA 0 0.1 0.9 0.1 0
20110429 0 0 0 0 0 0.1 0 0 0 0 0 0 0 0 2.9 0 0 NA 0 0 5.6 1.3 0
20110430 0 0 0 0 0 0 0 0 0 0 0 0 0 0 2.1 0 0 NA 0 0 0 0 0
20110501 0 0 0 0 0 0 0 0 0 0 0 0 0 0 2.1 0 0 NA 0 0 0 0 0
20110502 0 0 0 0 0 0 0 0 0 0 0 0 0 0 2.1 0 0 NA 0 0 0 0 0
20110503 0 0 0 0 0 0 0 0 0 0 0 0 0 0 2.2 0 0 NA 0 0 0 0 0
20110504 0 0 0 0 0 0 0 0 0 0 0 0 0 0 1.6 0 0 NA 0 0 0 0 0
20110505 0 0 0 0 0 0 0 0 0 0 0 0 0 0 1.2 0 0 NA 0 0 0 0 0
20110506 0 0 0 0 0 0 0 0 0 0 0 0 0 0 1 0 0 NA 0 0 0 0 0
20110507 0 0 0 0 0 0 0 0 0 0 0 0 0 0 0.9 0 0 NA 0 0 0 0 0
20110508 0 0 0 0 0 0 0 0 0 0 0 0 0 0 0.8 0 0 NA 0 0 0 0 0
20110509 0 0 0 0 0 0 0 0 0 0 0 0 0 0 0.7 0 0 NA 0 0 0 0 0
20110510 0 0 0 0 0 0 0 0 0 0 0 0 0 0 0.6 0 0 NA 0 0 0 0 0
20110511 0 0 0 0 0 0 0 0 0 0 0 0 0 0 0 0 0 NA 0 0 0 0 0
20110512 0 0 0 0 0 0 0 0 0 0 0 0 0 0 0 0 0 NA 0 0 0 0 0
20110513 0 0 0 0 0 0 0 0 0 0 0 0 0 0 0 0 0 NA 0 0 0 0 0
