20111129 0 0 0 0 0 0 0 0 0 0 0 0 0 0 2.3 0 0 NA 0 0 0 0 0
20111130 0 0 0 0 0 0 0 0 0 0 0 0 0 0 1.4 0 0 NA 0 0 0 0 0
20111201 0 0 0 0 0 0 0 0 0 0 0 0 0 0 0.1 0 0 NA 0 0 0 0 0
20111202 0 0 0 0 0 0 0 0 0 0 0 0 0 0 0.3 0 0 NA 0 0 0 0 0
20111203 0 0 0 0 0 0 0 0 0 0 0 0 0 0 0.3 0 0 NA 0 0 0 0 0
20111204 0 0 0 0 0 0 0 0 0 0 0 0 0 0 0.3 0 0 NA 0 0 0 0 0
20111205 0 0 0 0 0 0 0 0 0 0 0 0 0 0 0.8 0 0 NA 0 0 0 0 0
20111206 0 0 0 0 0 0 0 0 0 0 0 0 0 0 1.6 0 0 NA 0 0 0 0 0
20111207 0 0 0 0 0 0 0 0 0 0 0 0 0 0 1.4 0 0 NA 0 0 0 0 0
20111208 2 0 0 0 0 0 0 0 0 0 0 0 0 0 1.2 0 0 NA 0 0 0 0 0
20111209 2.2 0 0 0 0 0 0 0 0 0 0 0 0 0 1.1 0 0 NA 0 0 0 0 0
20111210 4.3 0 0 0 0 0 0 0 0 0 0 0 0 0 1.1 0 0 NA 0 0 0 0 0
20111211 9.4 0 0 0 0 0 0 0 0 0 0 0 0 0 1.1 0 0 NA 0 0 0 0 0
20111212 5.7 0 0 0 0 0 0.2 0 0 0 0 0 0 0 1.6 0 0 NA 15.6 7.3 0 0 0
20111213 6.1 0 0 0 0 0 0 0 0 0 0 0 0 0 1.6 0 0 NA 12.7 5.2 0 0 0
20111214 4.1 0 0 0 0 0 0 0 0 0 0 0 0 0.1 1.6 0 0 NA 4.3 7.1 0 0 0
20111215 4.5 0 0 0 0 0 0 0 0 0 0 0 0 0.1 1.7 0 0 NA 6 5.3 0 0 0
20111216 4.3 0 0 0 0 0 0 0 0 0 0 0 0 0.1 1.7 0 0 NA 1.1 1.4 0 0 0
20111217 6.3 0 0 0 0 0 0 0 0 0 0 0 0 0.2 2.4 0 0 NA 0.7 1.5 0 0 0
20111218 5.9 0 0 0 0 0 0 0 0 0 0 0 0 0.1 2.3 0 0 NA 3.4 5.7 0 0 0
20111219 3.3 0 0 0 0 0 0 0 0 0 0 0 0 0 1.9 0 0 NA 0.7 5.4 0 0 0
20111220 3.5 0 0 0 0.1 0 0 0 0 0 0 0 0 0 1.8 0 0 NA 0.8 5.4 0.1 0 0
20111221 2.8 0 0 0 0.1 0 0 0 0 0 0 0 0 0 1.7 0.1 0 NA 0.6 3.5 0.1 0 0
20111222 2.9 0 0 0 0 0 0 0 0 0 0 0 0 0 1.6 0 0 NA 0.7 10.1 0.3 0 0
20111223 2.8 0 0 0 0 0 0 0 0 0 0 0 0 0 1.6 0 0 NA 0 6.5 1.1 0 0
20111224 12.9 0 0 0 0 0 0 0 0 0 0.1 0 0 0 1.7 0 0 NA 0.8 9.6 0.4 0 0
20111225 12 0 0 0 0 0 0 0 0 0 0.1 0 0 0 1.7 0 0 NA 0.8 9.6 0.4 0.1 0
20111226 7 0 0 0 0 0 0 0 0 0 0 0 0 0 1.7 0 0 NA 1.1 8.7 0.6 0.1 0
20111227 3.1 0 0 0 0 0 0 0 0 0 0 0 0 0 1.8 0.1 0 NA 1.4 10.3 1 2.9 0
20111228 3.9 0 0 0 0.1 0 0 0 0 0 0.6 0 0 1.3 2.2 0.1 0 NA 0.8 25.1 1.4 2.3 0
20111229 19.2 0 0 0 0.1 0 0 0 0 0 0.5 0 1.4 0.5 2.5 0.1 0 NA 24.4 47.8 4.1 3.1 0
20111230 19.3 0 0 0 0 0 0.4 0 0 0.1 0.8 0 2.8 0 2.6 0.1 0 NA 35.6 41.9 4.3 4.2 0
20111231 13.5 0 0 0 0 0.2 0.6 0 0 0 3.2 0 2.8 0 3.1 0 0 NA 31.3 34.8 4.8 6.3 0.1
20120101 13.8 0 0 0 0.3 0.4 0.3 0 0 0 3.1 0 2.8 0 2.8 0 0 NA 15.4 44.8 4.1 7.7 0
20120102 15.4 0 0 0 0.2 0.1 0.3 0 0 0 1.2 0 2.8 0 2.9 0.1 0 NA 8.3 51 4.7 4.2 0.1
20120103 29.6 0 0 0 1.8 0.8 2.1 0 0 0.3 7.3 0 1.4 5.4 4.1 0.1 0 NA 38.7 79.2 8.6 12.3 0
20120104 32.3 0.9 0 1.3 1 0.8 3.5 0 0 0.1 7.4 0 1.9 0 3 0.1 10.8 NA 51.1 65.7 8.7 7.2 0.1
20120105 27.7 0.3 0 1.2 0.9 0.4 1.1 0 0 0 4 0 4.6 1.4 3.1 0.1 10.2 NA 44.2 73.9 7.7 10.7 0
20120106 24 0.6 0 0.7 0.7 0.6 0.7 0 0 0 3.1 0 4.5 1.8 3 0.1 6.2 NA 38.9 69.5 8.1 8.9 0
20120107 19.3 1.1 0 0.4 0.5 3.3 0.8 0 0 0 0.1 0 4.5 0.3 3.4 0.1 4.6 NA 25.4 58.4 2.9 6.3 0
20120108 17.2 2.8 0 0.2 0.5 3.9 0.7 0 0 0 0.1 0 8.9 0 2.8 0.1 4.9 NA 25.3 59.9 2.4 7 0.2
20120109 30.6 0 0 0 0.2 0.6 0.2 0 0 0.1 1.1 0 4.1 0 3 0.1 1.7 NA 24.3 58.7 6.7 5.2 0
20120110 21.7 0 0 0.2 0.1 0.2 0.1 0 0 0.1 0.2 0 3.7 0 2.5 0.1 0.8 NA 17.9 55.8 2.6 6.3 0.1
20120111 17.7 0 0 0 0.2 0.4 0 0 0 0 0.3 0 3.4 0 2.4 0.2 0.6 NA 23.9 56.9 3.9 5.8 0
20120112 20 0 0 0 0.2 0.3 0 0 0 0 1.7 0 3.3 0.6 2.6 0.1 0.1 NA 16.2 54.7 3.1 7.4 0
20120113 30.9 0 0 0 0.3 0.4 0 0 0 0.1 7.9 0 3.3 0 3.5 0.2 0.2 NA 28.9 57.4 5.1 8 0
20120114 35.7 0 0 0 0.5 0.4 0 0 0 0.3 9.2 0 3.2 0 3.6 0.2 0.1 NA 31 57.3 3.1 9.4 0.1
20120115 48.5 0 0 0 0.5 0.5 0 0 0 0 9.7 0 3.8 4.6 6 0.2 0.4 NA 32 58.2 3.2 9.8 0
20120116 64.1 13.9 0 2 1 0.7 3.5 0 0 0.3 13.3 0 5.5 3 5.3 0.2 41.3 NA 55.8 89.7 9.8 17.1 0
20120117 40.2 7.2 0 1.9 1.4 0.8 3.1 0 0 0.1 11.8 0 4.4 0 3.1 0.1 39.2 NA 49.1 85.8 9.3 13.1 0.1
20120118 55.6 7 0 0 2.3 1.2 3.4 0 0 1.6 18.5 0 3.6 3.7 6.7 0.1 41.7 NA 56 91.4 16.2 18.6 0.1
20120119 70.2 4.5 0 0 2.1 1.1 7.8 0 0 0.6 28.8 0 3.4 5.5 7 0.1 56.8 NA 69 85.9 10 14.3 0.1
20120120 90.8 8.4 0.7 2.9 10.3 2.2 20.2 14.2 4.9 4.8 32 0 4.4 4.2 9.8 0.8 61 NA 75.2 97 23.5 26.4 0.2
20120121 90.8 71.6 1.3 6.8 10.7 2.5 13.6 14.4 4.7 5.1 33.4 0 5.2 4.7 10.1 1 90 NA 65 96.9 21.7 31.5 0.2
20120122 91.8 69.5 0 3.4 11.5 3.2 15.7 3.2 3 3.9 43 0 5.3 10.4 14.7 0.8 94.2 NA 66.3 96.9 22.6 34.9 0.2
20120123 88.6 71.8 0 3 3.5 3.2 5.5 3.2 0 0.9 33.5 0 4.5 4.7 11.3 1.5 91.3 NA 60.2 93.5 17.6 25.8 0
20120124 80.5 43.7 0.2 3.5 4.2 0.6 1.1 1.7 0 2.4 25.8 0 7.8 5 9.3 0.1 53.4 NA 54.3 96.4 9.1 19.8 0.1
20120125 87.9 42.1 0.2 1.1 4.4 0.7 1.1 0 2.2 4.1 28.9 0 4.8 3.5 9.8 0.6 45.9 NA 52.6 96 8.1 17.3 0.1
20120126 96.4 53 3 5 6.2 3.3 4.5 2.6 2.9 4 27.6 3.6 8 9.8 14.2 2.2 69.2 NA 65.1 96.1 16.1 28.8 2
20120127 70.4 40.4 0.2 0.9 1.8 1 1.1 0 0 1.1 17 0 4.6 0.3 5.3 0.1 57.2 NA 60 94.9 8 21.5 0
20120128 68.4 23.1 0.1 0.6 3.7 0.4 0.2 0 0 0.9 16.5 0 4.6 0.2 5.3 0.1 33.4 NA 45.4 75.3 8.4 16.3 0.4
20120129 58.9 20.2 0.1 0.6 2.1 0.4 0.2 0 0 1.4 12.1 0 11 0.4 4.9 0.1 33.3 NA 35.5 72.8 6 16.2 0.3
20120130 62.6 9.4 0.7 1.4 2.8 1.1 6.3 0 0 1.7 15.7 0 4.7 6.7 10 0.8 3.9 NA 55.1 75.4 8.3 20.7 0.1
20120131 83.1 40.8 1.4 1.3 3.5 0.8 5.1 0 0 0.2 28.1 0 4.5 6.2 12.7 0.2 38.8 NA 59.9 89.7 12.4 22.6 0.1
20120201 89 8.5 0 0 2.5 0.8 4.1 0 0 0.3 22.9 0 4.1 2.6 6.8 0.1 31.6 NA 55.9 89.6 6.4 20.5 0.1
20120202 91.1 7 0 0.2 3 1 0.4 0 0 0.4 19.3 0 4.1 2.7 6.9 0.1 20.7 NA 40.2 70.4 6.9 24 0.1
20120203 85.2 5.7 0 0.2 3.4 0.9 0.7 0 0 1.1 21.6 0 4.2 2.6 6.6 0.1 15.6 NA 38.3 81.4 12.2 23.2 0.2
20120204 85.2 5.7 0 0.2 3.3 0.8 0.7 0 0 1 21.6 0 4.2 2.6 6.5 0.1 15.6 NA 38.2 81.5 12.6 23.2 0.2
20120205 87.6 7 0.1 0 3.1 0 0 0 0 1.1 24.3 0 5.9 1 6.5 0.1 15.8 NA 40.7 73.2 6.5 29.3 0.2
20120206 76.2 4.9 0.4 0 4.2 0.6 0 0 0 0.6 11.6 0 4.7 0.7 5.2 0.1 7.3 NA 35.7 75.8 6.2 25.6 0.1
20120207 76.5 2.4 0.2 0.3 1.7 0.8 0 0 0 1.2 15.1 0 4.4 0.3 5.4 0.1 4.9 NA 34 69.3 10.2 22.5 0
20120208 82.4 2.5 0.3 0 3.3 1.2 0.1 0 0 1.4 20.8 0 4.4 0.7 5.4 0.1 6.6 NA 33 75.1 10.4 20.5 0
20120209 81.2 2.9 0.1 0 2.4 0.9 0 0 0 1.1 16.2 0 4.3 2.5 5.7 0.1 1.4 NA 32.7 88.4 6.9 17 0
20120210 77.8 0.6 0.3 0 2.1 0.8 0.3 0 0 0.7 14.2 0 4.1 1.8 6 0.1 0.7 NA 28.5 78.8 10.4 16.6 0
20120211 80 0.7 0.4 0 2.3 1.7 1 0 0 0.9 14.9 0 4.2 1.8 5 0.1 1.4 NA 29.2 80.2 14.4 27.4 0.1
20120212 85.2 5.6 1 0 4.2 1.6 3.5 0 0 1.1 35.4 0 4.1 2.1 6.5 0.1 25.5 NA 52.1 96.8 15.5 33.9 0
20120213 91.2 34.3 4.6 1.7 6.2 1.5 6.5 5.4 4 2.7 27.5 0 5.9 6.5 8 0.6 89.5 NA 57.1 74.8 34.4 22.8 0.1
20120214 86.9 44.3 4.9 1.8 4.2 0.6 2.5 1.4 0 0.6 21.8 0 5.7 9.3 9.9 0.6 71 NA 54.9 80.5 18.1 20.7 0.1
20120215 86.3 40 6.3 2 1.5 0.8 1.1 0 0 0.5 24.4 0 5.6 8.4 8.7 0.7 64.2 NA 50 87.5 25.2 22 0.1
20120216 81.9 23.2 1.6 2.1 3.7 1.3 1.8 0 0 0.7 26.6 0 8.8 1.1 7.5 0.8 77.3 NA 47.7 79.5 28.1 21.9 0.1
20120217 76.3 9.9 0.8 2.5 3 1.2 1.8 0 0 1.7 14.5 0 11.9 5.8 7.2 0.7 47.7 NA 41.7 79 15.7 23.8 0.1
20120218 74.5 10.9 0.4 2.8 2.1 1.7 2 0 0 1.6 15.4 0 5.3 0.8 4.7 0.3 50 NA 41 73.8 16.5 21.9 0.2
20120219 69.2 3.1 0.2 3.1 1.8 1.1 0.9 0 0 0.9 20.5 0 3.8 0.9 4.9 0.2 26.5 NA 34.6 74.3 16.3 22.5 0.1
20120220 85 5.4 0.1 1.2 2 1.1 1.2 0 0 1.1 20.6 0 4.6 6.7 8.4 1.4 25.8 NA 35.7 79.9 23.3 23.9 0.1
20120221 88.7 2.9 0 1.6 1.8 0.9 1.8 0 0 1.2 27.6 0 3.9 3.8 6.7 1.8 19.7 NA 42.3 96.1 31.1 25.1 0
20120222 78 3 0 1.8 1.7 0.9 1.9 0 0 0.3 15.1 0 3.8 0 5.2 0.1 20.2 NA 37.4 88.4 13.1 23.7 0
20120223 72.9 0 0 0 1.6 0.8 0 0 0 0.4 9.9 0 3.5 0.3 4.4 0.1 6 NA 32.1 81.3 11.3 20.2 0.1
20120224 69.7 0 0 0 1.6 0.8 0 0 0 0.3 9.5 0 3.5 0.1 4.3 0.1 4.7 NA 31.8 82.6 11.4 20.6 0
20120225 68.9 0 0 0 1.6 0.8 0 0 0 0.4 9.6 0 3.4 0 4.2 0.1 4.8 NA 31.8 82.5 11.2 20.5 0.1
20120226 55.6 0 0 0 1.7 0.8 0 0 0 0.5 15.6 0 3.4 0.1 4.3 0.1 2.4 NA 20.9 88.9 16 22.3 0.1
20120227 62.9 0 0 0 2.1 2 3.4 0 0 0.1 17.7 0 2.9 3.4 7.6 0.1 2.5 NA 23.2 90.3 27 29.9 0
20120228 66.5 0 0 0 1.4 0.6 0.5 0 0 0.6 19.9 0 3.8 1.7 8.3 0.2 0.4 NA 37.3 98.3 21.5 25.6 0.1
20120229 59.3 0 0 0 1.2 0.6 0 0 0 0.3 20.7 0 3.8 1.7 8.6 0.3 1.6 NA 26.1 97.1 29.3 26.3 0.1
20120301 54.9 0 0 0 1.5 0.3 0.2 0 0 0.3 29.1 0 2.6 0 4 0.7 1.1 NA 25.4 98 23.2 24.8 0
20120302 61.6 0 0 0 1.3 1 0.4 0 0 0.4 29.7 0 2.8 0 5.1 2.6 1.3 NA 35.3 98 36.8 27 0
20120303 53.1 0 0.5 0 1.3 0 0.6 0 0 0.2 26.7 0 1.6 0.2 4.7 0.5 0.1 NA 22.4 95.9 26.8 25.6 0.1
20120304 44.2 0 0 0 2.7 0.2 1.1 0 0 0.7 29.2 0 1.2 2.5 7.1 0.1 0 NA 13.2 90.7 48.6 33.3 0.3
20120305 86.3 0 0 0 9.8 3.2 4.4 0 0 1.2 57.2 0 1.8 0.1 5.5 3.6 0 NA 34.6 97.1 85.2 54.1 0
20120306 69.7 0 0 0 3.7 0.9 2.9 0 0 0.8 29.1 0 1.7 0.6 5.5 0.6 0 NA 29.5 83 61.1 54.3 0
20120307 66.8 0 0 0 1.6 0.7 0.3 0 0 0 19.2 0 1.4 0 3.7 0.8 0 NA 6.2 95.7 34.1 26.8 0
20120308 54.5 0 0 0 1.7 0.2 0.2 0 0 0 11.4 0 1.7 0 3.8 0.1 0 NA 2.7 96.7 25.3 26.9 0
20120309 39.1 0 0 0 1.3 0.4 0 0 0 0.9 9.9 0 1.6 0 3.4 0.1 0 NA 0.2 96.9 13.1 24.6 0
20120310 32.1 0 0 0 2.4 0.6 0 0 0 0.9 10 0 1.6 0 4 0.1 0 NA 0.4 97 13 24.9 0
20120311 41.9 0 0 0 3.8 0.4 0 0 0 0.4 15.3 0 1.7 0 3.6 0.5 0 NA 0 98.8 49.4 23.1 0
20120312 31.8 0 0 0 1.2 0.2 0 0 0 0 6.9 0 1.6 0 3.7 0.3 0 NA 0 96.2 26.5 23 0
20120313 22 0 0 0 0.3 0.2 0 0 0 0 6.7 0 1.3 0 3.6 0.1 0 NA 0 96 15.3 22.9 0
20120314 18.7 0 0 0 0.3 0.1 0 0 0 0 5 0 0.2 0 3.4 0.1 0 NA 0 84 12.6 20.7 0
20120315 17.6 0 0 0 0 0.1 0 0 0 0 7.4 0 0.3 0 3.3 0.1 0 NA 0 96.6 12.1 19.5 0
20120316 21.1 0 0 0 0.1 0 0 0 0 0 7.6 0 0 0 3.3 0.1 0 NA 0 96.6 13.9 22.1 0
20120317 27.2 0 0 0 1.1 0 0 0 0 0 10.3 0 0 0 3.6 0.1 0 NA 0 97 11.6 23.3 0
20120318 16.4 0 0 0 0.2 0 0 0 0 0 9 0 0 0 3.4 0.1 0 NA 0 91.9 11.2 20.7 0
20120319 6.1 0 0 0 0 0.2 0 0 0 0 2.4 0 0 0 2.6 0.1 0 NA 0 84 6.1 16.9 0
20120320 4.6 0 0 0 0 0 0 0 0 0 1.9 0 0 0 2.8 0.1 0 NA 0 80.7 2.3 14.6 0
20120321 3.4 0 0 0 0 0 0 0 0 0 1.3 0 0 0 2.8 0.1 0 NA 0 64.3 2.3 14 0
20120322 2.7 0 0 0 0 0 0 0 0 0 1 0 0 0 2.7 0.1 0 NA 0 50.5 2.5 12.5 0
20120323 2.7 0 0 0 0 0 0 0 0 0 0.9 0 0 0 2.6 0.1 0 NA 0 54.5 1.6 11.9 0
20120324 0.4 0 0 0 0 0 0 0 0 0 0 0 0 0 2.5 0.1 0 NA 0 26.1 0.3 6.5 0
20120325 0.5 0 0 0 0 0 0 0 0 0 0 0 0 0 2.5 0.1 0 NA 0 27.3 0 5.1 0
20120326 0 0 0 0 0 0 0 0 0 0 0 0 0 0 2.2 0 0 NA 0 1.9 0 0.4 0
20120327 0 0 0 0 0 0 0 0 0 0 0 0 0 0 2.1 0.1 0 NA 0 8.2 0.1 0.7 0
20120328 0 0 0 0 0 0 0 0 0 0 0 0 0 0 2 0 0 NA 0 5.8 0 0.2 0
20120329 0 0 0 0 0 0 0 0 0 0 0 0 0 0 1.9 0 0 NA 0 0 0 0.3 0
20120330 0 0 0 0 0 0 0 0 0 0 0 0 0 0 1.9 0 0 NA 0 0 0 0.3 0
20120331 0 0 0 0 0 0 0 0 0 0 0 0 0 0 1.7 0 0 NA 0 0 0 0.2 0
20120401 0 0 0 0 0 0 0 0 0 0 0 0 0 0 1.7 0 0 NA 0 0 0 0.1 0
20120402 0 0 0 0 0 0 0 0 0 0 0 0 0 0 1.7 0 0 NA 0 0 0 0 0
20120403 0 0 0 0 0 0 0 0 0 0 0 0 0 0 1.6 0 0 NA 0 0 0 0.1 0
20120404 0 0 0 0 0 0 0 0 0 0 0 0 0 0 1.3 0 0 NA 0 0 0 0 0
20120405 0 0 0 0 0 0 0 0 0 0 0 0 0 0 1.4 0 0 NA 0 0 0 0 0
20120406 0 0 0 0 0 0 0 0 0 0 0 0 0 0 1.2 0 0 NA 0 0 0 0 0
20120407 0 0 0 0 0 0 0 0 0 0 0 0 0 0 1.4 0 0 NA 0 0 0 0 0
20120408 0 0 0 0 0 0 0 0 0 0 0 0 0 0 1.2 0 0 NA 0 0 0 0.1 0
20120409 0 0 0 0 0 0 0 0 0 0 0 0 0 0 0.6 0 0 NA 0 0 0 0 0
20120410 0 0 0 0 0 0 0 0 0 0 0 0 0 0 0.2 0 0 NA 0 0 0 0 0
20120411 0 0 0 0 0 0 0 0 0 0 0 0 0 0 0 0 0 NA 0 0 0 0 0
20120412 0 0 0 0 0 0 0 0 0 0 0 0 0 0 0 0 0 NA 0 0 0 0 0
20120413 0 0 0 0 0 0 0 0 0 0 0 0 0 0 0 0 0 NA 0 0 0 0 0
