20131124 0 0 0 0 0 0 0 0 0 0 0 0 0 0 1.2 0 0 NA 0 0 0 0 0
20131125 0 0 0 0 0 0 0 0 0 0 0 0 2 0 0.2 0 1.2 NA 4.5 10.7 1.6 0.3 0.1
20131126 0 0 0 0 0 0 0 0 0 0 0 0 1.4 0 0.8 0 0.1 NA 0 16.4 0.6 0.2 0.1
20131127 0.5 0 0 0 0 0 0 0 0 0 0 0 2.2 0 0.9 0 1.2 NA 0.6 13.4 0.5 0.2 0.1
20131128 3.4 1.4 0.1 0.7 0.6 0 0.3 0 0 0 0.7 0 4.5 0.6 1.8 0 6.3 NA 7.8 21.9 4.2 1.4 0.3
20131129 5.8 2.6 0.1 1.2 1.1 0 0.5 0 0 0 1.5 0 3.9 1.2 2.5 0 11.1 NA 12 25.3 7.6 2.5 0.2
20131130 9 2.4 0 2.8 0.8 0.5 0 0 0 0 1 0 3.9 0.6 2.8 0 18.2 NA 30.4 21.7 9 2.5 0.2
20131201 7.4 0.6 0 2.9 0.7 0.4 0.1 0 0 0 0.7 0 3.8 0.5 3 0 1.6 NA 28.3 21.7 5.7 2.5 0.3
20131202 6.9 0.2 0 1.6 0.5 0.2 0 0 0 0 0.5 0 2.8 0 1.7 0 0.8 NA 20.5 21.6 4 1.4 0.1
20131203 4.4 0 0 1.3 0.4 0.1 0 0 0 0 0 0 2.2 0 1.7 0 0 NA 16.2 17.8 3.2 1.2 0.1
20131204 3.2 0 0 1.7 0 0.1 0 0 0 0 0 0 1.8 0 1.5 0 0 NA 12.5 16.8 3.5 1.1 0.1
20131205 5 0 0 0.1 0 0.1 0 0 0 0 0 0 1.4 6.2 2.5 0 0.5 NA 11.9 7.8 1 0.7 0.1
20131206 15.7 0 0 0 0 0.1 0 0 0 0 0.1 0 1 0.1 2 0 0.7 NA 12.6 12.8 1.8 1.1 0.1
20131207 17.8 0 0 0 0 0.1 0 0 0 0 1.4 0 1 0.7 2.1 0 0.7 NA 12.7 13.1 1.7 1.1 0.1
20131208 21.9 0 0 0 0.1 0.3 0 0 0 0.1 1.5 0 1 0 2.5 0 0.7 NA 5.6 17 1.9 0.7 0
20131209 32.6 1.1 0 1 0.8 0.5 1.1 0 0 0.3 6.3 0 2.9 1.6 3.7 0.4 5.4 NA 44.5 44.7 5.4 5.1 0.1
20131210 37 2.3 0 1.6 2.1 1 1.9 0.2 0.4 1.1 10.6 0 3.8 2.7 4.5 0.7 15.7 NA 63 55.9 9.9 10 0
20131211 44.6 3.4 0 2.5 1 0.9 5.4 4.8 3.1 2.1 9.1 0 4.9 1.3 5.7 1.4 32.7 NA 59.4 63.8 17.7 8.4 0.1
20131212 48 56.1 1 2.3 3.4 0.8 8.3 4.6 1.1 2.5 12.2 0 9 4.6 5.4 1.8 95 NA 58.2 85.5 15.8 21.5 1.4
20131213 60.3 56.1 1.3 4.2 6.2 1.1 9.9 5.8 1.3 4.2 22.1 0 7.9 6.1 6.8 2.7 90 NA 64.5 90.5 16.2 25.2 1.3
20131214 64.2 62.3 1.5 6.9 9.9 2.5 12.2 5.9 1.8 5.2 21.4 0 7.6 5 6.9 2.7 95 NA 67.5 95.5 19.2 27.3 0.8
20131215 42.4 66.1 1 4.6 4.9 5.3 9.1 1.9 0 1.5 46.9 0 8.7 4.7 9.3 1.5 91.8 NA 70.4 89.9 28.8 21.3 1.1
20131216 84.7 84.5 4.2 11.2 11.9 4.3 9.9 3.7 0.9 4.6 44.4 9.3 9.7 3.4 9.9 1.5 90 NA 61.7 97.7 22.3 32.1 5.2
20131217 81.6 70.8 5.6 13.1 14.6 4.2 11.5 4.5 2 4.8 50.8 11.1 17.1 13.6 10.2 2 86.2 NA 60.9 97.6 28.2 33.6 5.6
20131218 92.2 62.5 3.8 12.5 7.9 3.9 12.1 4.9 0.3 3.5 37.7 10.1 17.8 2.1 7 0.6 85.7 NA 65.7 99.2 22.2 30.5 5.2
20131219 93.8 76.3 5.1 5.9 6.8 1 8 4.4 0.9 3.6 36 0.6 10.7 4.6 8.3 0.7 93.9 NA 68.2 99.2 22 21.4 1.2
20131220 92.3 65.1 5.4 5.4 7.1 1 7.4 2.7 1 3.9 34.8 0.1 10.8 3.7 12.7 0.7 89.8 NA 69.9 99.1 18 25.6 0.9
20131221 92.4 65.2 5.4 5.4 7.1 1 7.7 2.7 0.9 3.5 34.8 0.2 10.7 5.4 12.5 0.7 89.8 NA 69.8 99.1 18.7 25.9 0.9
20131222 90.4 56.4 1.3 2 2.6 0.9 3.1 1.9 0.2 2.4 43.5 0 10.5 9 12.7 1 90 NA 49.5 99.6 9.5 23.1 0.9
20131223 96.1 57.1 0.5 2.3 2 1.1 2.2 1 0.7 5.1 34.6 0 6.8 5.6 13.4 1.2 28.3 NA 57 99.9 10.5 15.7 0.2
20131224 94.3 54.7 0.1 2.9 4 0.6 3.1 0.4 0.5 3.9 47.7 0 6.5 3.5 9.5 1.8 69.8 NA 62.9 99.2 10.5 24.8 0.2
20131225 96.5 53.1 3.2 2.3 16.1 0.8 3 16 6 10.7 59.9 0 6.9 8.7 11.7 1.2 54.8 NA 65.6 100 57.1 45.1 0.7
20131226 94.2 85.5 7.5 7 15.8 3.1 14.4 14.9 3.9 6.9 44.1 4.1 12.9 13.5 13.1 4 80.5 NA 87.8 100 28.5 37.9 3
20131227 90.3 83.6 7.3 2.9 13.2 0.3 17.1 10.2 3 6.2 48.1 0 7.8 8 8.6 0.6 92.4 NA 88.8 100 16.8 30.9 0.6
20131228 89.9 38.7 4.4 2.4 11.6 0.1 4.5 1.9 0.4 0.5 36.5 0 6.1 10 8 0.2 73.4 NA 77.7 100 13.9 26.4 0.1
20131229 90.9 41.7 3.1 2.2 10.1 0.7 3.3 2.1 0.2 0.7 38.4 0.4 9.7 7 8.5 0.2 73.8 NA 68.8 100 15.1 35.4 0.5
20131230 91.9 44.6 1.9 2 7.7 1.3 1.6 2.3 0 1 39 0.7 12.8 2.6 8.7 0.1 73.9 NA 58.2 100 15 43 0.8
20131231 97.4 47.1 2.7 3.1 19 3.7 12.5 7.5 4.2 5.4 47.1 1.5 17 20 19.5 1.8 76.1 NA 81 99.8 40.2 49 1
20140101 98 85.9 12.2 14.1 16.5 9.7 14.3 17.6 5.1 2.2 47.6 2.6 19.6 21.3 20.7 3.4 92.6 NA 75 100 72.5 57.9 2.9
20140102 97.9 94.6 22.2 23.8 22.8 14.8 18.8 22.3 7.7 11.6 62 7 18.7 33.5 30.9 8.3 96.5 NA 86.1 100 96.3 57 4.3
20140103 96.2 90.2 47.6 52.6 33.9 24.5 25.7 30.9 14 18.7 67 11.9 49.5 74.8 37.4 12.9 94.7 NA 91.6 100 92.6 66.6 14.2
20140104 95.8 90.2 51 52.6 32.3 23.8 23.6 22.3 5 4.1 36.9 5.7 44.6 44.4 21.6 4.3 92 NA 91.6 100 70.8 72 9.1
20140105 93.2 81.8 35.7 14.3 18.9 4.8 28.6 20.4 5.9 3.4 34 6.5 29.4 41.5 23.4 6.5 94.2 NA 89.9 100 66.9 35.4 6.7
20140106 94.7 72 39.3 23 21.1 3.4 21.4 27.3 9 10.8 39.6 1.5 27.5 38.9 26.7 4.9 77.8 NA 86.2 100 59.7 42.5 2.2
20140107 97.5 93.7 56 50.4 22.8 5.5 36.5 40.7 16.3 12.6 45.2 10.1 33.6 59.4 32.7 6.3 97.9 NA 96.8 100 81 52.3 8.6
20140108 97.2 95.4 93 64.8 28.4 11.9 52.2 44.6 19.6 11.7 54.2 19.4 52.4 71.3 42.1 8.8 99.4 NA 95.3 100 93.2 48.8 12.4
20140109 97.5 95.1 94.2 73 29.4 10.6 57 44.4 26 14.3 63.6 8.6 58.7 70.1 47 12.2 98.3 NA 95.4 100 94 49.8 10.6
20140110 95.2 89.2 88.5 78.4 30.2 9.1 59.2 45.8 26.3 15.5 53.6 7.9 59.2 71.2 51.4 15.6 96.7 NA 95.4 100 90.8 50.6 12.7
20140111 97 92.1 92.3 82.6 30.7 8.4 63.6 37.2 8.6 2.3 48.1 10.1 65.1 76.3 34.4 14 98.4 NA 97.7 100 86.1 53 15.2
20140112 97.3 79.2 85.8 42 10.4 4.1 22.7 26.1 5.8 1.9 47.7 0.4 36.9 48.6 32.9 12.9 97 NA 67.4 100 76.1 35 0.6
20140113 91.7 60.7 71.4 36.1 11 4.6 8.3 6.1 1.4 0.8 37.1 0.8 25.6 19.5 22.5 4.7 95.8 NA 53.8 100 42.7 33.4 1.3
20140114 95.7 63.7 74.2 38 12.2 6.1 6.2 5.2 1.7 1.4 39.3 0.8 25.2 29.6 27.1 5.1 98.7 NA 67.9 100 42.2 33.7 1
20140115 95.4 66.5 67.7 29.3 12.3 6.9 6.9 4.8 1.6 3.7 56.1 1.4 25.2 44.6 40.1 6.2 98.7 NA 65.5 99.9 89.5 34.7 0.7
20140116 95.2 66.6 68.1 35.3 12.8 7.4 7 3.7 1.7 2.1 48.5 1.9 29.7 46.9 41.8 6.4 98.7 NA 65.6 100 87.7 35.3 0.6
20140117 92 73.3 62.7 30.4 14.8 8.2 11.6 4 2.6 2.7 47.3 1.3 26.5 24.1 41 10.9 97.1 NA 75.9 100 81.6 37 1.3
20140118 95.2 73.3 62.7 30.4 20.5 8.3 21.1 30.9 7.7 9.1 56.5 1.3 26.5 23.9 38.3 17.9 97.1 NA 88 100 91.5 36.9 1.3
20140119 95.2 90.1 89.4 70.7 19.6 7.9 29.7 30.9 7.7 9.1 56.5 0.9 28.5 23.9 38.3 17.9 97.1 NA 88.4 100 91.5 40 1.5
20140120 97.4 90.1 89.4 70.7 25.1 7.3 42.2 26.5 5.5 9.8 49.7 0.9 28.5 22.2 44.3 14.5 97.1 NA 94 100 93.6 40 1.7
20140121 98.2 95.6 94.4 93.8 73.4 41.2 64.1 26.8 19.6 17.9 79.4 11.6 65.3 72.9 70.7 30.4 99.1 NA 97.6 100 96.7 78.7 15.4
20140122 98 95.7 94.9 95.6 67.9 52.6 65.5 31.9 26.7 24.6 86.2 8.3 83.3 72.4 76 36.4 99.8 NA 97.7 100 96.7 84.9 24.3
20140123 99.9 94.9 94.8 95.6 58.4 61 72.1 31.9 17.5 27.4 87.5 24.6 89.8 51.7 74.9 39.6 99.8 NA 97.7 100 96.7 93.5 33.8
20140124 99.8 94.1 90.2 90.5 60.1 50.4 70.2 33.1 16.2 26 79.5 19 87.2 34.6 75.5 42.9 99.6 NA 93.4 100 92.8 88.6 25.8
20140125 95 88.2 89 87.4 36 9.1 58.6 33.3 4.2 9.2 54.1 12.6 75.3 21.4 59.9 22.1 99.6 NA 95.3 100 89.5 64.6 9.5
20140126 95.3 95.4 89.8 91.2 60.9 26.5 73 35.1 12.7 15.8 51.9 7.8 70.4 59.5 71.6 26.1 99.6 NA 95.2 100 93.3 69.6 14.8
20140127 97.5 94.3 89.9 91.5 68.8 20.8 74.7 40.3 17.6 16.9 58.2 5 69.8 46.4 73.5 32.5 99.6 NA 95.6 100 92 67.8 11.5
20140128 98.9 98.5 95.2 95.8 67.8 28.8 88.2 50.1 33 28.8 83.9 13.6 75.6 58.3 93.1 47.8 99.8 NA 97.9 100 97.1 71.9 15
20140129 98.9 97.2 95 95.1 60.9 29.1 88.7 50.3 29.6 20.6 85.8 16.1 76.3 56.6 90.5 58.5 99.8 NA 96.9 100 97 70.1 12.5
20140130 98.8 97.4 95.2 95.6 69 27.7 89.1 50.9 30.5 21.4 80.4 15.1 77.9 50.2 93.2 63.3 99.8 NA 95.5 100 95.6 74.7 15.9
20140131 97.1 92.7 90.4 91.2 66.1 28.6 84.6 39.3 20.9 18.4 82.4 8 70.9 70.6 86.7 51.2 99.6 NA 95.5 100 94.3 57.2 10.1
20140201 96.4 92.7 90.4 91.2 48.1 25.1 88.4 33.5 18.4 17.5 87.9 8 70.9 74.2 90.9 65.5 99.6 NA 97.7 100 97.2 61.8 10.1
20140202 98.9 85.9 92.5 95.6 50.5 24.9 89.4 47.6 22.7 19.7 89 0.2 62.9 95.2 95.7 66.3 100 NA 97.6 100 98 68.9 1.9
20140203 100 97 86.4 91 77.2 38.4 86 47.1 39.4 51.3 93.8 3.1 79.1 70.2 89.1 81.3 99.6 NA 95.6 100 97.5 82.5 7.1
20140204 99.8 95 91.3 95.6 93.5 47 89.2 57.1 44.5 41.6 96.9 1.6 83.7 71.4 93.2 93.3 99.8 NA 93.3 100 99.3 91.5 21.5
20140205 99.8 98.4 92.8 93.2 82 62.1 92.6 45.1 31.2 45.2 97.5 5.1 76.7 77.6 93.6 93 99.2 NA 93.5 100 100 91.7 24.1
20140206 99.9 98.4 92.8 95.6 91.9 67.9 91.3 52 37.1 45.2 97.6 18.9 88.7 84.6 94.3 94 99.1 NA 96.4 100 100 93.9 28.4
20140207 99.9 96.8 90.7 91.3 87.6 75.6 86.3 64.5 57.7 50.1 96.1 32.8 94 57.8 86.3 90.7 97.9 NA 91.8 100 100 91.2 35
20140208 99.9 96.8 90.8 91.1 84.3 75.6 82.8 64.5 56.2 43 96.1 32.8 94 57.8 86.3 90.6 97.9 NA 87.7 100 100 91.6 35
20140209 99.9 96.8 90.8 91.1 89.6 85.6 90.1 64.5 59.2 42.8 96.1 12.4 69.3 80.5 88.3 90.6 97.9 NA 95.9 100 100 90.8 6.3
20140210 99.6 97.1 90.7 91.1 87 87.4 90.2 69.5 56.6 52.9 96.1 9.6 84.3 76.6 89.1 90.4 99.6 NA 95.8 100 100 93.2 24.8
20140211 99.8 98.6 95.3 95.6 92.4 91.5 95.2 76.4 71.9 78.5 98 10.6 95.4 93.8 95.3 95.4 99.6 NA 97.8 100 100 97 19.3
20140212 99.9 98.6 95.3 95.3 94.7 94.6 94.6 79 77.4 79.7 98.1 22.3 94.8 86.8 95.1 95.3 99.8 NA 97.3 100 100 97 33.7
20140213 99.8 97.1 90.5 91 90.9 86.5 84.4 75.9 75.6 80.7 96.3 15.9 92.5 90 91 90.7 99 NA 82.2 100 100 94.1 31.3
20140214 99 97.1 90.5 91.1 90.9 90.6 89.6 72.5 56.1 48.5 97.2 11.6 92.8 76.3 88.8 86.8 98.8 NA 93.7 100 100 94.1 27.8
20140215 99.8 97.1 90.6 90.3 87.4 91.1 90.8 62.5 50 66.8 97 2.6 90.7 90 91.1 90.7 98.9 NA 95.9 100 100 93.1 11.4
20140216 99.8 97.1 90.6 86.8 91.1 91.3 90.8 74.1 54.8 64 98.6 2.6 70.5 90.1 91.2 90.7 98.9 NA 95.9 100 100 94.1 7
20140217 99.8 97.1 93.3 100 91.1 91.1 90.8 56 53.1 62.4 99.3 3.2 90.8 90.1 90.8 90.7 98.9 NA 95.9 100 100 95.6 20.8
20140218 99.9 90.9 94.5 95.7 95.5 88.2 94 71.5 53.6 72.5 99.1 10.5 91.8 95 95.5 94.7 99.2 NA 97.9 100 100 97.1 21.2
20140219 100 85 94.1 95.4 96.2 96.8 93 58.2 40.1 55.4 99.4 2.9 75.3 89.5 94.6 89.3 99.4 NA 91.2 100 100 94.6 9.7
20140220 100 98.6 95.3 95.6 96.1 88.8 91.1 57 38.3 54.4 99.5 0.3 74.7 93.9 93 88.1 99.3 NA 87.5 100 100 94.9 5
20140221 100 79.9 86.6 91.4 92.1 80.4 83.9 29.6 15.7 33.2 94.2 0.4 70.9 90.9 87 76.7 98.3 NA 82.2 100 100 89 1.7
20140222 100 72.2 83.7 91.4 80.3 76.1 68.7 28 11.3 32.7 95.4 0.5 68.5 91 91.3 78.5 95.7 NA 72.9 100 100 79.2 1
20140223 98.8 75.6 81.7 91.4 79.5 84.6 49.6 20.2 5.9 19.3 94.1 0.4 58.7 51.5 85.1 75.9 98 NA 76.5 100 100 84.3 0.5
20140224 99.8 69.2 76.6 91.4 87.5 82.7 81.1 48.5 11.6 27.1 95.3 0.4 59.3 90.6 85.9 90.5 94.7 NA 92.9 100 100 82.2 0.6
20140225 99.5 88.3 94.2 95.6 92.9 86.4 90.6 54.4 21.1 48.8 99.3 0.5 60.2 92.3 89.1 93.6 95.6 NA 93.8 100 100 95.3 0.9
20140226 99.7 97 94.8 95.5 94.3 91.5 92.4 54.2 23.7 48 99.3 1.2 71.3 95.3 95.6 95.2 99.1 NA 97.6 100 100 96.4 5
20140227 99.7 97.8 95.1 95.8 94.7 93.1 93.7 71.2 56.1 68.1 99.6 5 80.8 95.3 95.6 95.4 99.6 NA 97.7 100 100 97.1 8.6
20140228 99.7 96.5 90.5 91.6 91.3 90.9 90.6 82.7 81.7 83.1 99.3 8.1 86.5 90.6 91.3 90.8 99.6 NA 95.5 100 100 95.5 11.4
20140301 99.7 95.8 89.9 91.6 95.4 95.2 94.4 82.1 64.3 76.3 99.7 20.8 94.1 90.6 91.3 90.8 99.6 NA 97.7 100 100 97.7 31.2
20140302 99.8 97.4 94.6 95.8 95.4 95.2 90.7 87.4 89.7 88.6 99.7 20.8 94.7 94.6 95.6 95.4 99.8 NA 94.8 100 100 97.7 36.7
20140303 99.6 95.8 90.2 91.6 90.7 90.4 89.8 77.9 81.2 89.3 99.4 4.5 94.6 88.2 90.9 90.7 99.6 NA 95.5 100 100 95.5 26.4
20140304 100 98.4 95.2 96 95 95.3 95.2 82.4 94.6 95.3 99.7 16 96.2 93.5 95.5 95.3 99.7 NA 97.8 100 100 97.4 33.6
20140305 100 98.4 95 95.9 95.1 95.9 95.4 86.5 92.2 95.1 100 30.9 97.8 93 95.6 96.2 99.8 NA 98 100 100 97.8 40
20140306 100 98.4 95 100 95.2 95.5 95.4 85.7 90.7 94.5 100 24.9 97.9 95.3 95.5 95 99.6 NA 98 100 100 98.2 57.4
20140307 100 98.3 93.1 100 93.5 92.6 94.5 78.6 89.1 94.7 100 21.3 88.9 95.3 93.2 91.5 98 NA 95.6 100 100 97.4 55.3
20140308 100 98.3 93.6 100 93.5 92.6 94.5 87.9 91.3 95.6 100 20.4 93.6 95.3 93.2 90.9 98 NA 95.6 100 100 97.4 49.7
20140309 99.9 98.3 93.6 100 88.7 92.4 95.4 87.9 91.3 92.9 100 20.4 93.6 88 94.2 95.4 98 NA 98 100 100 95.6 49.7
20140310 99.7 82.3 86.2 100 95.7 95.8 87.7 58.3 73.6 83 100 0.8 97.9 71.4 93.3 92.5 97.5 NA 73.7 100 100 92 29.3
20140311 99.4 80.3 92.3 100 90.2 95.8 85.4 61.8 76.6 84.5 99.6 0.8 98 68.3 92.3 91.5 97.7 NA 62.8 100 100 91 19.8
20140312 99.4 83.4 91.2 99.9 71.1 95.8 92.5 71.5 74.1 76.7 97.7 0.7 97.9 77.4 94.2 94.5 97.2 NA 97.9 100 100 91.4 19
20140313 99.6 94 91.7 92.5 93.4 93.5 95.2 68.2 61.6 82 97.4 2.2 93.2 87.5 94.5 95.5 97.2 NA 94.7 100 100 94.8 20.5
20140314 99.8 78.9 89.9 95.8 84.9 94.7 84.8 41.2 30.5 67.3 99.5 4.6 93.4 83.7 95.4 89 97.1 NA 82.9 100 100 96.6 19.2
20140315 99.3 70.3 86.1 88.7 76.4 90.8 73.4 36.4 29 63 98.7 1.5 78.8 83.7 90.8 91 97.1 NA 69.9 100 100 93.1 8.8
20140316 99.8 76.7 81.3 88.5 91.2 90.7 82.1 26.2 23.4 69.1 99 0.6 72.9 90.5 91.3 91 97.1 NA 70.4 100 100 94.4 1.1
20140317 99.9 88.7 91.8 97.2 95.6 95.3 91.8 44.8 44.1 84.9 99.6 0.3 92.5 90.8 95.2 95.5 96.8 NA 83.5 100 100 97.2 4.5
20140318 99.9 96.4 92.6 89 93.6 92.1 92.6 36.3 35.5 71 99.5 1 89.4 93.4 95.5 94.6 97.7 NA 91.8 100 100 97.3 29.9
20140319 99.9 80.8 89.3 92.8 93.6 92.1 85.9 34.6 35 70.9 99.5 1 89.1 93.4 95.5 95.4 97.7 NA 69.6 100 100 94.3 30.7
20140320 97.7 80.8 89.3 92.8 91.3 91.7 82.8 27.5 33.1 72.5 96.1 1 88.3 74.3 91.2 90.8 97.7 NA 68.5 100 100 94.3 12.8
20140321 99.4 77.8 84.7 92.8 71.1 95.1 78.6 25.6 24.6 68.6 96.4 0.5 88.6 73.2 93 90.3 96 NA 66.5 100 100 88.6 13.4
20140322 98.2 77 86.2 90.9 66.6 93.7 73.3 25.4 23.6 67.3 95.8 0.3 74.7 74 91.7 91 93.5 NA 59 100 100 89.4 3.3
20140323 98.3 74.6 87 91.3 66.9 94.7 76 22.7 18.9 63.5 95.9 0.1 72.7 57.5 86.8 90.8 93.2 NA 58.7 100 100 89.7 1.2
20140324 99.7 91.3 80.8 90.5 71.7 84.9 85.9 50.2 35.5 78.1 98.9 0.6 77.1 65.7 93.9 94.8 91.4 NA 77.5 100 100 88.3 1
20140325 99.2 91.9 84.4 89 75.9 92.1 82.3 27.1 21.3 59.7 97.6 0.9 80.8 64 89.1 93.3 91.4 NA 57.8 100 100 92.7 3.5
20140326 99.4 80.3 71.8 89.6 85.6 90.6 91 17.4 9.6 63.2 98.6 0.3 74.5 82.5 94.2 95.4 92.6 NA 63.8 100 100 95.3 0.3
20140327 99.6 76.7 72.2 89.6 81.2 88.1 90.8 17.1 8.9 64.9 99.3 0.3 74.5 89.6 93.1 93.5 92.6 NA 62.2 100 100 95.2 0.3
20140328 99.8 55.2 74.2 90.2 82.3 93.3 79.4 13.7 8.6 58.2 99.6 0.3 76.1 79.3 91 92.7 90.7 NA 60.3 100 100 90.6 0.3
20140329 97.8 52.8 71.8 95.9 86.4 95.5 81.2 8.4 6.2 39.8 99.6 0.1 74.4 76.6 90.2 92.7 98.7 NA 73.4 100 100 92.1 0.4
20140330 99.3 43.3 67 78.4 91 94.1 87.3 12.6 9.1 63.5 99.2 0.5 63.9 90.9 88.6 91.1 88.2 NA 95.3 100 100 94 2.5
20140331 98.5 42.1 58.6 80.3 73.4 78.7 71.8 13.1 7.8 49.8 97.5 0.5 42.8 91.2 90.5 90.6 86.4 NA 53.8 100 100 88.7 9.8
20140401 98.1 40.9 67.3 90.3 78.6 76.7 75.2 12.2 9.2 51.4 97.5 0.3 60.2 91 90.3 90.5 84.8 NA 54.6 100 100 92.5 9.9
20140402 99 39.2 64.2 87.7 52.8 95 64.8 5.2 3 34.6 99.4 0.2 63.8 54.9 79.5 91.3 83.1 NA 56 100 100 94.3 7.1
20140403 97.2 33.1 67.1 88.2 43.2 90.2 84.1 7.9 9.2 39 99.4 0.3 66.7 65 84.7 92 83.2 NA 72.8 100 100 90 5.6
20140404 96.7 0.5 59.4 72.2 32.3 75.9 65.3 9.3 9.6 32.4 88.8 0 69.7 54.1 81.9 89.8 58.2 NA 48.1 100 100 85.6 5.3
20140405 96.7 0.5 59.4 72.2 32.3 75.9 65.3 9.3 9.6 32.4 88.8 0 61.7 54.1 81.9 89.8 58.2 NA 48.1 100 100 85.6 9.2
20140406 94.7 0.5 57.5 84.7 30.9 81.4 42.7 5.1 2.3 31.9 89.5 0 55.7 68.1 72.6 78.5 41.4 NA 48.5 100 100 83.7 5
20140407 94.4 0 48 73.8 15.6 75.3 36 5 2.6 25.2 93.9 0 43.8 63 79 84.1 42.5 NA 53 100 100 78.8 0.2
20140408 95.8 0 54.8 81.2 12.4 75 37 12.9 2.2 27.4 95 0 61.7 65.4 78.1 87 26.8 NA 48.6 100 100 81.5 1.4
20140409 97.8 0 47.6 73.3 12.6 63.5 30.1 7.2 0.6 26.6 93.2 0 47.4 69.4 80.9 87.4 17.7 NA 47.5 100 100 83.5 0.1
20140410 96.9 0 37.4 72.8 9.6 50.9 17.4 5 0.5 15.9 94.5 0 34.9 58.1 76.6 86.1 3.3 NA 45 100 100 71.2 0.1
20140411 95.3 0 33.4 68.3 10.2 51.8 15.2 3.3 0.2 17.1 96.6 0 33.8 58 81.2 87.8 1.8 NA 45 100 100 77.5 0
20140412 95.9 5 27.7 71.2 11.7 51 16.2 3.1 0.8 15.1 96.6 0 29.4 48.4 74.2 90.3 6.3 NA 43.7 100 100 72.9 0
20140413 96 5 23.7 68.9 12.2 54.4 15.8 2.8 1.5 18 94.9 0 26.9 45.7 74.6 84.6 5 NA 43.9 100 99.9 89.9 0
20140414 94 0 17.6 66.7 9.8 58.5 11 1.7 0.9 17 76.6 0 23.3 25.4 54.3 81.6 0 NA 22.8 100 99.9 76.4 0
20140415 92.4 0 17.9 64.6 10.4 58.3 11 0.6 0 19 78.2 0 17.7 25.2 50.1 77.1 0 NA 22.7 99.1 99.7 73.3 0
20140416 92.3 0 9.8 45.5 5.1 38.7 3.8 0.8 0 18.5 80.1 0 11.7 31.1 51.9 78.9 0 NA 5.1 99.1 99.8 72.6 0
20140417 79.8 0 9.8 53.2 4.8 46.5 4.5 0.9 0 19.8 79.3 0 12.5 30.1 57.3 82.8 0 NA 2.9 99.1 100 77.9 0
20140418 83.8 0 11.3 56.2 4.7 49.4 5 0.9 0 22.6 76.5 0 15.8 33.9 57.2 80.3 0 NA 1.8 99.4 100 77.4 0
20140419 83.4 0 7.9 44.1 4.5 42.2 4.6 0.5 0 15.7 69.4 0 15.6 27.1 55.1 77.1 0 NA 0.6 98.9 100 74.3 0
20140420 79.2 0 5.2 42.1 4.8 40.7 4.8 0.3 0 15.8 73.8 0 4.8 25.7 53.4 77.3 0 NA 0 99.1 100 69.9 0
20140421 81.6 0 9.4 54.9 4.6 43.2 7.4 0.4 0 16.8 78.5 0 7.8 35.4 69.7 77.3 0 NA 0 98.8 95.2 75.5 0
20140422 77.1 0 4.7 43 3.1 39.3 3.7 0.2 0 11.5 70.3 0 4.4 22.4 52.3 71.5 0 NA 0 98.9 91.9 71.6 0
20140423 64.1 0 2.1 36.2 4.3 27.1 0.8 0.1 0 12.6 61.3 0 4.4 23.1 59.7 81 0 NA 0 98.6 98.7 62.4 0
20140424 72.2 0 1.8 24.7 5.5 25 0.7 0 0 15.9 70.8 0 1.3 18.2 57.9 83 0 NA 0 98.6 98.8 63.7 0
20140425 65.1 0 1.5 19.2 5 30.6 1.8 0 0 16.1 73.9 0 0.2 20.6 61.7 80.7 0 NA 0 98.5 96.6 65.7 0
20140426 67 0 1.7 16.6 3.5 37.4 1.3 0 0 15 71.1 0 0.1 21.5 51.8 72.6 0 NA 0 96.6 88.6 70.8 0
20140427 53.9 0 1.4 14.6 3 38.3 0.7 0 0 15.7 59.8 0 0 17.1 54.9 74.4 0 NA 0 96.2 95.3 63.1 0
20140428 34.9 0 0.5 13.4 1.1 36.8 0.8 0 0 12.1 36.4 0 0 17.4 43.4 62.3 0 NA 0 98.1 84.8 52.1 0
20140429 34.4 0 0.7 14.3 0.8 43.5 1.3 0 0 12 41.3 0 0 27.9 43.6 66.7 0 NA 0 97.2 86.9 56.7 0
20140430 34.4 0 0.1 10.3 0.9 46.7 3.5 0 0 14.8 22.5 0 0 6.5 27.9 57.3 0 NA 0 95.9 80.3 52.4 0
20140501 16.3 0 0 0 0.9 29.7 0 0 0 12.3 12.1 0 0.2 6.1 26.1 58.4 0 NA 0 87.8 78.9 40.2 0
20140502 20.7 0 0 2 0.7 31.8 0 0 0 12.8 16.9 0 0 7 28.5 57.6 0 NA 0 87.8 82.7 34.2 0
20140503 20 0 0 1.9 0.7 32.2 0 0 0 13 16.2 0 0 7.4 30.1 57.7 0 NA 0 87.6 81.7 34.8 0
20140504 18.1 0 0 1.9 0.8 32.2 0 0 0 11.7 17 0 0 6.4 22.4 53.4 0 NA 0 87.8 61.6 34.8 0
20140505 6.3 0 0 1.2 0.5 13.7 0 0 0 3 19 0 0 6.3 17.6 51.9 0 NA 0 49.5 84.9 26.6 0
20140506 3.3 0 0 0.4 0.5 13.5 0 0 0 2 19.7 0 0 6.1 17.3 52.1 0 NA 0 47.9 84.5 29.2 0
20140507 4.1 0 0 0.4 0.7 16.6 0 0 0 5.8 19 0 0 5 15.3 55.5 0 NA 0 44.2 83.4 22.2 0
20140508 0.7 0 0 0.4 0 17.4 0 0 0 4.2 3.8 0 0 5.1 14.6 51.7 0 NA 0 35.8 57.4 16.8 0
20140509 0.7 0 0 0.4 0 16.4 0 0 0 2 4.1 0 0 5.3 13.9 47.6 0 NA 0 32.5 58 11.1 0
20140510 0.2 0 0 0.2 0 8.9 0 0 0 1 6.4 0 0 7.4 12.7 44.6 0 NA 0 33 74.1 10.4 0
20140511 0 0 0 0 0 4.4 0 0 0 0.1 1.5 0 0 10.6 10.3 34.5 0 NA 0 28.9 57.2 7.2 0
20140512 0 0 0 0 0 0.8 0 0 0 0 0 0 0 7.6 8.8 32.3 0 NA 0 0 72.8 0 0
20140513 0 0 0 0 0 0.9 0 0 0 0 0 0 0 8.2 9.3 34.4 0 NA 0 0 73.5 0 0
20140514 0 0 0 0 0 0 0 0 0 0 0 0 0 5.5 4.5 23.5 0 NA 0 0 13.6 0 0
20140515 0 0 0 0 0 0 0 0 0 0 0 0 0 6.4 4.8 25 0 NA 0 0 10.8 0 0
20140516 0 0 0 0 0 0 0 0 0 0 0 0 0 5.9 4.9 22.7 0 NA 0 0 4.2 0 0
20140517 0 0 0 0 0 0 0 0 0 0 0 0 0 5.6 4.8 14.1 0 NA 0 0 3 0 0
20140518 0 0 0 0 0 0 0 0 0 0 0 0 0 6.8 3.8 10.7 0 NA 0 0 0.6 0 0
20140519 0 0 0 0 0 0 0 0 0 0 0 0 0 7.1 2.9 10.2 0 NA 0 0 0 0 0
20140520 0 0 0 0 0 0 0 0 0 0 0 0 0 6.9 2.9 10.6 0 NA 0 0 0 0 0
20140521 0 0 0 0 0 0 0 0 0 0 0 0 0 3.2 2.8 6.5 0 NA 0 0 0 0 0
20140522 0 0 0 0 0 0 0 0 0 0 0 0 0 2.9 2 5.3 0 NA 0 0 0 0 0
20140523 0 0 0 0 0 0 0 0 0 0 0 0 0 3.2 1.9 4.1 0 NA 0 0 0 0 0
20140524 0 0 0 0 0 0 0 0 0 0 0 0 0 3 2.1 6.6 0 NA 0 0 0 0 0
20140525 0 0 0 0 0 0 0 0 0 0 0 0 0 3.1 2.7 6.9 0 NA 0 0 0 0 0
20140526 0 0 0 0 0 0 0 0 0 0 0 0 0 1.9 2.9 6.7 0 NA 0 0 0 0 0
20140527 0 0 0 0 0 0 0 0 0 0 0 0 0 3.8 1.7 4.2 0 NA 0 0 0 0 0
20140528 0 0 0 0 0 0 0 0 0 0 0 0 0 0.5 1.5 6 0 NA 0 0 0 0 0
20140529 0 0 0 0 0 0 0 0 0 0 0 0 0 0.1 1.3 3.5 0 NA 0 0 0 0 0
20140530 0 0 0 0 0 0 0 0 0 0 0 0 0 0 0.5 2.1 0 NA 0 0 0 0 0
20140531 0 0 0 0 0 0 0 0 0 0 0 0 0 0 0.8 3.3 0 NA 0 0 0 0 0
20140601 0 0 0 0 0 0 0 0 0 0 0 0 0 0 0.1 2.9 0 NA 0 0 0 0 0
20140602 0 0 0 0 0 0 0 0 0 0 0 0 0 0 0 2.7 0 NA 0 0 0 0 0
20140603 0 0 0 0 0 0 0 0 0 0 0 0 0 0 0 2.9 0 NA 0 0 0 0 0
20140604 0 0 0 0 0 0 0 0 0 0 0 0 0 0 0 1.2 0 NA 0 0 0 0 0
20140605 0 0 0 0 0 0 0 0 0 0 0 0 0 0 0 0 0 NA 0 0 0 0 0
