20141114 0 0 0 0 0 0 0 0 0 0 0 0 0 0 0 0 0 NA 0 0 0 0 0
20141115 0 0 0 0 0 0 0 0 0 0 0 0 0 0 0.6 0 0 NA 0 0 0 0 0
20141116 0 0 0 0 0 0 0 0 0 0 0 0 0 0 0.5 0 0 NA 0.3 0 0 0.9 0
20141117 0 0 0 0 0 0 0 0 0 0 0 0 0 0 0.5 0 0 NA 0.3 0 0 0.9 0
20141118 5.4 0 0 0 0 0 0 0 0 0 0 0 0 0 1.1 0 0 NA 1.2 0 0 1.4 0
20141119 11.3 0 0 0 0.4 0 0.2 0 0 0 1 0 0 0.9 2 0.2 0 NA 7.9 9 2.7 2.2 0
20141120 12.4 0 0 0 0.4 0 0.2 0 0 0 1 0 0 1 1.9 0.2 0 NA 12.6 12.4 3.2 1.9 0
20141121 12.8 0 0 0 0 0 0.2 0 0 0 0 0 0 0.3 1.4 0 0 NA 26.3 9.1 1.4 0.7 0
20141122 14 0 0 0 0 0 0 0 0 0 0 0 0 0 1.1 0 0 NA 14.2 5.2 0.3 0 0
20141123 6.9 1.3 0 0.4 0 0 0 0 0 0 0 0 0 0 1 0 13.4 NA 15.7 7.9 0.1 0.4 0
20141124 10.1 0.5 0 0 0 0 0.1 0 0 0 0 0 0.5 0 0.7 0 9.4 NA 17 7.8 0.1 0.2 0
20141125 6.5 0 0 0 0 0 0 0 0 0 0 0 0.3 0 0.8 0 3.5 NA 9.5 6.5 0.4 0.2 0
20141126 7.5 0 0 0 0 0 0 0 0 0 0 0 0.2 0 1.2 0 3.5 NA 9.5 2.9 0.2 0.2 0
20141127 3.3 0 0 0 0 0 0 0 0 0 0 0 0.8 0 1.9 0 4 NA 9.4 5.9 0.5 0 0
20141128 6.5 0 0 0 0.1 0 0 0 0 0 0 0 0.8 0 2.3 0 4.7 NA 16.8 8.9 0.8 0 0
20141129 7.8 0 0 0 0.1 0 0 0 0 0 0 0 0.8 0 2.4 0 3 NA 22.1 9.1 3.1 0 0
20141130 12.1 0 0 0 0 0 0 0 0 0 0 0 0 0 2.4 0 1.1 NA 3.6 7.6 0.7 0 0
20141201 12.2 0 0 0 0 0 0 0 0 0 0 0 0 0 2.6 0 0.4 NA 4.7 7.8 0.2 0 0
20141202 27.8 0 0 0 0 0 0 0 0.1 0.4 0 0 0 0.9 3.2 0.1 0.3 NA 4.6 7.8 1 0 0
20141203 21.9 0 0 0 0.1 0 0 0 0 0 2.1 0 0 0.4 2.6 0.1 0.1 NA 10.7 16 5.7 0.1 0
20141204 15.7 0 0 0 0.1 0 0 0 0 0 1.4 0 0.1 0.7 3 0.1 0.1 NA 4.2 31.6 4.9 1.1 0
20141205 16.5 0 0 0 0.1 0 0 0 0 0 1.8 0 0.1 0.9 3.2 0.1 0.1 NA 5 29.5 5 1.1 0
20141206 29.8 0 0 0 0.6 0 0.2 0 0 1.1 6.5 0 0.2 1.4 3.1 0.2 0 NA 14 31.8 5.9 0.9 0
20141207 23.4 0 0 0 0.1 0 0 0 0 0.1 4.2 0 0.2 2.4 3.1 0.1 0 NA 12.1 31.6 2.3 1.6 0
20141208 25.1 0 0 0 0.3 0 0.1 0 0 0.4 1.8 0 2.9 0 2.9 0.2 0 NA 22.4 34.2 2.8 1.6 0.1
20141209 26.1 0 0 0 0.5 0 0.1 0 0 0.5 2.2 0 2.9 0 2.6 0.1 0.1 NA 22.6 34.4 2.7 1.7 0.1
20141210 28.9 0 0 0 0.1 0 0 0 0 0.4 4.6 0 2.9 0 3.7 0.1 0.1 NA 16.8 31.1 1.5 2.2 0.1
20141211 22.1 0 0 0 0.2 0 0.7 0 0.1 0.2 2.6 0 2.5 0 3.3 0.1 0.2 NA 28.7 49.9 2.6 2.2 0.1
20141212 22.2 0 0 0 0.2 0 0.7 0 0.1 0.2 2.4 0 2.5 0 3.3 0.1 0.2 NA 29 47.3 2.6 2.3 0.1
20141213 17.7 0 0 0 0 0 0 0 0 0 0 0 2.5 0 2.4 0.1 0 NA 24.1 38.1 4.8 1.9 0.1
20141214 16.4 0 0 0 0 0.2 0 0 0 0 0 0 1 0 2.4 0.1 0 NA 22.2 40.4 5 1.5 0.1
20141215 18.3 0 0 0 0 0.1 0 0 0 0 0 0 0.6 0 2.3 0.1 0 NA 22.8 31.8 2.7 2 0.1
20141216 16.2 0 0 0 0 0.1 0 0 0 0 0 0 0.6 0 2.2 0.1 0 NA 22.5 32.5 2.8 2 0.1
20141217 16.7 0 0 0 0.1 0.3 0 0 0 0 2 0 1 0 2.3 0.1 0 NA 5 23.9 0.9 2.9 0.1
20141218 16.7 0 0 0 0.1 0.3 0 0 0 0 0 0 2.1 0 3.1 0.1 0 NA 4.9 21.3 1 3.1 0.1
20141219 16 0 0 0 0.2 0.7 0 0 0 0 0 0 2.4 0.4 5.3 0.1 0 NA 4.5 24.1 6.1 5.7 0.3
20141220 38.1 0.8 0 0 5.1 0.6 1.9 0 0 0.3 23.1 0 2.6 0.9 4.6 0.1 0 NA 54.3 73.4 10.5 13.4 0.7
20141221 40.8 1.6 0 0 5.8 0.8 1.9 0 0 0.3 20.9 0 3.8 1.4 4.9 0.1 0 NA 55.2 72.7 11.9 13.6 0.1
20141222 35.3 0 0 0 2.1 0 0.5 0 0 0.1 6.4 0 3.4 0.6 4.4 0.1 0 NA 30.2 74.6 14 11.3 0.1
20141223 14.8 0 0 0 1.2 0 0 0 0 0 1 0 2 0 2.9 0.1 0 NA 21.3 57.1 8 7.2 0.1
20141224 14.8 0 0 0 0.3 0 0 0 0 0 0.7 0 2 0 2.9 0.1 0 NA 15.8 32.1 1.4 3.2 0.1
20141225 13.5 0 0 0 0.4 0 0 0 0 0 0.6 0 0.6 0 3 0.1 0 NA 12.9 25.1 1.3 1.8 0
20141226 15.4 0 0 0 0.3 0 0 0 0 0 0.9 0 0.6 0 3.1 0.1 0 NA 13.9 27.8 1.5 1.9 0
20141227 17.1 0 0 0 0.2 0 0 0 0 0 1.7 0 0.3 0 2.7 0.1 0 NA 1.7 8.8 3.4 1.6 0
20141228 14.8 0 0 0 0.2 0 0 0 0 0.1 2.1 0 0.3 0 2.8 0.1 0 NA 2.5 11.4 4 1.9 0
20141229 25.6 0 0 0 0.4 0 0 0 0 0.2 5.6 0 0.6 0.9 4.7 0.1 0 NA 4.8 24.7 4.8 2.2 0
20141230 44.9 0 0 0 1 0 0 0 0 1.5 9.1 0 0.9 1.2 5.5 0.1 0 NA 8.9 31.7 11.8 4.3 0
20141231 66.9 1.7 0.3 0.7 1.8 0 1.3 0 0.6 3.4 18.3 0 2.3 4.9 8.7 0.3 12.7 NA 43.6 33.9 10.1 12.9 0
20150101 67.8 1.8 0.3 0.9 2.2 0 1.4 0 0.6 3.5 19.6 0 2.3 5.6 8.8 0.3 13.5 NA 44.2 36 11 13.3 0
20150102 78.2 7.9 0 0.5 5.6 0.2 5.6 0 0.5 3.9 22.4 0 5.2 3.8 6.9 0.4 17.3 NA 61.1 56.6 15.5 18.5 0
20150103 82.5 14.4 0 1.3 4.4 1.5 7 0 0.3 1.9 29.5 0 6 8.4 12.4 1.8 58.3 NA 61.8 88.3 15.5 19.7 0.1
20150104 86.1 4.1 0 0.2 2.9 0.3 0.9 0 0.8 4.3 34.5 0 4.1 6.2 11.5 1.5 24.7 NA 54.2 91.6 12.5 25.5 0.1
20150105 94.3 5.4 0 15.5 3.3 0 8.2 5.9 1.7 4.8 42.6 0 4.1 9.5 13.6 1.7 35.4 NA 55.5 92.9 13.5 31.1 0.1
20150106 95.5 18.3 0 14.8 9.6 0 10.5 9.5 4.7 5.1 38.4 0 4.3 6.9 12.7 2.7 50.2 NA 56.6 93.9 21.6 28 0.1
20150107 95.4 74.6 5.7 5.6 10.3 3.5 12.4 11.4 6 5.2 41.8 0.7 4.9 7.1 14.2 3.8 84.1 NA 65.8 92.7 25.4 29.8 1
20150108 95.4 76.8 16.3 12.6 13.9 6.8 21.2 15.1 10.8 11.5 50.4 1.7 6.3 18.8 17.7 6.4 83.3 NA 74.3 96.1 29.3 31.8 2.4
20150109 92.8 82.3 21 20.4 11.8 2.1 17.3 13.1 1.4 4.3 49.9 2.5 6.6 2.4 10.8 2 79.6 NA 77 92.1 23.8 31.9 2.4
20150110 95.2 82.6 50.2 24.4 15 7.3 26 13.8 1.4 5.1 48.4 7.7 5.5 9.9 13.9 5.4 94.9 NA 71.4 93.2 80.3 31.1 3.2
20150111 95.3 82 54.3 35.2 17.7 8.4 30.6 18.1 1.4 6.2 47 8.8 21.7 7.4 18.1 6.8 94.9 NA 78.2 93 81.4 29.5 10
20150112 93.2 84.4 55.3 39 22 7.3 36.5 18.9 2.7 11.5 63.3 7.8 22.3 12.1 20.5 6.5 94.9 NA 84.3 98.1 87.3 37.6 9.8
20150113 94.9 92.9 83.1 66.3 23.4 16.3 22.1 15.2 7.4 10.6 78.9 7.6 39 25 21.4 8.9 94.9 NA 76.5 98.7 95 50.9 10.8
20150114 95 95 89.7 71.8 25.8 30.6 41.4 18 10.2 13.8 82.6 22.2 67.9 29 23.4 9.9 95 NA 87.9 98.7 95.5 54.7 16.9
20150115 95.1 95 89.6 69.5 25.2 28.2 39.6 19 10.7 13.8 83 18.8 68 26.2 24.4 10.2 99.9 NA 89.3 98.8 95.5 54.9 15.1
20150116 95.4 91.2 92.4 58.6 16.7 11.5 16.6 6.2 1.1 5.8 69.4 6.6 44.6 2.2 12.6 4.7 99.9 NA 65.6 100 95.5 46.9 5.1
20150117 95.2 95.7 92.8 71.3 9.3 21.7 29.8 10.9 3.3 5 67.7 9.7 49 3.7 13.7 10.9 99.7 NA 80.3 100 96.1 49.5 5.8
20150118 95.4 80.4 81.6 47.6 7.6 9.3 21.1 9.4 1.8 6.2 65.8 8.2 27.9 1.9 12.7 7.9 99.7 NA 76.6 100 96.1 42.3 0.8
20150119 93.9 80.4 85.2 49.8 11 12.1 19.1 4.7 2.3 10 75.1 0 27.5 6.1 15.4 10.5 99.7 NA 81.1 98.8 96.3 45.7 0.1
20150120 95.5 75.7 88.3 54.1 24.8 27.1 27 4.5 3.9 6.9 76.2 0 66.7 9.7 17.6 17 99.3 NA 80.2 98.8 95.3 64.2 7.3
20150121 95.5 78.1 85.1 70.6 32.3 31.2 25 4.5 3.8 11.1 68.6 10.5 77.3 9.6 17.9 18.7 99.2 NA 79.5 98.7 95.5 72 15.8
20150122 97.5 77.1 87.8 77.4 41 35 28.6 4.7 3.9 10.9 71.1 4.1 75.6 12.9 17.2 20.5 99.3 NA 84.5 100 96.3 74.5 14.3
20150123 97 75.5 89.5 73.9 16.9 19.5 29.3 0.4 0.5 2.5 63.8 1.2 77.4 5.6 13.1 10.9 99.6 NA 81.7 100 92.7 62.6 11.1
20150124 96.9 82 87 56.7 6.6 4.6 17.4 0 0.1 3.1 47.1 6.1 75.7 3.8 12.5 9.8 99.6 NA 66.9 100 95 41.7 8
20150125 93.9 75.6 79.4 54 19 15.7 20.4 0.7 1.9 8.9 70.2 9 54.2 8.4 14.6 15.2 99.6 NA 74.6 100 97.4 57.7 8.4
20150126 94.3 80 75.9 58.4 33 33.4 27.2 5.6 10.2 9.4 73.9 5.1 72.4 12.6 23.5 24.9 99.6 NA 74.7 100 97.4 67.8 13.9
20150127 95.8 94.9 93.8 94 28.3 42 39.4 8.6 8.9 4.8 84.2 7.9 59 14.1 24 27.3 99.6 NA 91.1 100 96.5 74.2 17.4
20150128 97.4 95.4 95 95.4 32.4 48.2 32.9 25.2 8.1 6 90.3 10.8 75 16.5 27.8 30.8 99.5 NA 83.4 100 96.5 84.5 22.4
20150129 97.7 96.2 94.6 95.6 19.7 25.2 26.9 10.6 3.4 4.9 81.4 13.4 80.7 9.4 23 31.6 99.2 NA 86.5 100 96.5 89.1 20.2
20150130 97.8 95.5 93.9 94.4 38.2 33 27.5 3.1 4.5 14.1 83 13 78.1 5.7 15.9 14.5 99.5 NA 95.1 100 96.5 89.9 16
20150131 97.7 95.6 92.8 91.5 41.7 32.2 44.9 6.2 5.1 18.9 84.1 12.2 84.6 10.6 19.5 18.8 99.5 NA 97.5 100 96.5 84.2 27.6
20150201 97.1 94.7 92.7 91.2 42.4 19.8 36.2 5 4.2 17 88 9.1 89.2 12.6 22.7 19.2 99.5 NA 97.5 100 96.5 78.5 33.8
20150202 97.8 95.5 94.3 95.5 52.3 38.6 30.2 13.2 8.6 29 90.3 12.2 94.7 45.1 48.1 38.8 99.5 NA 96.2 100 96.5 84.6 37.8
20150203 97.8 96 94.1 95.8 47.1 16.5 56.3 15.8 11.9 31.3 91.7 18.6 96.1 37.1 45.1 36.2 99.6 NA 97.9 100 96.1 91.9 36.1
20150204 97.8 96.2 94.2 95.8 47.7 17 53.9 19.6 17.5 24.3 95.5 22.6 64.6 32.6 45 38 99.6 NA 95.4 100 96.2 92 20.2
20150205 97.9 96.2 95.2 95.8 69.1 31.1 67 21.2 14.3 31.4 91.4 6.4 81.4 46.2 70.9 41.3 99.5 NA 97.8 100 96.3 89.6 25
20150206 88.2 82 93.1 94.9 46.1 9.1 70.5 24.7 8.5 11.7 76.8 10.4 73.4 24.4 52.8 30.3 99.5 NA 89 100 96.3 87.7 26.1
20150207 89.9 84.5 93.5 95.5 53.9 20.8 66.7 33.2 9.5 10 87.9 15.4 82.1 31.9 50.6 35.4 99.5 NA 78.6 100 99.1 79.4 20.9
20150208 92.7 81.6 92.6 95.8 45 27.7 60 32.7 5.5 6.1 87.2 9.3 76.2 31.7 47.5 35.3 99.5 NA 80.3 100 91 86.7 16.8
20150209 97.2 82.3 94.1 95.8 53.5 57.6 55.5 16.9 5.7 19.7 85.5 6.2 81.6 30.8 50.2 58.7 99.5 NA 97 100 99.1 96.8 17.4
20150210 97.8 96.1 95.3 95.8 65.9 51.3 70.2 25.9 7.9 28.4 89.9 20.4 82.6 33.1 51.8 58 99.6 NA 97.8 100 99.2 96.7 26.6
20150211 97.8 96.1 95.3 95.9 67.9 47.3 68.5 24.3 14.8 39.6 91.1 23.3 87.5 48.1 63.6 63.4 99.6 NA 98 100 99.3 96.7 52.2
20150212 97.8 93.9 93.3 94.5 70.5 52.5 62.8 18.8 8.8 49.3 89.8 25.6 89.4 43.1 65.2 46.8 99.1 NA 98 100 99.3 95.9 53.4
20150213 97.8 95.5 94.6 94.2 73.4 57.2 73.4 29.7 17.7 46.8 97 40.5 91.9 83.3 84.6 52.9 99.1 NA 97.8 100 99.4 96.8 56.7
20150214 97.8 95 95.2 95.8 77.3 52.8 72.4 28.8 17.6 45.9 93.7 17.5 84.6 67.6 79.5 54.5 99.1 NA 90.8 100 99.4 93.7 26.4
20150215 97.8 95.1 95.1 95.8 72.7 63.7 68.5 45 25.1 53.8 94 7.4 89.9 90.1 93.2 52.6 99.1 NA 96.6 100 99.4 96.6 31
20150216 97.7 96 95.2 96.2 83.9 78.4 77.3 50.3 21.8 48.6 96.4 47.4 94.3 94.1 94.1 74.4 99.5 NA 97.8 100 99.6 96.9 49.6
20150217 97.8 96.1 95.2 96.3 86.8 79 95 57.5 29.5 54 97.1 85.3 95.4 95.2 95.6 81.1 99.7 NA 97.9 100 99.4 97.7 73.6
20150218 97.9 96.6 98.3 98.7 90.4 81.3 95 63.8 37.4 62.4 97.2 92.4 97 95.2 95.8 86.7 100 NA 97.9 100 99.2 97.3 78
20150219 97.7 97.5 95.2 96.4 91.5 90.8 91.6 42.5 26.8 51.9 97.5 48.4 94.5 95.2 95.3 87.4 99.9 NA 98 100 99.3 97.3 47.4
20150220 97.7 97.3 95.2 96.4 95.3 92.2 94.6 59.3 36 68.4 97.7 35.3 94.3 95.2 95.7 91.5 99.9 NA 97.9 100 99.4 97.1 36.3
20150221 97.7 97.3 95.2 96.3 94.9 93.3 95.2 52.2 18.1 56.6 97.3 52.4 95.4 94.2 94.7 91.9 99.9 NA 97.9 100 99.4 97.1 53.8
20150222 97.7 97.3 95.2 96.3 94.3 95.2 94.7 51.7 24.4 58.5 96.5 59.6 96 93.6 95.1 94.8 99.9 NA 97.9 100 99.4 97.1 64.8
20150223 99.9 98.5 95.2 96.3 95.4 95.2 95.3 55.3 35.5 68.4 97.2 45.1 96 95.1 95.7 95.2 99.9 NA 97.9 100 99.4 97 53.2
20150224 99.9 98.6 95.2 96.4 93.4 95.3 93.8 53.2 33.9 71.4 97.4 51.1 96.6 78.5 93.6 94.5 99.9 NA 95.8 100 99.4 93.9 56
20150225 100 98.2 94.4 96.2 93.2 95.3 92.5 53.9 41.3 74.3 98.1 33.2 96.5 90.8 94.9 95 99.9 NA 94.6 100 99.4 94.9 54.9
20150226 98.3 98.6 95.2 96.4 94.7 95.1 95.5 47.1 30.4 65.4 99.7 21.5 98.9 95.2 95.8 95.1 100 NA 97.9 100 99.2 97 44.8
20150227 100 98.7 95.2 96.4 92.3 95.7 95.5 57.9 39.2 77.8 99.7 54 99 95.3 95.8 95.3 100 NA 98 100 99.2 97.3 54.9
20150228 100 98.7 95.2 96.5 95.5 95.7 95.6 68.6 56.3 73.6 99.7 73.2 99 95.3 95.8 95.3 100 NA 98 100 99.2 97.2 62.1
20150301 100 98.7 95.3 96.4 95.6 95.7 95.5 73.5 52.1 67.4 99.7 84.3 99 77.1 95.8 95.3 100 NA 98 100 99.2 97.3 69.7
20150302 99 98.7 95.2 96.4 77.5 95.7 90 52.3 23.3 37.9 99.7 52 97.8 59.8 87.3 95.1 100 NA 98 100 99.2 94.6 46.8
20150303 99.6 98.9 95.3 96.3 79.9 95.3 85.3 52.1 21.3 37.2 99.7 29.6 98.9 39.7 86.3 94.4 100 NA 88.1 100 99.2 95.2 57.3
20150304 99.2 98.9 95.3 96.4 86.8 95.3 88.9 68.4 17.8 36.4 99.7 42.4 98.9 83.2 88.8 94.3 100 NA 93.8 100 99.2 93.7 51.8
20150305 98.9 98.9 94.7 96.4 92.3 95.3 95.5 48.8 31 56.9 99.4 36.8 98.9 86.4 94.1 95.1 100 NA 98.1 100 99.6 97.1 47.1
20150306 99 98.7 95.4 96.8 95.6 96.7 95.5 56.4 37.9 60.7 99.4 53.6 99 83.3 92.2 94.8 100 NA 98.1 100 99.6 97.1 37.4
20150307 99 93 94.5 96.8 91.9 96.7 93.3 51.7 30.8 55.4 99.4 42.2 99 64.1 92.6 94.9 100 NA 92.8 100 99.6 97.1 39.4
20150308 98.8 86.6 93.4 96.6 86.9 96.6 89.4 44 20.2 46.5 99.4 27.9 98 43.7 92.4 95 100 NA 85.6 100 99.6 97 39.1
20150309 97 83 92.7 96.7 92.1 95.3 85.3 28.5 10.4 33.3 99.4 9.5 98 16.9 89.1 93.3 99.8 NA 77.1 100 99.6 92.9 36.7
20150310 93.2 83.1 92.6 96.6 74.7 95.3 72 24 6.3 25.5 99.3 9.9 97.7 12.1 79.2 92.1 96.8 NA 73.1 100 99.6 91.5 33
20150311 96.9 83.4 92.9 96.6 57.3 95.3 58 24.5 6.3 23.2 99.3 0.7 97.8 6 70.1 89.8 96.6 NA 58 100 99.6 91.4 28.2
20150312 97.2 87.5 95 96.6 53.6 95.3 62.3 32.4 7.7 27 99.3 1.6 97.8 6.5 72.2 90 96.6 NA 57.9 100 99.4 93.5 20.8
20150313 97.1 89.9 94.1 96.6 55.4 94.9 64 32.9 8.5 27.8 99.3 0.8 97.8 8.6 76.7 89.1 91 NA 60.9 100 100 93.9 20.4
20150314 97.1 85.2 93.6 96.6 50 95.2 55.6 26.4 6 21.9 99.3 0.8 96.6 5.8 70.8 87.9 91 NA 60.8 100 100 92.9 17.9
20150315 94.3 79.5 92 96.6 38.3 91.8 45.1 24.1 7.4 24.8 97.6 0.8 96.6 7 73.1 81.8 91 NA 57.6 100 100 86.4 16.2
20150316 92.3 74.9 91.9 96.6 32.2 92 44 20 5.7 22.1 97.1 0.8 96.6 6.8 72.6 80.3 91 NA 62.3 100 100 86.2 13.7
20150317 86.2 70.4 88 96.5 33.3 89.8 41.3 14.3 6.1 22.1 94.7 0.4 97.7 4.5 55.2 79.6 95.3 NA 56.9 100 100 87.3 12.6
20150318 86.7 71.3 85.6 96.5 22.2 85.4 36 12.7 3.4 23.9 94.1 0.4 93.9 4.3 49 79.8 94.4 NA 56.8 100 100 81.9 8.7
20150319 83.5 71.4 88.9 96.5 20.2 87 38.8 14.9 5.2 23.9 95.1 0.5 94.4 3.9 45.8 81.8 94.9 NA 55.9 100 100 81.1 8.8
20150320 86.6 64.7 90.1 96.4 21.9 90.8 39.7 15.8 5.3 22.6 95.6 0.5 92.5 4 48.7 81 85.4 NA 56.9 100 100 81.3 8.2
20150321 89.5 66.9 90 96.4 25.6 80 40.8 14.4 7.4 26.2 94.9 5.5 89.6 9.5 44.1 83.6 85.3 NA 60.9 100 100 82 13.8
20150322 80.8 64 83.3 96.4 15 69.3 34.8 18.7 7 27.3 94.1 5.5 84.1 9.6 46.7 79.6 85.7 NA 57.1 100 100 81.2 12.9
20150323 83.1 57.6 86.6 96.4 11.8 70 36.2 15.2 2.7 26.4 94.4 0.5 82 4.2 54.5 88 83 NA 49.5 99.6 100 87.6 8.7
20150324 80.9 73.5 90.3 95.7 65.5 88.8 63.9 22.9 2.7 27.6 94 1.8 92 10.2 59.6 85.9 83.5 NA 54.8 100 100 92.9 14.5
20150325 82.4 74 89.2 95.5 33.1 80.7 51.7 18.8 2.5 26.8 94 0.1 92.8 8.8 60.2 85.4 84.9 NA 53.8 100 100 88.5 11.2
20150326 79.2 70.7 85.3 91.7 13.3 65.6 40.3 8.3 0.9 19.3 96.1 0.1 90.9 6.4 56.1 79.3 82.5 NA 50.8 100 100 79.9 10.4
20150327 73.2 62.1 84 95.9 19 64.8 36.4 5.1 0 24.4 97 0.2 94.6 3.2 55.5 90.4 82.7 NA 47.9 100 100 81.4 7
20150328 77.7 41.7 69.7 94.9 14.5 71.7 38 5.5 0.6 21.4 90.1 0.1 85.3 7.1 59.2 93.5 73.5 NA 48.9 99.8 100 93.5 11.6
20150329 55.5 46.6 71.6 93.2 23.1 73.3 40.6 9.6 0 16.9 93 0.1 88 2.5 54.9 87 76 NA 61.3 99.9 100 91.4 8.9
20150330 56.8 30.1 69.1 89.8 9.3 54.2 25 2.2 0 8.1 90 0 90.6 0 47.5 85.6 48 NA 42.9 99.7 100 69.6 6.6
20150331 62.1 30.3 69 89.8 9.2 58.7 25 4.1 0 9.8 90.4 0 88.3 0 45.1 87.8 48 NA 38.4 99.7 100 76.3 2.3
20150401 62.6 20.7 69.4 90.5 8.8 62.8 28.8 2.4 0 14.5 93.6 0 82.8 0.7 54.8 89.1 59 NA 40 99.7 100 75.3 3.7
20150402 45.3 20.7 69.9 89.7 5.3 63.6 29.1 2.5 0 9.7 93.5 0 87.9 0.7 46.9 78 50.7 NA 38 99.1 99.9 76.7 3.8
20150403 44 15.3 63.7 87.5 6.2 54.9 23.3 1.9 0 7.8 86.5 0 85.9 0.4 38.5 77.7 30.3 NA 32.8 99.2 99.9 73.3 3
20150404 41.6 8.2 55.5 85.1 6 44 16 1.2 0 4.9 77.7 0 81.1 0 28.8 73.8 9.9 NA 25.6 98.6 100 68.9 1.9
20150405 29.8 5.9 50.1 81.6 2.7 43.4 16.8 1.1 0 7.4 82.4 0 71.5 0 32.5 74.8 8.9 NA 22.6 98.5 100 65.7 0.1
20150406 20.8 0 47.5 87.7 2 52.1 22.1 1 0 9 73.3 0 69.9 0 42.7 78 0 NA 5.6 98.5 100 68.8 0.1
20150407 20.8 0 47.5 85.2 3 76.1 24.2 1 0 9.9 61.3 0 69.7 0 39.8 82.1 0 NA 2.3 98.5 100 74.1 1.4
20150408 21.5 0 49.6 83.3 3.2 72.1 32.3 2.8 0 15.1 65.7 0 62.8 0 44 83.2 0 NA 2.7 99.1 100 71.1 4.9
20150409 11.8 0 54 74.4 11.5 59.3 41.5 2.5 0 14.9 62.6 0 62.8 0 42.2 82.1 0 NA 0.3 99.6 99.8 64.9 4.9
20150410 15.9 0 50.1 58.9 8 62.9 30.6 1.1 0.1 18.2 63.4 0 23.5 0 42.2 82.1 0 NA 0 99.6 99.9 68.8 3.7
20150411 9.6 0 29.1 58.4 3.1 50.7 12.6 0.1 0 8.7 47.7 0.6 31.7 0 23.5 59.9 0 NA 0 99.1 100 58.5 1.9
20150412 7.2 0 28.9 53.2 3.2 47.7 14.2 0.1 0 6.7 56.6 0.3 23.8 0 21.2 62 0 NA 0 99.1 100 54.7 0.2
20150413 6.5 0 30.1 53.1 3 41.7 12.2 0 0 4.6 59.2 0 24.8 0 21.1 56.3 0 NA 0 97.9 99.7 52 0
20150414 6.1 0 30.1 53.8 3.8 28.4 11.3 0 0 0.1 49.2 0 16.3 0 12.5 44.6 0 NA 0 99.4 99.7 44.1 0
20150415 6.8 0 26.8 47.6 3.3 29.9 11.7 0 0 0.1 46.3 0 12.7 0 11.6 43.5 0 NA 0 94.9 95.6 43.4 0.1
20150416 6.5 0 21 50.4 2.3 35.6 13.7 0 0 0.3 43.7 0 12.8 0 12.2 41.7 0 NA 0 98 99 46.9 0.1
20150417 6.4 0 11.3 50 2.6 29.8 14.3 0 0 0.3 44.4 0 6.9 0 11.3 39.7 0 NA 0 97.5 97.9 43.6 0
20150418 7.5 0 11.2 42.1 2.1 27.8 12.2 0 0 0.1 33.7 0 6.7 0 9.2 35.2 0 NA 0 97.5 99 43.3 0
20150419 2.6 0 4.6 17.9 1.6 33.5 9.9 0 0 0.1 28.4 0 3.3 0 8.2 33.8 0 NA 0 88.5 89.9 38.8 0
20150420 2.4 0 2.3 9.7 1.7 29.7 9.1 0 0 0.1 23.8 0 1.8 0 7.9 36.4 0 NA 0 88 87.8 39.1 0
20150421 2 0 0 1.3 1.6 24 7.7 0 0 0 16.3 0 0.1 0 7 35.9 0 NA 0 87.5 84.9 38.3 0
20150422 0 0 0 0.2 0.7 14.6 3.8 0 0 0 6.3 0 0 0 5.1 23.3 0 NA 0 71.9 86.1 28.8 0
20150423 0 0 0 0 0.2 8.8 0.7 0 0 0 6.3 0 0 0 4.1 22.3 0 NA 0 37.1 80.6 24.8 0
20150424 0 0 0 0 0.3 8.4 0.9 0 0 0 4.4 0 0 0 3.8 21.5 0 NA 0 32.4 85.9 24.2 0
20150425 0 0 0 0 0.2 9.5 1 0 0 0 2 0 0 0 3.8 24.4 0 NA 0 30.1 88.9 21.9 0
20150426 0 0 0 0 0 12.7 0.8 0 0 0 3.5 0 0 0 3.6 22.4 0 NA 0 23.5 89.3 22.4 0
20150427 0 0 0 0 0.2 10 0.8 0 0 0 2.8 0 0 0 3.3 19.9 0 NA 0 22.3 86.2 20.2 0
20150428 0 0 0 0 0.5 13.1 0.4 0 0 0 2.8 0 0 0 3.3 20.4 0 NA 0 15.5 90.5 20.1 0
20150429 0 0 0 0 0.4 13 0.7 0 0 0 0.4 0 0 0 3.3 19.5 0 NA 0 15.5 89.1 17.4 0
20150430 0 0 0 0 0.2 9.6 0.1 0 0 0 0.2 0 0 0 3.1 18.5 0 NA 0 10.2 90.7 12.4 0
20150501 0 0 0 0 0.1 11 0.1 0 0 0 0.1 0 0 0 3.2 17.7 0 NA 0 5.8 87.6 12.4 0
20150502 0 0 0 0 0 10.4 0.1 0 0 0 0.2 0 0 0 3.1 17 0 NA 0 4.3 86.5 12 0
20150503 0 0 0 0 0 9.7 0 0 0 0 0.2 0 0 0 2.8 16.5 0 NA 0 0 80.2 7.3 0
20150504 0 0 0 0 0 7 0 0 0 0 0.1 0 0 0 2.5 13.3 0 NA 0 0 66.2 6 0
20150505 0 0 0 0 0 3.3 0 0 0 0 0.1 0 0 0 2.3 10.4 0 NA 0 0 69.4 1.9 0
20150506 0 0 0 0 0 4 0 0 0 0 0 0 0 0 2.1 11.9 0 NA 0 0 77.3 1.1 0
20150507 0 0 0 0 0 5.1 0 0 0 0 0 0 0 0 2.1 12.1 0 NA 0 0 71 0.8 0
20150508 0 0 0 0 0 3.2 0 0 0 0 0 0 0 0 2 8.6 0 NA 0 0 29.1 0.4 0
20150509 0 0 0 0 0 2.2 0 0 0 0 0 0 0 0 0.9 7.5 0 NA 0 0 29.6 0 0
20150510 0 0 0 0 0 2.3 0 0 0 0 0 0 0 0 0.6 6 0 NA 0 0 27.1 0 0
20150511 0 0 0 0 0 1.9 0 0 0 0 0 0 0 0 0.5 5.5 0 NA 0 0 19.7 0 0
20150512 0 0 0 0 0 1.9 0 0 0 0 0 0 0 0 0.4 5.5 0 NA 0 0 19.7 0 0
20150513 0 0 0 0 0 0.2 0 0 0 0 0 0 0 0 0.1 3.9 0 NA 0 0 13.3 0 0
20150514 0 0 0 0 0 0.4 0 0 0 0 0 0 0 0 0.1 4.1 0 NA 0 0 14 0 0
20150515 0 0 0 0 0 0.1 0 0 0 0 0 0 0 0 0.1 3.1 0 NA 0 0 8 0 0
20150516 0 0 0 0 0 0.1 0 0 0 0 0 0 0 0 0 2.6 0 NA 0 0 6.9 0 0
20150517 0 0 0 0 0 0 0 0 0 0 0 0 0 0 0 2.5 0 NA 0 0 6.8 0 0
20150518 0 0 0 0 0 0 0 0 0 0 0 0 0 0 0 1.9 0 NA 0 0 5.2 0 0
20150519 0 0 0 0 0 0 0 0 0 0 0 0 0 0 0 1.3 0 NA 0 0 0.4 0 0
20150520 0 0 0 0 0 0 0 0 0 0 0 0 0 0 0 0.9 0 NA 0 0 0 0 0
20150521 0 0 0 0 0 0 0 0 0 0 0 0 0 0 0 1 0 NA 0 0 0 0 0
20150522 0 0 0 0 0 0 0 0 0 0 0 0 0 0 0 0.3 0 NA 0 0 0 0 0
20150523 0 0 0 0 0 0 0 0 0 0 0 0 0 0 0 0.3 0 NA 0 0 0 0 0
20150524 0 0 0 0 0 0 0 0 0 0 0 0 0 0 0 0.2 0 NA 0 0 0 0 0
20150525 0 0 0 0 0 0 0 0 0 0 0 0 0 0 0 0.1 0 NA 0 0 0 0 0
20150526 0 0 0 0 0 0 0 0 0 0 0 0 0 0 0 0 0 NA 0 0 0 0 0
20150527 0 0 0 0 0 0 0 0 0 0 0 0 0 0 0 0 0 NA 0 0 0 0 0
20150528 0 0 0 0 0 0 0 0 0 0 0 0 0 0 0 0 0 NA 0 0 0 0 0
20150529 0 0 0 0 0 0 0 0 0 0 0 0 0 0 0 0 0 NA 0 0 0 0 0
