20251129 0 0 0 0 0 0 0 0 0 0 0 0 0 0 0.3 0 0 NA 2.2 0.9 0 0 0
20251130 0 0 0 0 0 0 0 0 0 0 0 0 0 0 0.3 0 0 NA 2 3.5 0 0 0
20251201 3 0 0 0 0 0.1 0 0 0 0.1 0 0 0 0 0.7 0 0.5 NA 2 3.5 0 0 0
20251202 9.8 0 0 0 0 0 0 0 0 0.1 0 0 0 0 0.8 0 1.7 NA 5.4 5.1 0.1 0 0
20251203 7.9 0 0 0 0 0 0 0 0 0 0 0 0 0 0.8 0 0.7 NA 5.5 5.7 0.1 0 0
20251204 4.1 0.5 0 0 0 0 0 0 0 0 0 0 0 0 0.9 0 0.2 NA 4.8 7.2 0.2 0 0
20251205 16.2 5.2 0 1.3 0 0.3 0.3 0 0 0 0 0 0.6 0 1.1 0 32 NA 32.8 8.4 1.3 0.1 0.1
20251206 12 4.5 0 0.6 0.2 0 0 0 0 0 0 0 2.4 0 1.3 0 31.4 NA 20.8 11.8 1 0.2 0.1
20251207 12.5 0.8 0 0.5 0.2 0 0 0 0 0 0.6 0 2.5 0 2.3 0 2.1 NA 40 13.2 4.3 0.3 0.1
20251208 17.9 1.2 0 2.2 1.2 1 0.4 0 0 0.3 2.6 0 2.9 0 3 0 25.8 NA 26.1 19 4.1 4.3 0.1
20251209 14.3 9.1 0 2 0.3 0.6 0.4 0 0 0.1 1.9 0 5.3 0 2.5 0 36 NA 41.9 19.8 3.8 4.3 0
20251210 13.9 8.6 0 0.5 0.3 0.8 1.4 0 0 0.1 1.4 0 4.1 0 2.5 0 35 NA 42.1 24.2 3.4 2.6 0.1
20251211 15.3 3.5 0 1.1 0.3 0.7 0.9 0 0 0.1 1.1 0 4.1 0.9 2.5 0 26.6 NA 47.1 29.5 3.5 2.1 0.1
20251212 24.5 11.2 0 0 0.4 1.2 4.4 0 0 0.1 1.1 0 6.9 1 2.7 0.1 34.6 NA 56.7 41 5.1 5.2 0.1
20251213 20.9 6.6 0.2 2 0.2 1.2 0.8 0 0.2 0.4 3.2 1.2 6.5 0 2.5 0.1 32 NA 54.9 32.1 6.8 5.5 0.2
20251214 25.4 29.3 0.2 2 2.2 2.1 2.2 0.4 0 0.1 8.3 0.1 6.4 1.7 3.4 0.1 50.5 NA 53.9 45.9 9.5 10.5 0.4
20251215 34.9 68.6 0.8 3.9 1.6 2.4 4.5 0.7 0 0.5 9.3 0.6 6.6 1.8 4.8 0.1 81.1 NA 55.9 53.2 8.5 10.1 0.1
20251216 36.4 64.1 2.3 5.6 0.5 0.6 4.8 1.1 0.3 0.6 4.3 0.4 6.6 1.8 4.3 0.1 82.6 NA 55.2 46 3.1 6.2 0.1
20251217 25.8 50.2 0.3 2 0.3 0.5 1.3 2.5 0.7 0.1 2.1 0.1 6.1 0 3.3 0.1 60 NA 44.5 48.4 4 4.4 0.5
20251218 25 42.6 0 1.9 0.3 0.6 0.8 0 0 0.1 1.1 0 4.7 0.2 2.7 0.1 60 NA 46.7 44.7 1 4.1 0.1
20251219 30.9 26.6 0.2 1.9 0.4 0.7 0.5 0 0 0.3 1.7 0 4.8 0.6 3 0.1 48.1 NA 44.1 60.6 2.2 4.5 0.1
20251220 34.9 66 3.5 5 0.8 0.7 2.5 0 0 0.3 5.4 0 4.9 0.5 3.2 0.1 91 NA 51.3 49.7 3.2 6.5 0.1
20251221 37.8 48.4 2.6 1.4 1 0.6 3.3 0 0 0.7 3.6 0 4.7 0.3 3.8 0.1 75.7 NA 52.1 61.3 4.9 5.6 0.1
20251222 43.9 59.2 3.4 4.7 1.3 0.8 4.9 0.8 0 0.9 6.9 0 5.2 7.6 9.8 0.6 69.1 NA 59.9 78.1 8.3 9.9 0.6
20251223 39.7 44.4 1.8 1.8 0.5 0.9 2.2 0 0 0.2 9.7 0 5.2 0.6 4.3 0.1 57.9 NA 45.8 71.3 3.8 4.8 0.1
20251224 42.5 46 1.8 1.8 0.4 0.6 1 0 0 0.3 4.4 0 4.7 0.6 4.6 0.1 57.4 NA 41.8 52.3 1.9 6.4 0.1
20251225 36 46.8 1.9 1.7 0.3 0.6 0.2 0 0 0.2 3.1 0 4.5 0.3 3.2 0.1 49.2 NA 41.3 52.3 1.7 7.3 0
20251226 36.9 51 1.2 2.3 0.6 2.1 2.2 0 0 0.3 9.5 0 5 1.6 4.5 0.1 73.7 NA 41.2 59.2 3.1 10.6 0.2
20251227 35.7 44.3 0.3 2.6 0.5 2.6 2.9 0 0 0.4 12.5 0 5.1 1.4 4.5 0.1 41.6 NA 49.7 70.1 3.4 13.7 0.7
20251228 27 38.6 0 1.4 0.4 0.9 1.1 0 0 0.3 5.3 0 6.6 0.7 4 0.1 38.4 NA 49.8 52.5 2.9 11.9 0.1
20251229 38.2 19.5 0 0.6 0.4 1.4 0.7 0 0 0.6 7.3 0 9.1 0.3 3.5 0.1 6.6 NA 46.5 61.3 3.4 14.4 0.1
20251230 48.2 19.5 0 2 2.1 0.6 2.5 0 0 1 29.8 0 6.8 1.7 4.5 0.1 6.6 NA 45.8 63.4 5.7 11.7 0.3
20251231 53.8 65.7 2.6 2.6 1.7 0.8 4.8 0 0 1.3 26 0 6.8 0.9 4.1 0.1 40.8 NA 54 83 9.3 13.9 0.3
20260101 75.9 77 5.9 9.1 5.6 2.7 9.3 1.2 0 1.6 26.6 0.1 10.8 0.9 4.6 0.1 62.9 NA 53.7 89.3 8.9 27.8 0.3
20260102 86 92.7 10.5 10.5 7.9 2 9.4 2.3 0.3 2.2 28.1 1.2 26.8 1.9 6.9 0.2 92.6 NA 57.1 75.9 9.2 27.3 3.1
20260103 93.8 92.7 13 14.1 10 2 12.4 2.3 0.5 2.5 34 2.3 19.3 2.2 8.9 0.4 92.7 NA 58.7 84.7 22.2 26.8 3
20260104 93.9 92.6 17.1 23.9 11.5 7 11.1 2.4 0.5 2.6 40.8 3.7 19.3 4.3 10.4 0.5 92.7 NA 61.5 93.3 37.1 40.8 2.5
20260105 94.4 90.4 21.6 23.3 9.2 5.7 9.2 1.6 0.3 1.3 36.5 3.8 20.5 5.3 13.8 1.9 92.9 NA 64.8 95.6 41.7 39.5 2.7
20260106 94.8 81 17.8 12.2 6.1 2.2 7.6 1.3 0.8 1.6 34.6 5.2 21 5.8 12.7 1.1 85.6 NA 62.3 95.3 19.3 33.4 3.2
20260107 94.8 80 15.1 10 4.9 6 5.6 0 0 1.4 33.9 0.4 21.2 1 7.7 0.6 92.6 NA 58 95.3 13 31.2 1.7
20260108 93.3 61.6 11.7 3.7 4 1.1 2.2 0 0 0.8 29.6 0.1 17.9 3.1 8.7 0.5 76.4 NA 51.1 98.5 18 29.8 1.6
20260109 88 65.7 11.9 5 4.1 2.3 4.6 0 0 1.7 34.4 0.4 23.8 3.5 7.7 0.2 73.5 NA 56 91.5 16.4 21.5 0.7
20260110 84.8 32.8 0.8 4 3.5 0.8 1.9 0 0 1.6 35 0.3 18.4 2.1 8 0.4 30.3 NA 48.5 83.6 10 20.5 0.1
20260111 78.4 24.2 0.2 2.2 2.4 0.8 1.5 0 0 2.5 32.1 0 13.6 0 6 0.2 21.8 NA 40 87.5 10.8 26.8 0.1
20260112 64.7 12.2 2.7 0.8 2.5 1.2 0.6 0 0 0.9 19.8 0 11.2 0.9 6.9 0.1 43.5 NA 54.9 91.6 7.5 23 0.1
20260113 70.5 8.8 2.1 1 2 0.9 0.3 0 0 0.7 17.4 0 11.5 0.1 6.5 0.2 17.3 NA 40 79.1 9.6 21.2 0.1
20260114 70.7 5 1.5 0.4 1.8 1 0.6 0 0 0.6 17.6 0 10.8 0 5.6 0.2 12.8 NA 37.3 79.4 8 19.7 0.1
20260115 87 65 2.7 3.8 6.4 3.5 8.8 0 0 0.4 22.7 0 12 4.9 9.2 0.5 77.7 NA 61.9 96.5 41.1 48.7 0.2
20260116 89.4 84.5 19.3 5.6 10.6 5.1 14.6 0 0 1.2 45.2 0 15.1 4.7 11.5 1.2 90 NA 70 96.5 58.2 56.1 0.8
20260117 93.8 79.1 24.5 11.1 7.9 3.2 15.1 0 0.3 4 44.3 1.1 26.7 2.1 8.7 1.6 84.1 NA 64.1 98.4 34.9 37 2.1
20260118 97.5 91.4 38.7 20.4 13.5 3.3 16.1 3.8 0.3 4.7 45.2 1.3 18.6 5.4 11 0.7 93.8 NA 65 99.6 59.5 38.8 0.5
20260119 97.5 93.9 52.1 21.7 5 4.5 18.5 6.3 0.3 7.5 54.1 0.1 20.2 1.3 9.7 1.1 93.7 NA 75 99.6 46.7 36.2 0.3
20260120 97.4 92.4 81.1 43.2 11.4 6.9 26.3 15.7 4.3 5.1 50.1 3 22.8 8.1 12.9 4.1 93.8 NA 73.6 99.8 54.3 41.2 3.2
20260121 97.2 92.3 86.4 70.7 14.1 9.1 26.2 12.9 2.7 5 47.9 3.8 22.5 8.3 14.8 3.3 93.8 NA 92.6 99.9 36.7 41.4 2.1
20260122 96.4 76.8 80.6 56.4 12.7 6.8 28.5 5.7 0.2 2.5 48.8 3.8 22.5 5.3 15.4 3.4 99.3 NA 89.1 99.9 76.5 41.6 2.1
20260123 96.6 77.3 86 54.7 23.9 16.4 36.1 8.9 5.8 6.9 70.5 5.7 64.1 7.7 18.5 9.7 99.9 NA 95 99.8 91.8 52.4 6.7
20260124 97.3 94.6 93.9 85.9 36.4 28.9 44.5 23 11.5 13.8 71.4 7 74 24.5 24.8 15.9 99.9 NA 95 100 88.8 60.2 11.5
20260125 99.9 95.4 92.6 87.1 35.1 25.6 55.1 23.4 12.4 18.4 85.7 6.1 76.8 26.7 32.7 25.4 99.9 NA 96 100 95.5 61.2 14
20260126 99.9 94.4 94.2 91.8 37.3 42.9 39.8 32.2 17.3 20.4 86.8 10.9 82.2 30.7 34.3 22.5 99.9 NA 94.7 100 95.5 74.6 20.4
20260127 99.1 96.2 93.9 95.9 34.5 11.2 59.5 24.3 9.5 12.6 82.8 9.4 66.6 16 29.8 17.5 100 NA 95.1 100 95.5 60.3 8.7
20260128 99.6 95.4 94.7 96.7 21.2 13.7 53.7 20.9 5.1 8.7 68.4 7.4 65.4 11.4 19.1 11.2 100 NA 82.2 99.9 97.7 58.4 8.9
20260129 99.5 94.3 94.5 95.4 20.1 30.9 60.3 22.4 11.2 11.5 69.5 4.8 62 19.3 25.1 18.9 100 NA 85.9 99.9 97.9 72.5 12.4
20260130 99.6 95.1 94.3 94.8 33.7 39.1 58.3 29.4 17.8 15.1 79.6 4.4 77.9 27.9 30.7 25 100 NA 95.2 99.9 97.1 83.9 17.1
20260131 98.8 95.2 94.7 95.3 37.2 58.8 62.5 25.8 19 29.6 82.7 12.2 92.5 73.7 47.9 23.5 100 NA 97.6 99.9 97.1 91.8 22.4
20260201 98.8 96.4 94.7 95.3 45.7 63 65 33.1 17.2 24.5 82.7 8.9 95 81.8 53.9 32.6 100 NA 97.6 99.9 97.9 94.9 24.3
20260202 98.8 97.3 94.8 95.3 63.4 54.2 78.3 31.5 14.3 16.9 86.2 11.2 95.3 54.4 38.5 23.7 100 NA 96 100 96.6 93.5 26.4
20260203 98 92.9 93.9 95.3 54.4 27.8 70.3 24.6 9.4 14.1 89 6.2 90.6 65.1 41.8 17.4 100 NA 92.7 100 98.7 85.7 23.3
20260204 97.9 92.7 94.4 95.3 48.2 16.4 70.9 22.8 16.1 12.6 81.4 5.5 77 90 57 21.8 100 NA 95.1 99.9 98.9 86 7.3
20260205 99.6 98.6 95.3 95.8 63.9 34.1 78.9 31.7 16.1 22.8 92.9 7.3 80.8 75.1 67.6 32.8 99.7 NA 94.4 100 98.9 94.3 6.3
20260206 97.9 91.6 94.2 95.8 46.5 20.9 82.9 28.6 7.1 5.9 85 17.1 79.5 80.6 65.5 25.5 100 NA 89.7 100 98.9 83.9 12.1
20260207 97.3 93.6 90 95.9 26 11.2 68.6 20.5 7.3 17.2 88.3 7 82.5 57.8 51.1 22 100 NA 95.6 100 98.9 81.2 8.6
20260208 97.3 98 94.6 95.8 30.7 42 69.1 28.2 13.9 19.6 92.1 8 87.9 89.3 55.6 35.7 99.7 NA 95.9 100 100 93.7 13.3
20260209 98.9 98.2 93.3 98.3 46.9 57.2 85.6 35.6 15 21.9 88.9 31.7 94.6 86.5 58.7 39.2 99.7 NA 95.6 100 98.7 95.4 30.4
20260210 98.6 98.4 93.1 95.8 37 36.2 85.9 29.6 3.4 4.9 81.6 18.1 94.5 90.1 50.9 32.9 99.7 NA 95.4 100 99 91.8 23.5
20260211 95.2 91.9 91.7 95.8 29 13.7 70.4 21.5 3.8 5.5 81.1 0.9 76 33.6 45.4 23 99.7 NA 82.6 100 98.5 90 6
20260212 94.6 89.6 90.3 95.7 30.1 23.4 71.3 18.2 3.5 4.2 83.7 0.4 84.6 74.1 59.4 25.8 97.6 NA 95.3 100 99.4 88.2 5
20260213 98.2 98.1 94.9 95.7 44.1 29.4 77 36.7 6.6 15.8 92 11.4 75.9 90.1 66.1 31.8 98.8 NA 95.3 100 99.4 92.4 5
20260214 99.3 86.9 92.1 95.9 43.3 19.8 81.6 32.4 6.8 14.2 89.9 4.5 81.7 90.1 68.8 30.7 98 NA 94.7 100 98.8 90.2 5.8
20260215 98.1 86.1 93.2 95.9 36.9 27.9 83.3 33.1 7.1 10.2 89.5 3 81.5 83.5 60.8 29.6 96.3 NA 95.2 100 98 90.9 5.8
20260216 98.9 92 91.9 94.4 34.8 31.7 82.9 26.6 2 6.6 85.2 6.3 71.8 85.7 56.2 27.9 96.3 NA 95.2 100 93.7 87.2 5.9
20260217 98.6 81.5 89 94.4 32.9 28.1 81.3 15 1 12.5 85.9 2.8 61.8 81.9 54.7 27.3 95.9 NA 90.4 100 95.5 85.7 4.6
20260218 94.9 82.5 88 91.8 22.7 30 67.2 11.2 0.5 4.6 78.2 1.9 64.1 73.3 35.2 17.1 83.8 NA 83 100 92.2 84.5 2.8
20260219 94.7 79.6 83.2 88.5 13.1 34.5 52.8 8.4 0.1 6.8 60.8 0.5 55.5 22.1 23 18.7 89.6 NA 84 100 92.2 76.2 3.3
20260220 95.3 83.5 81.2 82.8 10.8 32.6 50.8 7.3 0.6 8.1 65.9 2.1 62.2 23.1 21.2 22.3 89.6 NA 94.9 100 89.2 70.9 6.1
20260221 93.3 60.9 79.3 78.5 15.8 40.9 49.5 0.5 0 13.8 68.2 2.3 59.5 10 23.7 17.7 94.6 NA 73.7 100 87.7 71.8 5.9
20260222 91.5 59.2 75.5 78.6 39 31.2 42.9 0.2 0 17.4 60.1 1.5 63.1 3.6 18.3 13.8 93.2 NA 75.6 100 87.7 67.7 7.4
20260223 89 60.1 77 87.2 27.9 34.2 32.2 0.3 0 15.5 67.3 0.6 43.1 27.6 24.4 19.7 86.9 NA 81.9 100 94.7 71 4.4
20260224 87.2 64.2 68.2 80.8 47.7 44.7 57.7 0.2 0 7.8 55.7 0.4 67 31.2 24.8 26.8 89.4 NA 92.5 100 98.3 83.1 5.9
20260225 86.7 56.1 77.7 86.2 41.9 39.1 61 0.6 0 9.8 71.1 0.6 62.7 37.7 18.9 25 88.7 NA 79.6 100 96.4 85.5 5.9
20260226 88.9 61 82.1 83.8 53.3 25.4 64.4 3.9 4.7 20 77.6 0.6 56.3 72.7 49 37.9 88.4 NA 91.8 100 98.2 85.1 8.2
20260227 83.6 62.6 89 90.8 44.4 22.7 64.1 2.3 1.4 12.2 66.6 0.6 60.4 73.2 52 31.2 90.4 NA 72.9 100 98.4 76.9 3.6
20260228 80.9 42 82.2 81.5 21.5 17.4 49.9 1 1 10.6 67.5 0.3 61.8 39.5 25.9 19.4 88.7 NA 57.1 100 96.8 70 1.2
20260301 93.7 63.1 74.1 84.3 58.2 42.4 63.2 1.6 0 23.7 87 1.2 62.7 90.3 65 39.7 90.8 NA 92.9 100 98 85.8 0.1
20260302 90.8 49.2 71.6 84.4 69.5 43.4 82.1 7.4 2.1 23.4 92.1 2.1 73.1 90.2 75.8 43.5 90.8 NA 92.3 100 98.7 95.4 4.2
20260303 82.6 38.7 79.5 89 47.8 32.2 78 4.7 0.2 11.3 83.6 2.1 77.7 75.4 58.1 29.5 82.1 NA 87.2 100 97.6 89.5 2.8
20260304 83.4 47.5 79.5 81.5 62 46.2 79.5 4.6 0 2.2 72.5 0.3 67.3 62.3 55.4 29.8 82.1 NA 86.8 100 93.7 87.7 1.3
20260305 85.1 37.6 79.7 75.3 47.5 39.6 70.9 4 0 2.4 72.7 0.3 72.6 28.6 31.3 25.5 73.2 NA 79.2 100 84.7 83.2 0.7
20260306 84.9 49.4 75.2 71.6 36 45.5 55.2 4.8 0 4.8 77.8 0.3 77.3 47.3 31.9 25.6 80.9 NA 79.6 100 95.3 83.8 3.7
20260307 87.7 46.1 72.4 74.3 23.8 37.2 54.4 5.3 0 5 67.2 0.2 48.6 21.7 28 20 82.9 NA 69 100 81.1 74.7 7.2
20260308 83.8 31.9 61.7 74.4 23.8 24.2 44.8 0.4 0 2.1 61.2 0.1 37 15 20.2 17.7 77.4 NA 55.9 100 82.1 68.9 1
20260309 81.2 19.7 54.2 75.5 18.8 17 26.4 0 0 0.1 48.6 0 33.4 7.7 15.7 10.7 47.5 NA 47.6 100 78.5 61.7 0.4
20260310 82.5 8.7 46.9 73.7 20.9 20.9 21.9 0 0 0.4 51.2 0 33.4 6.2 13.3 10.8 22.4 NA 44.2 100 87.8 64.6 0.3
20260311 66.4 5.8 42.5 73.9 15.4 21.4 10.7 0 0 1.6 56.3 0 32.3 4.3 14.5 11.4 26.5 NA 22 100 81.4 58.5 0.2
20260312 59.5 2.3 26.6 53.4 15.6 10.1 3.8 0 0 2.9 47.6 0 25.1 12.3 14.2 16.4 9.6 NA 17.7 100 82.4 58.2 0
20260313 53.1 0 19.6 46.1 20.9 9.5 5.6 0 0 3.1 58.6 0 20.8 11 18.3 20.4 0 NA 16.5 100 80.1 70 0.1
20260314 55.6 0 8.4 37.8 26.6 16.6 1.4 0 0 5.7 56.6 0 18.7 10.7 24 24.4 0 NA 8.6 99.8 83.1 73.8 0
20260315 60.8 0 6.7 43.8 30.9 20.7 4.4 0 0 6.5 48.5 0 18.4 8.5 21.9 25.7 0 NA 7.7 99.9 91 70.4 0.6
20260316 51 0 1.3 22.4 36.4 23.8 3.7 0 0 4 34.7 0 15 4.7 13.4 13.5 0 NA 5.6 99.9 84 59.4 0
20260317 92 0 0.7 13.7 44 19.1 5.1 0 0 22.3 86.5 0 14.8 23.9 29.5 26.9 0 NA 5.6 99.9 96.4 66.8 0
20260318 92 0 0.3 12.5 56.4 17.2 8.3 0 0 26.8 76.2 0 13.8 38.6 31.1 26.5 0 NA 17.8 99.3 96.2 64.2 0.1
20260319 84.2 0 0.7 31.3 44.5 14.1 5.9 0 0 11.5 83.1 0 14.5 30.8 25.7 21.2 5.1 NA 57 100 95.7 68.5 0.1
20260320 90.9 5 5.5 25.6 41.4 34 7.9 4.4 3.2 17 86.2 5 15.8 29 30.9 27.2 5 NA 36.7 99.9 95.8 70.2 4.2
20260321 88.2 0 0.7 28 47.6 20.5 3.5 0 0 6.8 79.1 0 11.7 18.6 22.6 21.3 0 NA 27.9 99.9 96.1 68.5 0
20260322 72.8 0 1.1 33.5 33.4 15.2 2.8 0 0 5.5 71.4 0 11.7 16.1 20.2 15.9 0 NA 18.8 99.9 89.3 66.5 0
20260323 43.5 0 2.5 28.4 35.7 20.2 1 0 0 5 61.7 0 13.6 21.4 26.9 23.4 0 NA 4.9 99.3 90.9 61.7 0
20260324 53.4 0 1.4 18.3 42 20.7 14.7 0 0 2.8 54.9 0 14 10.3 21.6 15 0 NA 5.7 99.6 91 65.5 0.1
20260325 66.8 0 1.2 14.6 42 8.7 11.9 0 0 0.8 51.2 0 14.9 9.5 21.1 13.3 0 NA 37.1 99.6 96.8 70.1 0.1
20260326 56.8 0 1.2 13.6 34.5 9.6 0.7 0 0 0.2 52.5 0 14.9 6.3 20 11.3 0 NA 0 99.8 96.7 62.9 0.1
20260327 64.5 0 1.5 18.9 43.1 25.4 1.8 0 0 2.3 68.2 0 9.6 28.9 32.3 33.1 0 NA 0 99.5 87 73.8 0
20260328 43.4 0 1.3 12.9 26.6 13.1 0.4 0 0 1.4 40.6 0 7.9 3.8 19.2 11.6 0 NA 0 98.6 87.9 74.5 0
20260329 48 0 0 8.4 28.3 8.1 0.2 0 0 0.7 46.6 0 8.2 9.1 32.5 15.1 0 NA 0 97.3 90 66.9 0.1
20260330 43.4 0 0 9.7 20.4 4.8 0 0 0 0.3 37.5 0 7.1 7.5 32.1 15.3 0 NA 0 96.1 93 58.6 0
20260331 51.2 0 0 8.2 20.7 3.8 0 0 0 0.4 31.2 0 5.5 5.4 28.6 11.5 0 NA 0 96.3 91.5 58.5 0
20260401 38.8 0 0 7.1 9.6 7.7 0.2 0 0 1 33.2 0 2.2 7.6 13.9 10.3 0 NA 0 96 89.3 61.1 0
20260402 36.7 0 0 10 4.7 7.3 0.2 0 0 2.4 26.8 0 2.2 5.8 14.2 8.7 0 NA 0 98.8 85.1 65.6 0
20260403 29 0 0 7.6 6.5 6.4 0 0 0 3.4 30.7 0 2.8 7.6 11.1 6.6 0 NA 0 98 74 45.8 0.1
20260404 21 0 0 6.5 6.6 5 0.2 0 0 3.4 27 0 1.4 3.1 8 5.8 0 NA 0 96.4 80.4 46.8 0
20260405 17.6 0 0 5.1 8.2 1 0.1 0 0 2.7 26.1 0 0 6.2 8.1 3.1 0 NA 0 96.4 74.5 39.3 0
20260406 20.2 0 0 3.1 9.8 0.6 0.2 0 0 1.4 19.6 0 0 2.6 8.3 1.7 0 NA 0 96.4 74.7 39.5 0
20260407 8.3 0 0 3.1 4 0.3 0.6 0 0 0.5 10.1 0 0 1.9 13.8 8.5 0 NA 0 94.7 72.8 34.2 0
20260408 13.8 0 0 2.7 5.6 0 0.4 0 0 0.4 8.5 0 0 1.4 10.9 7.1 0 NA 0 94.6 82.5 33.7 0
20260409 8.4 0 0 2.4 6 0 0.1 0 0 0 9 0 0 1.7 5.9 2.8 0 NA 0 95.6 69.7 30.4 0
20260410 9.7 0 0 2 11.2 0.1 0.2 0 0 0 11.4 0 0 2.6 7.4 3.8 0 NA 0 91.9 74.5 28.3 0
20260411 6.8 0 0 2.6 8.4 0 0.4 0 0 0 8.8 0 0 1.4 7.8 3.4 0 NA 0 91.8 79.2 26.6 0
20260412 5.3 0 0 2 5.5 0 0 0 0 0 11.3 0 0 1.1 6.7 2.9 0 NA 0 94.4 75.6 25.7 0
20260413 6 0 0 0.9 4.6 0 0 0 0 0 8.6 0 0 1.3 6 4.1 0 NA 0 90 48 26.2 0
20260414 4.2 0 0 0.5 2.5 0 0 0 0 0 5.5 0 0 1 5.9 2.3 0 NA 0 91.8 37.5 26.3 0
20260415 4.4 0 0 0.4 2.3 0 0 0 0 0 6.7 0 0 1 5.7 1.8 0 NA 0 91.4 37.5 25 0
20260416 3.9 0 0 0.4 2.3 0 0 0 0 0 7.8 0 0 1.4 6.2 2.1 0 NA 0 91.4 37.5 22.6 0
20260417 3.6 0 0 0 2.2 0 0 0 0 0 5.9 0 0 1.3 6.3 3.4 0 NA 0 85.5 73.5 21.5 0
20260418 3.3 0 0 0 0.6 0 0 0 0 0 2.2 0 0 0.4 4.9 1.9 0 NA 0 82.8 60.9 21 0
20260419 2.3 0 0 0 0.5 0 0 0 0 0 0.1 0 0 0.4 4.9 0.4 0 NA 0 73.6 27.8 18.6 0
20260420 1.6 0 0 0 0.7 0 0 0 0 0 0.3 0 0 1.5 7.2 0.5 0 NA 0 63.7 35.6 17.3 0
20260421 1.2 0 0 0 0 0 0 0 0 0 0.1 0 0 0.8 5.7 0.5 0 NA 0 62.2 25.7 17.8 0
20260422 0.5 0 0 0 0 0 0 0 0 0 0.1 0 0 1.7 5.2 0.4 0 NA 0 62.2 20.9 17.2 0
20260423 0.4 0 0 0 0.1 0 0 0 0 0 0.3 0 0 1.7 4.1 0.3 0 NA 0 58.6 16.5 17 0
20260424 0 0 0 0 0.2 0 0 0 0 0 0.4 0 0 1.7 3.8 0.1 0 NA 0 53.8 12.4 15.5 0
20260425 0.2 0 0 0 0.1 0 0 0 0 0 0.1 0 0 0 3.6 0.2 0 NA 0 42 9.4 11.9 0
20260426 0 0 0 0 0 0 0 0 0 0 0.3 0 0 0 3.2 0.2 0 NA 0 40.7 10.1 9.1 0
20260427 0 0 0 0 0.1 0 0 0 0 0 0 0 0 0 3.2 0 0 NA 0 40.1 7.9 8.8 0
20260428 0 0 0 0 0 0 0 0 0 0 0 0 0 0 2.8 0 0 NA 0 6.6 0 1.8 0
20260429 0 0 0 0 0 0 0 0 0 0 0 0 0 0 3 0 0 NA 0 5.8 0 1.5 0
20260430 0 0 0 0 0 0 0 0 0 0 0 0 0 0 2.6 0 0 NA 0 0.5 0 0.2 0
20260501 0 0 0 0 0 0 0 0 0 0 0 0 0 0 2.6 0 0 NA 0 0 0 0 0
20260502 0 0 0 0 0 0 0 0 0 0 0 0 0 0 3 0 0 NA 0 0 0 0 0
20260503 0 0 0 0 0 0 0 0 0 0 0 0 0 0 2.3 0 0 NA 0 0 0 0 0
20260504 0 0 0 0 0 0 0 0 0 0 0 0 0 0 2.1 0 0 NA 0 0 0 0 0
20260505 0 0 0 0 0 0 0 0 0 0 0 0 0 0 1.5 0 0 NA 0 0 0 0 0
20260506 0 0 0 0 0 0 0 0 0 0 0 0 0 0 1.5 0 0 NA 0 0 0 0 0
20260507 0 0 0 0 0 0 0 0 0 0 0 0 0 0 1.2 0 0 NA 0 0 0 0 0
20260508 0 0 0 0 0 0 0 0 0 0 0 0 0 0 1.4 0 0 NA 0 0 0 0 0
20260509 0 0 0 0 0 0 0 0 0 0 0 0 0 0 1 0 0 NA 0 0 0 0 0
20260510 NA 0 0 0 0 0 0 NA NA NA 0 0 0 NA NA NA 0 NA 0 0 NA 0 0
20260511 0 0 0 0 0 0 0 0 0 0 0 0 0 0 0.3 0 0 NA 0 0 0 0 0
20260512 0 0 0 0 0 0 0 0 0 0 0 0 0 0 0.2 0 0 NA 0 0 0 0 0
20260513 0 0 0 0 0 0 0 0 0 0 0 0 0 0 0 0 0 NA 0 0 0 0 0
20260514 0 0 0 0 0 0 0 0 0 0 0 0 0 0 0 0 0 NA 0 0 0 0 0
20260515 0 0 0 0 0 0 0 0 0 0 0 0 0 0 0 0 0 NA 0 0 0 0 0
20260516 0 0 0 0 0 0 0 0 0 0 0 0 0 0 0 0 0 NA 0 0 0 0 0
