19751223 32.7 46.3 5 5 7 5 7.6 0 0 3.1 18 0 11.5 15.7 6.8 0.6 44.7 NA 56.3 91.4 26 63.2 0
19751224 36.9 47.8 5.7 5.1 6.8 5.3 7.8 0 0 3.1 19.1 0 10.4 13.9 6.5 0.6 49.2 NA 57.2 91 24.5 59.6 0
19751225 41.1 51.3 6.1 5.1 6.7 5.6 8.3 0 0 3 20.1 0 10 11.2 6.2 0.7 54.6 NA 58.7 89.6 22.4 55.5 0
19751226 45.3 52.8 6.8 5.3 6.5 5.9 8.6 0 0 3 21.3 0 8.9 9.5 5.8 0.7 59.2 NA 59.6 89.3 20.8 51.8 0
19751227 49.9 56 7.3 5.4 6.3 6.1 8.8 5 5 7.6 24.8 0 8.1 11.8 10.3 5.1 65 NA 60 89.6 19.4 47.3 0
19751228 54.1 57.5 8 5.6 6.1 6.4 9 5 5 7.6 26 0 7 10.1 9.9 5.2 69.6 NA 60.9 89.3 17.8 43.7 0
19751229 58.3 61 8.4 5.6 6 6.7 9.5 5 5 7.5 27 0 6.6 7.4 9.6 5.2 75 NA 62.4 87.9 15.7 39.6 0
19751230 62.5 62.5 9.1 5.7 5.8 7.1 9.7 5 5 7.6 28.2 0 5.5 5.7 9.3 5.3 79.6 NA 63.3 87.6 14.1 36 0
19751231 62.8 64.6 8.8 5.9 6 7.1 9.9 5 5 7.5 28.6 0 6.3 7 9.8 5.5 81.4 NA 63.8 85.5 14.8 33.1 0
19760101 62.9 65.5 8.5 5.9 6.1 7.1 10 5 5 7.4 29.2 0 7.5 7.7 10.2 5.7 84 NA 66.6 82.4 15.7 31 0
19760102 63.2 67.6 8.2 6.2 6.3 7.1 10.2 5 5 7.3 29.6 0 8.3 9 10.6 6 85.8 NA 67 80.3 16.5 28.2 0
19760103 63.6 69.5 7.9 6.4 6.4 7 10.3 5 5 7.1 29.4 5 13.3 9.6 11.1 6.2 87.4 NA 70 76.2 17.2 26.1 5
19760104 63.9 71.6 7.5 6.6 6.6 7 10.4 5 5 7 29.8 5 14.2 11 11.5 6.4 89.3 NA 70.4 74.1 17.9 23.2 5
19760105 64 72.6 7.3 6.6 6.7 7 10.5 5 5 6.9 30.4 5 15.3 11.6 11.9 6.7 91.9 NA 73.2 71.1 18.8 21.2 5
19760106 64.3 74.6 6.9 6.8 6.9 7 10.7 5 5 6.8 30.8 5 16.1 13 12.4 6.9 93.7 NA 73.7 69 19.5 18.3 5
19760107 68.8 77.2 12.4 12.1 8.6 7.8 11.3 7.6 6.3 8.6 35.7 5 17.5 13.7 14.2 8 93.9 NA 75.8 73.3 30 24.1 5
19760108 74.3 81.4 18.4 15.8 9.5 8.2 12.4 10.8 7.8 10.3 41.7 5 18 14.5 15.8 9.7 94.1 NA 80.3 77.3 40.8 30 5
19760109 78.8 84 23.9 21.1 11.2 9 13.1 13.4 9.1 12.1 46.5 5 19.4 15.2 17.7 10.8 94.2 NA 82.4 81.7 51.2 35.8 5
19760110 85.1 85.6 28.6 24.6 12.1 9.3 13.8 12.2 6 9.4 49.6 0 16.9 11.7 15.2 8 97.9 NA 85.4 87.3 59.9 41.5 0
19760111 89.7 88.1 34.1 29.9 13.7 10 14.4 14.8 7.3 11.2 54.4 0 18.3 12.5 17 9.1 98.1 NA 87.5 91.6 70.3 47.3 0
19760112 95.1 92.4 40.1 33.6 14.6 10.5 15.5 18.1 8.7 12.9 60.5 0 18.8 13.2 18.6 10.8 98.2 NA 92.1 95.6 81.1 53.2 0
19760113 99.7 94.9 45.6 38.9 16.3 11.2 16.2 20.7 10.1 14.7 65.3 0 20.2 14 20.5 11.9 98.4 NA 94.2 100 91.5 59 0
19760114 99.7 93.6 49.1 37.9 16.4 11.3 17.2 21.8 10.1 14.1 64.1 0.7 20.4 13.4 19.4 11.3 98.4 NA 90.9 100 89.1 59.2 0.1
19760115 99.7 90.9 54.2 36 16.7 11.4 18.2 22.7 9.7 13.6 65.4 2 20.5 13 18.4 10.8 98.3 NA 89.5 100 86.6 60.2 0.4
19760116 99.8 89.6 57.7 35.1 16.7 11.5 19.2 23.9 9.8 13.1 64.2 2.7 20.7 12.4 17.3 10.2 98.3 NA 86.2 100 84.2 60.4 0.6
19760117 99.9 90.8 61.4 34.5 17.3 11.6 20.2 24.7 9.7 12.2 65.2 3.4 20.8 11.3 15.8 9.8 94.8 NA 84.9 100 83.1 61.8 0.7
19760118 99.9 89.5 64.9 33.6 17.3 11.7 21.2 25.8 9.8 11.7 64 4 21 10.7 14.7 9.2 94.7 NA 81.6 100 80.7 62 0.9
19760119 100 86.9 69.9 31.7 17.7 11.8 22.2 26.8 9.4 11.2 65.3 5.4 21.2 10.3 13.7 8.7 94.7 NA 80.2 100 78.2 63 1.2
19760120 100 85.6 73.4 30.8 17.7 11.9 23.3 27.9 9.4 10.6 64.1 6 21.4 9.7 12.6 8.1 94.7 NA 76.9 100 75.8 63.2 1.3
19760121 100 84.9 74.9 40.9 18.9 16.2 27.1 24.7 8.5 9.7 60 5.6 23.5 12.3 14 9.1 94.7 NA 80.7 100 77.9 64.7 2.1
19760122 100 84.2 77.2 48.8 19.8 19.2 29.9 22.5 7.9 9.1 57.2 5.1 25 14.7 15.1 10.2 94.5 NA 81.9 100 80 65.9 2.5
19760123 100 83.5 78.7 58.9 21.1 23.5 33.7 19.3 6.9 8.2 53.1 4.6 27.1 17.3 16.6 11.2 94.5 NA 85.7 100 82.1 67.4 3.3
19760124 100 80.4 82.5 65.7 21.5 26.6 36.3 20.7 10.6 11.4 50.5 7.7 32.3 23.7 21.8 16.3 94.3 NA 88.7 100 86.3 69.6 8.4
19760125 100 79.7 84 75.8 22.8 31 40.1 17.5 9.6 10.5 46.4 7.2 34.4 26.3 23.2 17.2 94.3 NA 92.5 100 88.4 71 9.2
19760126 100 79 86.3 83.7 23.7 34 42.9 15.3 9 9.9 43.5 6.7 35.9 28.7 24.3 18.4 94.2 NA 93.7 100 90.5 72.3 9.6
19760127 100 78.3 87.8 93.8 24.9 38.3 46.7 12.1 8 9 39.4 6.3 38 31.3 25.7 19.4 94.2 NA 97.5 100 92.6 73.8 10.4
19760128 100 81.1 89.1 94 26.8 37.3 45.8 15.4 9.1 9.6 42.6 6.1 40 30.9 25.9 20.4 94.2 NA 97.5 99.9 93.2 73.5 10.9
19760129 100 82.9 90.1 94.2 28.1 36.7 45.2 18.4 10.8 10.4 46.2 5.9 42.5 30.5 26.5 21.8 94.4 NA 97.5 99.8 93.6 73 11.2
19760130 100 85.7 91.5 94.4 30 35.6 44.3 21.7 11.9 11.1 49.3 5.8 44.5 30.1 26.7 22.8 94.5 NA 97.5 99.7 94.1 72.7 11.7
19760131 100 87.6 91.3 94.6 31.5 35.7 44.2 24.7 13.8 12 52 5.6 46.2 29.5 27.1 23.8 94.7 NA 98.4 99.7 97.9 72.9 12
19760201 100 90.4 92.6 94.8 33.4 34.6 43.2 28 14.9 12.7 55.2 5.4 48.2 29.1 27.3 24.9 94.7 NA 98.4 99.6 98.5 72.5 12.5
19760202 100 92.2 93.6 95 34.7 34 42.7 31 16.5 13.5 58.7 5.3 50.7 28.7 27.9 26.3 95 NA 98.4 99.5 98.9 72.1 12.8
19760203 100 95 95 95.2 36.6 33 41.8 34.3 17.6 14.2 61.9 5.1 52.8 28.3 28.1 27.3 95 NA 98.4 99.4 99.4 71.8 13.2
19760204 100 95 95 95.2 33.2 31.8 39.2 34.1 16.5 13.1 61.7 5.1 50.9 27.5 29.5 27 95 NA 96.4 99.5 99.4 70.8 11.9
19760205 100 95 95 95.2 30.5 31 37.7 33.5 14.7 11.8 61.5 5.1 50.4 26.9 31 26.8 95 NA 96 99.6 99.4 69.7 11
19760206 100 95 95 95.2 27.1 29.8 35.1 33.3 13.5 10.7 61.2 5.1 48.4 26 32.4 26.6 95 NA 94 99.7 99.4 68.7 9.6
19760207 100 95.6 95.4 95.2 24.1 28.4 33.7 32.9 11.5 9.4 61.2 5 48.4 25.4 33.4 25.9 95 NA 93.6 99.7 99.7 67.2 8.7
19760208 100 95.6 95.4 95.2 20.7 27.2 31.1 32.7 10.3 8.3 61 5 46.4 24.6 34.7 25.6 95 NA 91.6 99.8 99.7 66.2 7.3
19760209 100 95.6 95.4 95.2 17.9 26.3 29.6 32.1 8.5 7 60.8 5 45.9 24 36.2 25.4 95 NA 91.1 99.9 99.7 65.1 6.4
19760210 100 95.6 95.4 95.2 14.6 25.2 27 31.8 7.4 6 60.6 5 44 23.1 37.6 25.1 95 NA 89.1 100 99.7 64.2 5
19760211 100 95.1 94.5 94.6 14.9 23.2 25.7 30.8 7.2 6.4 62.2 5 44.4 23.7 37.3 26.1 94.6 NA 87.9 100 99.7 64.9 5
19760212 100 93.9 93.6 94.3 15.7 22 24.8 30.3 6.9 6.4 63 5 44.7 23.2 36.8 27.4 94.4 NA 87.5 100 99.7 65.2 5
19760213 100 93.3 92.6 93.7 16 20 23.5 29.2 6.7 6.8 64.7 5.1 45.1 23.8 36.6 28.4 94.1 NA 86.3 100 99.7 65.9 5
19760214 99.4 92.5 91.8 92 16.5 18.5 22.7 28.3 6.5 6.9 66.8 0.2 43.5 23.8 36.1 29 98.7 NA 86.6 100 98.4 66.5 0
19760215 99.4 92 90.8 91.5 16.8 16.5 21.4 27.2 6.3 7.3 68.4 0.2 43.8 24.5 35.9 30 98.3 NA 85.4 100 98.4 67.2 0
19760216 99.4 90.8 89.9 91.1 17.6 15.3 20.4 26.7 6 7.4 69.2 0.2 44.2 23.9 35.4 31.3 98.1 NA 85 100 98.4 67.5 0
19760217 99.4 90.3 89 90.6 17.9 13.4 19.1 25.6 5.9 7.8 70.9 0.3 44.5 24.6 35.1 32.3 97.8 NA 83.8 100 98.4 68.2 0
19760218 98.3 82.3 81.9 89.3 16.8 14.5 18.5 23.2 6.5 8 68.5 0.2 41.8 21.3 33.1 30.9 96.4 NA 80 97.5 98.4 65.7 0
19760219 97.5 73.3 74.2 87.4 15.6 15.2 18.2 21.1 6.8 8.5 67.1 0.2 38.7 19.4 30.9 29.9 96.5 NA 75.9 95.8 98.4 62.9 0
19760220 96.4 65.3 67.2 86.1 14.5 16.4 17.6 18.6 7.4 8.8 64.8 0.1 36.1 16.2 28.9 28.5 95.1 NA 72 93.3 98.4 60.4 0
19760221 95.9 57.2 59.4 85 13.5 17.2 16.9 13.5 3.4 8.2 62.9 0.1 33.6 13.6 26.7 27.6 92 NA 66.7 90.8 99.2 57.6 0
19760222 94.8 49.2 52.3 83.7 12.4 18.4 16.3 11.1 4 8.5 60.6 0.1 30.9 10.3 24.7 26.2 90.7 NA 62.9 88.2 99.2 55.1 0
19760223 94 40.2 44.6 81.9 11.3 19 16 9 4.4 9 59.2 0 27.8 8.4 22.4 25.2 90.7 NA 58.8 86.5 99.2 52.3 0
19760224 92.9 32.2 37.6 80.6 10.2 20.2 15.4 6.5 5 9.2 56.8 0 25.1 5.2 20.4 23.8 89.3 NA 54.9 84 99.2 49.8 0
19760225 91.4 29.3 34.2 77.7 13.3 21.5 14.5 5.6 4.2 8.6 56.8 0 27.4 5.5 21.3 25.7 82.1 NA 53.8 86.5 98.8 55.1 0
19760226 90.4 26.8 31.8 75.8 15.2 23.7 13 4.7 3.4 7.8 56.9 0 29.5 5.9 22.5 28.1 78.2 NA 53 88.2 98.5 60.4 0
19760227 88.9 23.9 28.5 72.9 18.4 25 12.1 3.9 2.7 7.1 56.8 0 31.8 6.3 23.3 30.1 70.9 NA 51.8 90.7 98.2 65.6 0
19760228 87.5 19.6 25.2 70.9 21 26.5 10.6 3.5 2.3 2.9 56.3 0 33.7 6.6 24.2 31.7 65.3 NA 50.6 93.2 97.8 71.2 0
19760229 86 16.7 21.8 68 24.2 27.8 9.6 2.6 1.5 2.3 56.2 0 36.1 7 25 33.6 58.1 NA 49.4 95.7 97.5 76.4 0
19760301 85 14.1 19.4 66.1 26 30 8.2 1.7 0.8 1.5 56.3 0 38.1 7.4 26.3 36 54.2 NA 48.7 97.3 97.2 81.7 0
19760302 83.5 11.2 16.1 63.2 29.2 31.3 7.2 0.8 0 0.8 56.3 0 40.4 7.7 27.1 38 46.9 NA 47.5 99.9 96.8 87 0
19760303 85.1 10.1 16.4 60.4 29.8 30.7 7.6 0.7 0 3 56.7 0 39.8 9.7 28.6 38.5 41.6 NA 50.8 99.5 97.2 86 0
19760304 86.2 9.4 16.9 59.1 29.7 29.2 8.1 0.6 0 5.9 57.4 0 39.4 11.1 31 38.8 35.6 NA 52.3 99.3 97.5 84.9 0
19760305 87.8 8.3 17.2 56.3 30.3 28.6 8.5 0.5 0 8.1 57.9 0 38.8 13.1 32.5 39.3 30.2 NA 55.6 99 97.8 83.9 0
19760306 87.7 3 16.6 55.7 29.9 27.5 9.2 0.4 0 13.4 59.1 0 37.7 15.1 34 39 24.9 NA 58.7 98.6 98 83.1 0
19760307 89.3 1.9 16.9 53 30.5 26.9 9.5 0.2 0 15.6 59.6 0 37.1 17 35.5 39.5 19.6 NA 62.1 98.3 98.3 82.1 0
19760308 90.4 1.1 17.5 51.6 30.4 25.4 10.1 0.1 0 18.5 60.2 0 36.7 18.5 37.8 39.8 13.6 NA 63.6 98.1 98.6 81 0
19760309 92 0 17.8 48.8 31 24.8 10.5 0 0 20.7 60.7 0 36.1 20.4 39.4 40.3 8.2 NA 66.9 97.8 98.9 80 0
19760310 83.6 0 16.1 47.5 32 23 12 0 0 19.1 62 0 34.8 20.6 40.9 42.4 7.6 NA 65.9 98.1 98.9 81.9 0
19760311 74.9 0 13.8 44.6 33.2 21.9 13.4 0 0 17 62.6 0 33.6 20.3 42.9 44.5 7.6 NA 66.5 98.4 98.9 83.5 0
19760312 66.6 0 12.1 43.3 34.3 20.1 14.9 0 0 15.4 63.8 0 32.3 20.4 44.5 46.7 6.9 NA 65.5 98.7 98.9 85.4 0
19760313 61.4 5 11.5 41.2 34.7 19 16.3 0 0 10.8 64.1 0 29.8 20.4 46.1 48.3 6.3 NA 64 98.5 98.8 88.3 0
19760314 53 5 9.8 39.9 35.8 17.2 17.9 0 0 9.2 65.3 0 28.5 20.6 47.7 50.5 5.6 NA 62.9 98.9 98.8 90.2 0
19760315 44.3 5 7.5 37 37 16.1 19.3 0 0 7.1 65.9 0 27.3 20.2 49.7 52.5 5.6 NA 63.6 99.1 98.8 91.8 0
19760316 36 5 5.8 35.7 38 14.3 20.8 0 0 5.5 67.2 0 26 20.4 51.3 54.7 5 NA 62.5 99.5 98.8 93.7 0
19760317 42.8 5 5.7 33.5 35.6 14.1 18.8 0 0 5 63.8 0 27.4 17.8 47.5 50.1 5 NA 60 99.5 98.8 89.7 0
19760318 49 5 5.5 31.7 31.5 13.3 16.8 0 0 4.5 60.5 0 28.7 16.4 44.7 45.7 5 NA 57.6 99.4 98.8 87 0
19760319 55.8 5 5.3 29.5 29 13.1 14.8 0 0 4 57.1 0 30 13.9 41 41.1 5 NA 55 99.4 98.8 83 0
19760320 59.3 0 0.5 25.7 26.1 12.9 12.6 0 0 5 54.6 0 30.9 11.5 37.6 36.9 4.9 NA 51.2 100 98.6 80.5 0
19760321 66.1 0 0.3 23.6 23.7 12.7 10.6 0 0 4.5 51.2 0 32.2 9 33.9 32.3 4.9 NA 48.6 100 98.6 76.5 0
19760322 72.3 0 0.2 21.8 19.6 11.9 8.6 0 0 4 47.9 0 33.5 7.6 31 28 4.9 NA 46.2 99.9 98.6 73.8 0
19760323 79.1 0 0 19.6 17.2 11.7 6.7 0 0 3.5 44.5 0 34.8 5 27.3 23.4 4.9 NA 43.7 99.9 98.6 69.8 0
19760324 75.7 0 0 17.4 15.8 11.1 6.4 0 0 3.2 43.1 0 30.7 5 25.5 22.1 4.9 NA 36.6 99.9 94.9 66.9 0
19760325 70.9 0 0 15.9 14.1 10.5 6.1 0 0 2.9 42.5 0 27.3 5 23.6 20.3 4.9 NA 32.9 100 94.8 65 0
19760326 67.4 0 0 13.7 12.7 9.9 5.8 0 0 2.6 41.1 0 23.1 5 21.9 19 4.9 NA 25.9 100 91.1 62.1 0
19760327 63.8 0 0 11.2 6.6 5 0.8 0 0 0.9 39.1 0 19.6 0 16.6 13.7 0 NA 17.8 100 88.5 60.1 0
19760328 60.4 0 0 8.9 5.2 4.4 0.6 0 0 0.6 37.7 0 15.4 0 14.9 12.3 0 NA 10.8 100 84.9 57.2 0
19760329 55.6 0 0 7.4 3.5 3.8 0.3 0 0 0.3 37 0 12 0 12.9 10.6 0 NA 7 100 84.8 55.3 0
19760330 52.1 0 0 5.2 2.1 3.2 0 0 0 0 35.7 0 7.8 0 11.2 9.3 0 NA 0 100 81.1 52.4 0
19760331 50.9 0 0 5.1 1.9 2.7 0 0 0 0 34.3 0 6.9 0 10.3 8.8 0 NA 0 99.8 81.4 50.9 0
19760401 49.4 0 0 5.1 1.6 2.4 0 0 0 0 33.9 0 5.4 0 9.7 9.1 0 NA 0 99.7 80.5 49.3 0
19760402 48.2 0 0 5 1.5 1.9 0 0 0 0 32.5 0 4.5 0 8.9 8.6 0 NA 0 99.6 80.9 47.8 0
19760403 47.4 0 0 5.2 1.3 1.3 0 0 0 0 32.5 0 3.3 0 9.4 11.7 0 NA 0 99.4 80.4 43.4 0
19760404 46.1 0 0 5.2 1.1 0.8 0 0 0 0 31.1 0 2.4 0 8.5 11.2 0 NA 0 99.3 80.8 41.9 0
19760405 44.7 0 0 5.1 0.8 0.5 0 0 0 0 30.7 0 0.9 0 7.9 11.4 0 NA 0 99.1 79.9 40.3 0
19760406 43.5 0 0 5 0.6 0 0 0 0 0 29.4 0 0 0 7 11 0 NA 0 99 80.2 38.8 0
19760407 40.6 0 0 4.7 0.7 0 0 0 0 0 26 0 0 0 6.9 10.3 0 NA 0 98.9 77.7 36.8 0
19760408 37.5 0 0 4.4 0.7 0 0 0 0 0 24.1 0 0 0 6.8 9.4 0 NA 0 98.9 72.5 35.2 0
19760409 34.6 0 0 4 0.7 0 0 0 0 0 20.7 0 0 0 6.7 8.7 0 NA 0 98.8 70 33.2 0
19760410 34.1 0 0 3.5 0.8 0 0 0 0 0 17.7 0 0 0 6.7 8 0 NA 0 98.8 68 33.4 0
19760411 31.2 0 0 3.1 0.8 0 0 0 0 0 14.3 0 0 0 6.6 7.3 0 NA 0 98.7 65.5 31.5 0
19760412 28.2 0 0 2.9 0.9 0 0 0 0 0 12.4 0 0 0 6.5 6.4 0 NA 0 98.6 60.3 29.8 0
19760413 25.3 0 0 2.5 0.9 0 0 0 0 0 9 0 0 0 6.4 5.7 0 NA 0 98.6 57.7 27.9 0
19760414 21.6 0 0 2.2 0.8 0 0 0 0 0 7.7 0 0 0 6.1 5.6 0 NA 0 89.7 49.5 26 0
19760415 19.1 0 0 2 0.6 0 0 0 0 0 6.5 0 0 0 5.7 5.5 0 NA 0 80.9 43.4 24.2 0
19760416 15.5 0 0 1.6 0.5 0 0 0 0 0 5.1 0 0 0 5.4 5.4 0 NA 0 72 35.2 22.3 0
19760417 9.8 0 0 1.4 0.4 0 0 0 0 0 3.9 0 0 0 3.3 0.3 0 NA 0 68 27.9 17.7 0
19760418 6.1 0 0 1 0.3 0 0 0 0 0 2.6 0 0 0 3 0.2 0 NA 0 59.2 19.6 15.7 0
19760419 3.7 0 0 0.8 0.1 0 0 0 0 0 1.3 0 0 0 2.6 0.1 0 NA 0 50.3 13.6 14 0
19760420 0 0 0 0.5 0 0 0 0 0 0 0 0 0 0 2.4 0 0 NA 0 41.5 5.3 12.1 0
