19761216 93.8 70.2 18.2 7.8 17.9 5.9 17.5 9.1 13.7 10.6 30.9 7 9.6 19.8 22.8 11.2 50.2 NA 80.3 91.6 29.7 42.2 5
19761217 94.9 72.9 18.8 11.6 16.7 7.3 17.7 8.4 12.4 11.7 34.7 6.6 12.2 20.9 23.2 11.3 57.1 NA 77 93.2 30.8 44.3 5
19761218 95.8 75.9 20.4 16.2 15.2 8.3 17.4 7.9 11.1 13 37 6.6 13.6 21.6 23.4 11.7 64.4 NA 72.9 93.2 31.2 46.4 5
19761219 96.9 78.6 21.1 20 14 9.6 17.7 7.3 9.8 14.1 40.8 6.2 16.2 22.6 23.8 11.7 71.4 NA 69.7 94.8 32.3 48.5 5
19761220 96.9 81.4 22.9 25.3 12.5 10.8 17.5 6.8 8.9 15.5 44.2 5.8 17.6 24 24.5 12 78.4 NA 65.3 96.7 32.7 51.5 5
19761221 97.9 84.1 23.6 29.1 11.3 12.2 17.8 6.2 7.6 16.6 47.9 5.4 20.3 25 24.9 12 85.3 NA 62.1 98.3 33.8 53.7 5
19761222 98.9 87.1 25.1 33.8 9.8 13.2 17.5 5.7 6.3 17.9 50.3 5.4 21.6 25.7 25.1 12.5 92.6 NA 58 98.3 34.2 55.7 5
19761223 99.9 89.8 25.8 37.5 8.6 14.5 17.7 5 5 19 54 5 24.3 26.8 25.5 12.5 99.6 NA 54.7 99.9 35.3 57.9 5
19761224 99.9 90.7 32.5 41.4 12.9 14.7 18.2 6.3 6 20.6 58.1 9.1 26.9 25.3 26.7 13.6 98.5 NA 58.1 99.9 42.3 58.1 6.1
19761225 99.9 90.6 41.1 46.1 17.9 14.9 18.2 7.4 6.7 21.3 60.6 14.7 28.6 24 28 14.9 98.5 NA 62.7 99.9 52.3 58.9 7.5
19761226 99.9 91.5 47.8 50 22.2 15 18.6 8.7 7.7 22.9 64.7 18.8 31.2 22.6 29.2 16 97.4 NA 66.1 99.9 59.4 59.2 8.7
19761227 99.9 92.4 57 53.5 27.3 15.3 18.7 10.6 9.1 24.3 66.7 24.7 35.2 21.1 30 17.5 97.3 NA 70.5 99.9 69.5 60 10.1
19761228 99.9 93.3 63.6 57.4 31.6 15.5 19.2 11.9 10.1 26 70.7 28.8 37.9 19.6 31.2 18.6 96.3 NA 73.9 99.9 76.5 60.2 11.2
19761229 100 93.1 72.3 62.1 36.6 15.7 19.2 13 10.8 26.6 73.2 34.4 39.5 18.3 32.5 19.9 96.3 NA 78.5 99.9 86.5 61.1 12.6
19761230 100 94 79 66 40.9 15.8 19.6 14.3 11.8 28.3 77.3 38.5 42.2 16.8 33.7 21 95.2 NA 81.9 99.9 93.5 61.3 13.8
19761231 99.8 94.1 80.8 69.8 41.6 15.3 23.4 18 13.9 26.9 77.5 37 49 22.5 34.8 21.6 96.1 NA 83.1 99.9 93.5 60.9 14.1
19770101 99.6 95.6 82.6 73.9 44.1 15.5 29.1 20.9 16.2 26.6 79.9 35.4 53.3 25.7 35.1 22 96.1 NA 86.2 99.9 96.7 62 13.9
19770102 99.4 95.7 84.4 77.7 44.9 15 32.9 24.6 18.3 25.2 80.1 33.9 60.2 31.3 36.2 22.6 96.9 NA 87.4 99.9 96.7 61.5 14.3
19770103 99.3 96.7 89.6 82.8 46.4 15 38.9 28.1 20.9 24.1 82.4 34 63.9 35.4 36.9 22.9 96.7 NA 89.8 99.9 96.8 62.3 14.4
19770104 99.1 96.8 91.4 86.6 47.2 14.4 42.6 31.7 22.9 22.6 82.6 32.5 70.7 41.1 38 23.5 97.6 NA 91 99.9 96.8 61.9 14.7
19770105 98.9 98.3 93.2 90.8 49.7 14.7 48.4 34.7 25.3 22.4 84.9 30.9 75 44.3 38.4 23.9 97.6 NA 94.1 100 99.9 63 14.5
19770106 98.7 98.3 95 94.6 50.4 14.1 52.1 38.3 27.4 21 85.1 29.4 81.9 49.9 39.5 24.5 98.5 NA 95.3 100 99.9 62.6 14.9
19770107 98.9 97.8 95 94.6 51.8 15.1 53.6 41 27.4 25.6 87.5 28.8 80.2 57.3 45.6 26 98.6 NA 95.3 100 99.9 66.4 14.5
19770108 99.1 97.2 94.9 94.6 54.1 15.6 53.6 43.5 27.8 30 89.1 27.5 78.8 64.7 51.7 27.3 98.7 NA 93.8 100 99.9 69.1 14.1
19770109 99.3 96.6 95.4 96.1 55.6 16.8 55.7 46.8 28.4 34.6 91.5 28.3 79.5 73.2 59 29.8 98.8 NA 94.6 100 100 72.9 14.7
19770110 99.5 95.8 95.2 95.8 56.3 17.4 55.6 49.3 28.4 38.2 93.8 27 77.6 80.5 64.7 31 98.9 NA 94.3 100 97.4 74.9 14.3
19770111 99.7 95.2 95.1 95.8 58.6 18.1 56.5 51.9 28.7 42.7 95.4 26.4 76.1 87.8 71 32.6 99 NA 92.8 100 97.4 78.8 13.9
19770112 100 94.6 95.1 95.8 60 18.9 57.1 54.4 28.8 47.3 97.8 25.1 74.5 95.2 77 33.9 99.1 NA 92.8 100 97.4 81.4 13.5
19770113 100 95.2 95.1 95.8 57.8 24.5 58.5 57.2 32.3 51.2 97.6 25.9 77 95.2 78.9 35.8 99.2 NA 92.8 100 97.4 82.5 14.4
19770114 99.9 95.5 95.2 95.8 55.5 29.9 59.6 60.4 35.3 54.3 97.4 26.4 78.6 92.9 81 39.3 99.3 NA 91.9 100 97.4 83.7 14.6
19770115 99.9 96.1 95.2 95.8 53.2 35.6 61.1 63.2 38.7 58.2 97.2 27.2 81.1 92.9 82.9 41.3 99.5 NA 91.9 100 97.4 84.8 15.5
19770116 99.9 97.1 95 95.5 51.8 44.4 61.8 66.2 44 64.1 96.9 29.1 83.7 91.1 84.6 44.4 99.5 NA 91.2 100 100 86.5 16.6
19770117 99.9 97.7 95 95.5 49.6 50 63.3 69 47.4 68 96.7 29.9 86.2 91.1 86.6 46.3 99.7 NA 91.2 100 100 87.6 17.5
19770118 99.9 98 95.1 95.5 47.2 55.4 64.4 72.1 50.5 71.1 96.5 30.5 87.8 88.8 88.6 49.8 99.7 NA 90.3 100 100 88.7 17.6
19770119 99.9 98.6 95.1 95.5 45 61.1 65.8 74.9 53.9 75 96.4 31.2 90.3 88.8 90.6 51.8 99.9 NA 90.3 100 100 89.9 18.5
19770120 99.9 98.6 95.1 95.5 47 59.6 69.8 75.1 54.1 75.2 96.5 30.8 90.6 87.1 91.1 54.4 99.8 NA 90.4 100 100 90.7 19.1
19770121 99.9 98.9 95.1 95.5 48.7 58.1 72.4 75.3 54.6 75.8 96.8 30.5 92.4 87.4 91.7 56.4 99.8 NA 89.9 100 100 91 21
19770122 99.9 98.9 95.1 95.5 50.8 56.6 76.4 75.4 54.9 76 97 30.1 92.6 85.7 92.2 59 99.7 NA 90.1 100 100 91.9 21.6
19770123 99.9 99.1 99.6 100 52.4 52.9 79.8 75 55.2 76.4 97.3 30.6 93.5 85.2 94.5 62.8 99.7 NA 90.9 100 100 93.1 22.4
19770124 99.9 99.1 99.6 100 54.4 51.4 83.8 75.2 55.5 76.6 97.4 30.2 93.7 83.5 95 65.4 99.6 NA 91.1 100 100 93.9 23
19770125 99.9 99.3 99.6 100 56.1 49.9 86.4 75.4 56 77.2 97.7 29.8 95.5 83.8 95.6 67.5 99.6 NA 90.6 100 100 94.2 24.9
19770126 99.9 99.3 99.6 100 58.2 48.4 90.4 75.5 56.2 77.4 97.9 29.5 95.8 82.1 96.1 70.1 99.5 NA 90.7 100 100 95.1 25.5
19770127 99.9 99.3 99.6 100 59.7 53.1 90.7 75.6 56.2 75.3 97.9 27.9 95.8 83.9 94.5 69.6 99.5 NA 92.1 100 100 95.4 24.8
19770128 100 98.8 99.6 100 59 55.4 90.5 76.3 58.1 75.3 98.2 25.5 94.1 84.4 94.4 71.4 99.5 NA 92.1 100 100 95.5 24.4
19770129 100 98.7 99.6 100 60.6 60.1 90.8 76.3 58.1 73.2 98.2 23.9 94.1 86.2 92.8 71 99.5 NA 93.5 100 100 95.8 23.8
19770130 100 97.8 98 100 59.7 62.9 90.9 76 58.7 72.9 98.9 21.4 94 87.7 91.2 70.8 99.5 NA 94.8 99.9 100 96.2 23.1
19770131 100 97.8 98 100 61.3 67.6 91.2 76 58.6 70.8 99 19.8 94 89.5 89.6 70.4 99.5 NA 96.2 99.9 100 96.5 22.5
19770201 100 97.2 98 100 60.6 69.9 91 76.7 60.6 70.8 99.2 17.4 92.3 90 89.5 72.2 99.5 NA 96.2 99.9 100 96.6 22
19770202 100 97.2 98 100 62.2 74.6 91.3 76.7 60.6 68.7 99.3 15.8 92.3 91.8 87.9 71.7 99.5 NA 97.6 99.9 100 96.9 21.4
19770203 100 97.2 98 100 65.4 76.5 91.6 78 63.2 72.2 99.3 16.3 92.8 91.8 88.8 75.1 99.3 NA 97.6 99.9 100 96.9 22.5
19770204 100 97.8 98 100 70.3 78.8 92.6 81.6 67.2 76.4 99.3 15.9 94.2 93.2 88.8 76.9 99.1 NA 97.6 99.9 100 97.7 24.8
19770205 100 97.8 98 100 73.5 80.7 92.9 82.8 69.7 79.8 99.3 16.4 94.7 93.2 89.7 80.2 98.9 NA 97.6 100 100 97.7 25.9
19770206 100 98.3 99.9 100 76.9 84.2 94.5 85 75.4 86.7 100 17 95.8 91.6 89.2 83.1 98.7 NA 97.5 100 100 99 28.5
19770207 100 98.3 99.9 100 80.1 86.1 94.7 86.2 78 90.1 100 17.5 96.3 91.6 90 86.4 98.5 NA 97.5 100 100 99 29.6
19770208 100 98.8 99.9 100 85.1 88.4 95.8 89.8 82 94.3 100 17.1 97.7 93 90.1 88.2 98.4 NA 97.5 100 100 99.8 32
19770209 100 98.9 99.9 100 88.3 90.3 96 91 84.6 97.7 100 17.5 98.2 93 90.9 91.6 98.2 NA 97.5 100 100 99.8 33
19770210 100 98.9 99.9 100 88.8 91.2 95.2 87.6 81 94.8 100 18.5 98.2 93 91.7 92.5 98.3 NA 95 100 100 99.5 33.6
19770211 100 98.9 99.9 100 88.7 92 95.1 84.6 76.1 91.3 100 20.3 98.2 93.1 91.7 92.5 98.4 NA 94.9 100 100 99 34.4
19770212 100 98.9 99.9 100 89.2 92.8 94.3 81.1 72.5 88.3 100 21.4 98.2 93.1 92.4 93.4 98.6 NA 92.4 100 100 98.6 35
19770213 100 98.4 97 100 86.2 91.7 90.9 76.2 67.3 81.9 99.7 24 98.6 96.3 94.6 93.8 98.7 NA 90.2 100 100 96.7 35.9
19770214 100 98.4 97 100 86.7 92.5 90.1 72.7 63.7 78.9 99.7 25 98.6 96.3 95.3 94.7 98.9 NA 87.7 100 100 96.4 36.6
19770215 100 98.4 97 100 86.6 93.3 90 69.8 58.8 75.5 99.7 26.8 98.6 96.4 95.3 94.7 99 NA 87.6 100 100 95.8 37.3
19770216 100 98.4 97 100 87.1 94.1 89.2 66.3 55.2 72.5 99.7 27.8 98.6 96.4 96.1 95.7 99.1 NA 85.1 100 100 95.5 37.9
19770217 100 98.1 97 100 86.9 94 88.8 65.8 57.3 73 99.7 30.2 96.2 96.4 96.1 95.7 98.4 NA 87.6 100 100 95.5 38.6
19770218 100 98 97 100 86.6 94 87.9 65 59.8 74.6 99.7 32.1 94.6 96.4 96.1 95.6 97.9 NA 88.1 100 100 95.6 38.8
19770219 100 97.7 97 100 86.5 93.8 87.5 64.6 61.9 75.1 99.7 34.4 92.1 96.4 96.1 95.6 97.2 NA 90.5 100 100 95.6 39.5
19770220 100 96.9 97.7 100 88.2 94.8 89.6 62.7 62.4 74.8 99.7 35.5 90.4 96.1 96 95.1 96.4 NA 92.5 100 100 96.6 39.6
19770221 100 96.7 97.7 100 88 94.6 89.2 62.2 64.4 75.3 99.7 37.9 87.9 96.1 96 95.1 95.7 NA 94.9 100 100 96.6 40.3
19770222 100 96.5 97.7 100 87.7 94.6 88.4 61.4 67 76.8 99.7 39.8 86.3 96.1 96 95 95.2 NA 95.5 100 100 96.7 40.5
19770223 100 96.2 97.7 100 87.5 94.5 88 60.9 69 77.4 99.7 42.1 83.9 96.1 96 95 94.5 NA 97.9 100 100 96.7 41.1
19770224 100 94.9 97.4 100 86.5 94.7 89.1 60.4 67.6 77.1 99.1 38.3 86.3 96 95.9 94.5 94.2 NA 97.8 100 100 96.6 37.6
19770225 99.9 93.1 97.2 100 86.1 94.8 88.7 58.4 67.1 77.4 98.4 35.3 88.3 93.8 95.4 94.1 93.9 NA 96.8 100 100 95.8 34
19770226 99.9 91.8 97 100 85.1 95 89.7 57.8 65.6 77.1 97.7 31.5 90.7 93.6 95.4 93.6 93.6 NA 96.7 100 100 95.6 30.5
19770227 99.9 89.1 93.1 100 82.8 95.3 89.9 59.6 67.3 77.2 97.3 28.6 93.2 91.3 96.2 93.3 93.3 NA 96.6 100 100 94.9 26.5
19770228 99.9 87.8 92.9 100 81.8 95.5 91 59 65.8 77 96.7 24.7 95.6 91.2 96.2 92.8 93 NA 96.5 100 100 94.7 23
19770301 99.8 85.9 92.7 100 81.4 95.6 90.6 57 65.4 77.2 96 21.8 97.6 89 95.7 92.4 92.7 NA 95.4 100 100 93.9 19.4
19770302 99.8 84.7 92.4 100 80.4 95.9 91.6 56.5 63.9 77 95.3 17.9 100 88.9 95.7 91.9 92.4 NA 95.3 100 100 93.8 15.9
19770303 99.8 81.3 89.4 100 78.7 95.9 85.9 50.2 60.4 74.8 96 15.9 100 82.7 91.9 90.2 90.4 NA 90.6 100 100 94.2 14.7
19770304 99.9 77.3 84.9 100 79.2 95.9 80.2 48.1 59.8 74.4 96.6 14 100 77 88.1 89 89.1 NA 86.8 100 100 95.1 13.8
19770305 99.9 73.9 81.8 100 77.6 95.9 74.5 41.9 56.3 72.2 97.2 12 100 70.8 84.4 87.3 87.1 NA 82.1 100 100 95.5 12.6
19770306 99.9 66.7 76.8 95 78.9 96 66.3 36.1 51.9 71.6 97.9 11 100 62.4 80.2 84.8 85.1 NA 76.3 99.4 99.9 95.9 11.6
19770307 99.9 63.3 73.7 95 77.3 96 60.6 29.9 48.4 69.4 98.5 9 100 56.2 76.5 83.1 83.1 NA 71.6 99.4 99.9 96.3 10.4
19770308 100 59.3 69.3 95 77.8 96.1 54.8 27.8 47.8 68.9 99.1 7 100 50.5 72.7 81.9 81.7 NA 67.8 99.4 99.9 97.2 9.5
19770309 100 55.9 66.2 95 76.2 96.1 49.1 21.6 44.3 66.8 99.8 5 100 44.3 68.9 80.2 79.7 NA 63.1 99.4 99.9 97.6 8.3
19770310 99.9 50.7 65.6 95 74.9 96 46.1 20.3 43.7 61.9 97.9 5 99.1 49.6 70.8 80.4 75.9 NA 61.3 99.3 99.9 94.1 8.6
19770311 99.8 47.2 65.2 95 74.7 96 44.6 19.4 43.7 57.4 97.7 5 98.6 54.3 73.2 79.5 75 NA 59.9 99.2 99.9 91.3 8.8
19770312 99.6 42 64.6 95 73.4 95.9 41.6 18 43.2 52.5 95.8 5 97.7 59.6 75.1 79.7 71.1 NA 58.1 99.1 99.9 87.7 9.1
19770313 99.5 37.5 62.3 100 72.5 95.3 38.9 16.9 42.9 48.5 95.6 5 95.4 68 77.9 78.4 69.8 NA 56.4 99.6 100 83.4 9.1
19770314 99.4 32.3 61.8 100 71.2 95.2 35.9 15.6 42.3 43.6 93.7 5 94.5 73.3 79.8 78.5 66 NA 54.6 99.5 99.9 79.9 9.4
19770315 99.3 28.8 61.4 100 71 95.2 34.4 14.7 42.4 39.1 93.5 5 94 78 82.2 77.7 65.1 NA 53.1 99.4 99.9 77.1 9.5
19770316 99.1 23.6 60.8 100 69.7 95.2 31.3 13.4 41.8 34.2 91.6 5 93.1 83.3 84.1 77.8 61.3 NA 51.4 99.3 99.9 73.5 9.8
19770317 99.1 22.5 58.9 93.7 67.4 93.2 35.9 13.6 39.2 35.3 89.7 5 89.5 79.3 82.4 78.6 53.3 NA 48 99.2 99.8 74.8 10.3
19770318 99 22.4 56.8 89.5 63.8 90.1 41.6 13.5 36.3 35.1 87.8 5 86.1 78.8 81.6 80.5 46.3 NA 46.8 99.2 99.7 76.7 11.1
19770319 99 21.3 54.8 83.3 61.5 88.2 46.1 13.8 33.8 36.2 85.9 5 82.5 74.8 79.9 81.2 38.4 NA 43.5 99.2 99.6 78 11.6
19770320 98.9 19.9 52.5 77 60.5 86.3 52.3 13.6 30.7 36.9 83.1 5 79.3 74.8 80.2 84.4 27.9 NA 41.2 99.1 99.4 80.4 11.7
19770321 98.9 18.8 50.6 70.7 58.2 84.4 56.8 13.8 28.1 38 81.2 5 75.7 70.8 78.5 85.2 19.9 NA 37.9 99.1 99.3 81.7 12.2
19770322 98.8 18.7 48.5 66.5 54.6 81.3 62.6 13.7 25.3 37.7 79.3 5 72.4 70.2 77.7 87 12.9 NA 36.7 99 99.2 83.6 13
19770323 98.8 17.6 46.5 60.2 52.3 79.3 67.1 14 22.7 38.9 77.3 5 68.8 66.2 76.1 87.8 5 NA 33.4 99 99.1 84.9 13.4
19770324 98.8 16.3 44.4 60.7 47.4 79.1 64.1 12.3 20.7 39.3 80 5 68.6 65.5 72.5 83.8 5 NA 32.8 99.1 98 83.1 13.2
19770325 98.9 13.4 43.7 62.1 42.8 76 60.5 11.5 20.2 42.3 82.4 5 69 68.6 70.8 80.6 5 NA 33.4 99.3 97.3 80.6 13.3
19770326 99 12.1 41.6 62.6 37.8 75.8 57.6 9.9 18.2 42.7 85.1 5 68.7 67.8 67.3 76.6 5 NA 32.8 99.4 96.3 78.8 13.1
19770327 99.1 10.4 40.7 63.8 32.3 75.5 54.1 9.1 17.8 43.9 88.2 5 67.2 67.4 64.2 72 5 NA 34.8 99.6 95.2 77 12.9
19770328 99.2 9.2 38.6 64.2 27.4 75.2 51.2 7.4 15.7 44.4 90.9 5 67 66.6 60.7 68 5 NA 34.2 99.7 94.2 75.2 12.6
19770329 99.2 6.2 37.8 65.7 22.8 72.2 47.6 6.6 15.3 47.4 93.2 5 67.4 69.7 59 64.8 5 NA 34.9 99.8 93.5 72.7 12.7
19770330 99.3 5 35.7 66.1 17.9 71.9 44.6 5 13.2 47.8 95.9 5 67.2 68.9 55.5 60.8 5 NA 34.3 100 92.5 70.9 12.5
19770331 97.8 5 32 61.9 16.4 66.5 39.3 5.2 12.7 47.6 86.9 5 65.3 60.9 52.1 58.1 5 NA 34.4 99.9 92.9 67.6 11.5
19770401 96.2 5 27.7 54.1 14.8 63 33.4 5.4 12.2 47.6 78.5 5 64.7 53 47.8 54.4 5 NA 30.8 99.8 93.2 64.6 10.5
19770402 94.7 5 23.9 49.8 13.4 57.6 28.1 5.6 11.6 47.3 69.5 5 62.8 45 44.4 51.8 5 NA 31 99.7 93.6 61.4 9.5
19770403 93.1 5 19.7 44.3 12.5 51.6 21.6 5.9 11.3 46.7 59.8 5 62.6 40.2 40.3 48.6 5 NA 29.4 99.6 94 56.9 8
19770404 91.6 5 15.9 40 11 46.1 16.3 6.1 10.8 46.5 50.8 5 60.8 32.2 36.9 45.9 5 NA 29.5 99.6 94.5 53.6 7
19770405 90 5 11.6 32.3 9.5 42.6 10.3 6.3 10.3 46.5 42.4 5 60.1 24.3 32.6 42.2 5 NA 26 99.5 94.7 50.6 6.1
19770406 88.5 5 7.8 28 8 37.2 5 6.5 9.7 46.3 33.4 5 58.3 16.3 29.2 39.5 5 NA 26.1 99.4 95.2 47.3 5.1
19770407 83.6 5 7.7 27.8 7.8 36.9 5 6.3 9.1 40 37.2 5 55.5 16.2 27.7 39 5 NA 22.2 99.5 93.6 46.4 5.1
19770408 76.3 5 7 26.9 7.5 36.3 5 6.1 8.5 35.1 38.7 5 54.3 16.1 26.4 38.7 5 NA 20.3 99.6 92.7 45.8 5
19770409 71.4 5 6.9 26.6 7.2 36.1 5 5.9 7.8 28.8 42.6 5 51.6 16 24.9 38.2 5 NA 16.5 99.6 91.1 44.9 5
19770410 64.1 5 6.1 25.7 6.9 35.6 5 5.6 6.9 25.1 44.4 5 48.1 15.7 23.8 36.9 5 NA 14.6 99.7 89.5 43.9 5
19770411 59.3 5 6 25.5 6.7 35.4 5 5.4 6.3 18.8 48.3 5 45.3 15.6 22.2 36.4 5 NA 10.7 99.8 87.9 43 5
19770412 51.9 5 5.3 24.6 6.4 34.8 5 5.2 5.7 13.9 49.8 5 44.1 15.5 21 36.1 5 NA 8.8 99.9 87.1 42.4 5
19770413 47.1 5 5.2 24.3 6.1 34.5 5 5 5 7.6 53.6 5 41.4 15.4 19.5 35.5 5 NA 5 100 85.5 41.5 5
19770414 46.7 5 5.2 23.2 5.9 35.2 5 5 5 7.4 48.7 5 40.1 15.4 18.5 35.1 5 NA 5 96.4 84.1 40.3 5
19770415 44.6 5 5.2 22.5 5.8 36.1 5 5 5 6.9 40.4 5 37.9 15.3 17.7 34.4 5 NA 5 93.6 83.3 39.2 5
19770416 44.2 5 5.2 21.4 5.6 36.7 5 5 5 6.7 35.5 5 36.7 15.3 16.7 33.9 5 NA 5 89.9 82 38.1 5
19770417 40.3 5 5.2 19.6 5.5 36.9 5 5 5 6.3 27.5 5 34.9 15.7 15.9 33.4 5 NA 5 82.7 77.8 36 5
19770418 39.9 5 5.2 18.5 5.3 37.6 5 5 5 6 22.6 5 33.7 15.7 14.9 32.9 5 NA 5 79.1 76.4 34.9 5
19770419 37.8 5 5.2 17.8 5.2 38.4 5 5 5 5.6 14.3 5 31.5 15.5 14.2 32.2 5 NA 5 76.3 75.6 33.8 5
19770420 37.5 5 5.1 16.6 5 39.1 5 5 5 5.3 9.4 5 30.2 15.5 13.2 31.7 5 NA 5 72.6 74.3 32.6 5
19770421 33.9 5 5.1 15.4 5 38.5 5 5 5 5.3 9.4 5 27.3 15.1 12.4 28.9 5 NA 5 61.3 64.4 29.8 5
19770422 27.6 5 5.1 14.9 5 36.8 5 5 5 5.3 9.4 5 23.9 15.3 11.6 25.5 5 NA 5 54.1 57.3 27.2 5
19770423 24.1 5 5.1 13.7 5 36.1 5.1 5 5 5.3 9.4 5 21 14.9 10.7 22.7 5 NA 5 42.7 47.3 24.4 5
19770424 18.4 5 5.1 12.8 5 35.3 5.1 5 5 5 5 5 17.6 14.4 10 19.4 5 NA 5 34.9 40.4 21.7 5
19770425 14.8 5 5 11.6 5 34.7 5.1 5 5 5 5 5 14.7 14 9.1 16.6 5 NA 5 23.6 30.5 18.8 5
19770426 8.5 5 5 11 5 33 5.1 5 5 5 5 5 11.3 14.2 8.3 13.3 5 NA 5 16.4 23.4 16.3 5
19770427 5 5 5 9.8 5 32.3 5.1 5 5 5 5 5 8.4 13.9 7.5 10.4 5 NA 5 5 13.5 13.4 5
19770428 5 5 5 9.4 5 29.7 5.1 5 5 5 5 5 8.2 12.6 7.3 9.5 5 NA 5 5 11.9 12.1 5
19770429 5 5 5 8.9 5 27.3 5.1 5 5 5 5 5 7.3 11.3 7.2 9.3 5 NA 5 5 11.2 11.1 5
19770430 5 5 5 8.4 5 24.6 5.1 5 5 5 5 5 7.2 10 7 8.3 5 NA 5 5 9.6 9.7 5
19770501 5 5 5 8.3 5 21.3 5.1 5 5 5 5 5 6.2 9.4 6.8 7.6 5 NA 5 5 8.8 8.7 5
19770502 5 5 5 7.9 5 18.7 5 5 5 5 5 5 6.1 8.1 6.6 6.6 5 NA 5 5 7.3 7.4 5
19770503 5 5 5 7.4 5 16.2 5 5 5 5 5 5 5.1 6.8 6.5 6.4 5 NA 5 5 6.5 6.4 5
19770504 5 5 5 6.9 5 13.6 5 5 5 5 5 5 5 5.5 6.3 5.5 5 NA 5 5 5 5 5
