19831220 65.3 14 5 5 5.7 5 5 5 5 5.3 5.2 5 5 20.6 21.9 5.7 70.2 NA 45.2 91.8 9.9 31.8 5
19831221 71.6 22.9 5.3 7 6.1 5 5.2 5 5 5.3 7.8 5.1 5.2 21.2 22 6.6 75.6 NA 49.9 92.5 12.5 34.2 5
19831222 71.6 30.6 6 11 6.3 5 5.3 5 5 5.3 9.4 5.1 5.3 20.5 21.7 7.3 75.7 NA 53.1 93.1 17.9 36.1 5
19831223 77.8 38.5 6.6 15 6.6 5 5.4 5 5 5.2 11.1 5.2 5.5 20.9 21.8 7.8 81 NA 56.2 94.1 23 37.9 5.1
19831224 84.1 49.2 7.3 19 6.9 5 5.5 5 5 5.2 12.8 5.2 5.6 21.3 21.2 8.3 86.4 NA 59.6 93.6 28.2 41.2 5.1
19831225 88.1 56.1 7.3 19 7.4 5 5.7 5 5 5.2 16.1 5.3 5.7 20 21.5 9 86.4 NA 65.3 94 28.4 43 5.1
19831226 92.3 64 7.9 23.1 7.6 5 5.8 5 5 5.1 17.8 5.3 5.9 20.3 21.1 9.5 91.8 NA 68.4 95 33.7 44.9 5.1
19831227 95.4 71.5 8.6 27.1 7.9 5 5.9 5 5 5.1 19.4 5.4 6 20.5 20.9 10.1 94.5 NA 71.8 95.6 38.8 46.9 5.1
19831228 95.9 75.8 22.7 35.7 8 6.5 7.6 5 5 5.9 21.7 5.3 11.5 20.5 21.1 11.3 94.5 NA 71.8 95.7 46.1 51.5 5.1
19831229 96.3 78.1 32.1 41.6 8.1 6.5 8.7 5 5 8.4 24.3 5.3 15.2 20.5 21.3 12.9 94.5 NA 72 95.7 49 54.5 5.1
19831230 97 81.2 42.1 51.2 8.1 9.6 9.8 5 5 8.5 25.2 5.2 19 22.3 21.7 13.8 94.5 NA 71.4 95.8 54.6 57.6 5.1
19831231 98.2 88.8 60.3 59.7 8.5 9.6 12.1 5 5 10.1 29.7 5.2 26.2 22.3 22.4 15.7 94.5 NA 72.9 96.2 60.5 61.4 5.1
19840101 98.5 91.9 70.3 69.2 8.5 9.6 13.2 5 5 12 30.6 5.1 29.8 22.3 22.5 17.5 94.5 NA 73 96.3 66.1 64.4 5
19840102 99.2 94.2 79.7 75.3 8.6 12.6 14.4 5 5 13.6 33.2 5.1 33.6 23.2 22.8 18.2 94.5 NA 73.3 96.3 68.9 67.5 5
19840103 99.6 98.1 93.8 84 8.7 12.6 16.1 5 5 13.7 34.6 5 39 23.2 23 19.8 94.5 NA 72.8 96.3 74.4 70.8 5
19840104 99.6 98.1 93 78.9 8.5 12.7 14.4 5 5 13.9 36.8 5 39.5 20.8 21.1 17.6 94.6 NA 73.7 96.3 76.9 69.2 5
19840105 99.6 97.9 92.9 79.8 8.3 9.6 13.2 5 5 12.6 36.9 5 39.7 19.1 19.9 16.6 94.6 NA 74.2 96.3 79.6 67.4 5
19840106 99.6 97.9 92.4 76.3 8.1 9.7 12 5 5 11.3 38.8 5 40 17.4 18.6 14.4 94.8 NA 74.1 96.3 84.2 66 5
19840107 100 96.7 91.2 73 7.9 9.7 9.7 5 5 10.1 38.8 5 40.9 14.2 16.2 11.7 99.7 NA 74.6 99.6 86.8 65.1 5
19840108 100 96.7 91.2 73.5 7.7 6.7 8.6 5 5 10.5 41.5 5 41.2 12.5 15 10.8 99.9 NA 75.9 99.6 89.3 63.3 5
19840109 100 96.5 90.6 70.4 7.6 6.7 7.5 5 5 8.3 41.7 5 41.4 10.9 13.7 8.8 99.9 NA 76.4 99.6 92 61.7 5
19840110 100 96.5 90.4 68.9 7.3 5.2 5.7 5 5 7.9 42.6 5 41.8 8.4 11.9 7 100 NA 76.6 99.6 95.6 59 5
19840111 100 96.5 90.9 72.4 11.9 8.7 15.8 5.1 6.1 10.1 49.6 9.6 48.6 21.2 17.5 9.4 100 NA 79.8 99.6 95.6 61.2 9.9
19840112 100 96.9 91.4 75.9 14.9 11 22.5 5.2 6.8 12 55 12.6 53.1 29.8 21.3 12.5 100 NA 82.3 99.6 94.5 62.6 13.2
19840113 100 96.9 91.9 79.5 18 13.3 29.2 5.2 7.6 13.5 60.7 15.7 57.7 38.3 25 15.6 100 NA 84.4 99.6 94.5 64.1 16.5
19840114 100 98.1 93.2 83.1 21 15.6 36 5.3 8.3 14.9 65.5 18.7 62.6 46.9 28.9 18.8 100 NA 87.7 100 97.8 66.3 19.8
19840115 99.8 98.1 93.7 86.7 24.1 17.9 42.7 5.3 9 16.8 70.3 21.8 67.1 55.4 32.6 21.6 100 NA 89.9 100 97.8 67.7 23.1
19840116 99.8 98.5 94.2 90.2 27.2 20.2 49.7 5.4 9.7 18.2 77.4 24.8 71.6 64.7 36.6 23.5 100 NA 92.4 100 95.6 69.2 26.4
19840117 99.8 98.5 94.7 93.7 30.3 22.5 56.4 5.5 10.5 19.7 82.7 27.8 76.2 73.2 40.3 26.6 100 NA 94.5 100 95.6 70.7 29.6
19840118 99.8 98.5 95 95.5 34.8 26 66.4 5.5 11.6 22.1 88.8 31 82.9 85.7 45.9 30 100 NA 97.7 100 95.6 72.8 34
19840119 99.8 95.7 92.7 93.5 32.9 24.5 62.3 6.9 11.2 19.5 86.1 27.8 77.3 78.4 41.4 27.9 100 NA 89.4 100 95.6 70.5 29.8
19840120 99.8 93.9 91.2 92.1 32 23.5 58.2 8.8 11.5 17.8 84.5 21.9 73.5 73.6 37.9 27.1 100 NA 84.1 100 97.8 68.9 25.5
19840121 100 90.3 88.2 89.4 29.3 21.6 54.2 9.6 10.6 14.3 81.8 18.7 67.6 64.7 32.4 24.5 100 NA 73.6 100 97.8 65.9 20.4
19840122 100 88.4 86.7 88.1 28.3 20.6 50.8 11.5 10.8 12.6 80.3 12.8 63.8 59.8 29.7 23.2 100 NA 68.3 100 97.8 64.2 16.1
19840123 100 84.8 83.7 85.4 25.6 18.7 46.9 12.4 9.9 9 76.4 9.6 56.4 50.9 24.2 20.9 100 NA 57.7 100 98.7 61.1 10.9
19840124 100 82 81.4 83.4 23.7 17.3 41.8 14.2 9.8 6.4 73.9 5 50.8 44 19.7 18.4 100 NA 49.8 100 98.9 58.8 6.1
19840125 99.6 82.9 83.7 85.4 28 23.5 43.4 14.5 10.1 6.8 74.1 5.6 54.1 45.8 22.1 21.4 100 NA 56.1 100 98.9 64 7
19840126 99.2 83.9 84.7 86.7 31.7 27.8 46.5 14.7 10.3 7.5 74.2 5.6 56.3 47.2 23.8 23.8 100 NA 60.3 100 98.9 67.5 7.5
19840127 99.2 85.7 86.2 88.1 35.3 32 48.1 14.9 10.5 8.2 73.8 6.8 57.6 47.9 25.3 25.9 100 NA 64.5 100 98.9 71.1 8.2
19840128 98.4 87.3 87.7 89.4 38.7 36.3 52.1 15.1 10.6 8.2 73.7 6.8 59.8 49.4 27.4 27.7 100 NA 69.3 100 99.6 74.7 8.7
19840129 98.4 89.1 89.2 90.8 42.2 40.5 53 15.3 10.8 8.9 73.8 7.9 62 50.7 28.7 29.6 100 NA 73.5 100 99.3 77.9 9.4
19840130 97.6 89.8 89.7 92.6 44.9 44.7 53.5 15.6 11.2 9.6 74.3 7.9 64.6 52.2 30.4 32.3 100 NA 78 100 99.3 81.5 10.1
19840131 97.6 91.1 91.2 93.9 48.3 48.9 56.9 15.8 11.4 9.7 74.2 9.1 65.9 53.6 32.2 33.9 100 NA 82.2 100 99.3 85 10.8
19840201 96.7 92.9 93.4 95.7 53.2 55.2 58.1 16 11.6 10.3 74.1 9.1 68.1 55 34 36.7 100 NA 88.3 100 99.3 90 11.3
19840202 96.9 92.9 93.3 95.7 56.9 56.3 60.6 21.2 12.4 14.4 77.3 9.4 71.5 56.3 41.2 42.1 100 NA 89.3 100 99.3 90.4 12.6
19840203 96.9 93.3 93.3 95.7 58.6 55.4 63.5 25.1 13.5 17.7 79.7 10.1 74.8 57.1 46.3 45.6 100 NA 89 100 99.3 89.5 14
19840204 97.1 94.4 93.7 95.7 61 56.5 65.9 28.1 13.6 20.2 82.4 10.1 77.8 58 51.6 49.6 100 NA 90.9 100 99.3 89.6 15.2
19840205 96.4 92.4 93.1 95.7 64.6 57.5 67.9 35.2 15 25.1 84.8 10.7 83.9 56.7 59.6 54 100 NA 92 100 100 89.9 17.2
19840206 96.6 92.6 93.1 95.7 65.2 54.8 70.1 39.1 16.1 28.3 86.9 10.7 86.9 59.5 66.3 58.8 100 NA 90.2 100 100 87.5 18.6
19840207 96.7 93.1 93.2 95.7 67.7 55.9 72.6 42.2 16.2 30.9 90.2 11.4 90.2 60.3 71.8 62.3 100 NA 91.3 100 100 87.5 20
19840208 96.7 93.4 93.2 95.7 70 56.5 75.4 47.7 17.5 35.4 92.8 11.4 94.1 60.6 78.3 66.3 100 NA 92.8 100 100 88.2 21.4
19840209 95.9 88.9 89.5 95.7 67 51.7 71.4 42.3 15.3 31.5 89.8 11.4 91 55.5 72.3 62.2 99 NA 88.9 100 100 86 19.5
19840210 95.3 84.2 86.9 95.7 63.8 48.4 68.6 39.8 14.2 30.3 89 9.5 86.9 50.3 66.2 57.8 97.1 NA 84.3 100 98 83.7 17.4
19840211 94.4 80.4 84.3 95.7 61.1 44.3 64.6 35 12.1 26.2 86.1 9.5 84.4 41.4 58.3 52.5 96.2 NA 80.9 100 98 80.5 15.6
19840212 93.6 75.4 79.5 95.7 56.8 39 58.7 29 9.9 22.5 83.2 7.7 81.4 35.9 51.3 47.3 95.2 NA 75.6 100 98 78.3 12.9
19840213 93 70.8 76.9 95.7 54.1 34.8 56.8 26.8 8.8 21.3 83.2 7.7 75.3 30.7 44.4 42.5 94.3 NA 71.9 100 98 76.7 11
19840214 92.1 66.8 74.3 95.7 50.4 31 51.4 21.4 6.7 17.2 78.5 5.9 72.2 25.8 38.5 38.5 92.4 NA 67.5 100 96 72.8 9.1
19840215 91.4 63 70.9 95.7 46.6 25.8 48.5 17.5 5 14.8 77.9 5 70.1 18.5 31 32.7 91.4 NA 62.5 100 96 70.5 7.1
19840216 90.5 61.5 66.9 89.5 46.3 25.5 41.5 15.6 5 13.6 74.8 5 65.5 16.7 29.7 32.7 90.2 NA 61 100 96 67.8 6.9
19840217 90 58.3 64.4 84.6 45.2 24.9 36.4 13.7 5 12.4 71.5 5 60.5 15.5 25.8 30.1 87.7 NA 60 100 96.6 66.2 6.6
19840218 90.8 56.8 61.7 80.3 44.5 24.4 29.5 11.7 5 11.1 68.3 5 56.9 14.3 25.3 30.1 86.4 NA 58.5 100 96.6 65.5 6.4
19840219 88.9 53 56.4 71.8 45.1 22.9 22.3 9.8 5 9.9 66.7 5 51.9 11.9 23.8 29.8 84.7 NA 57 100 93.6 63.7 6.1
19840220 89.8 49.8 54 66.9 45 22.2 17.2 7.9 5 8.8 63.6 5 46.9 10.7 19.8 26.6 82.2 NA 55.9 100 93.6 60.6 5.9
19840221 87.9 48.2 51.2 62.6 43.9 22.2 10.2 6 5 7.5 60 5 42.8 9.5 18.5 26.6 80.9 NA 54.4 100 94.1 59.3 5.7
19840222 88.8 45.9 47.4 56.1 42.8 22.3 6.3 5 5 7 58.2 5 35.9 7.7 16.3 25.6 79.1 NA 53.1 100 94.1 57.6 5.3
19840223 88.7 52.5 52.8 59 39.9 21.4 8.7 5 5 8.1 59.4 6 36 14.6 20.6 25.5 79.3 NA 52.3 100 92.2 57.2 5.6
19840224 89.3 56.9 56.1 61.9 38.7 20.2 11 5 5 8.7 58.7 6.6 36 16.6 23 24.8 74.5 NA 50.6 100 90.9 55.4 5.7
19840225 89.3 61.3 59.7 63.7 35 19.1 14.3 5 5 9.5 59.3 7.3 36.2 26.2 28 24.5 74.2 NA 49.7 100 89 55.9 5.9
19840226 89.9 67.9 63.6 66.4 32.4 19.1 16.7 5 5 10.3 58.5 8 36.2 28.2 30.8 24.7 73.9 NA 48.8 100 88.9 55.1 6
19840227 89.9 73 69.6 71.1 29.5 18.1 18 5 5 10.9 58.9 9.3 36.3 30.3 32.6 23.9 73.3 NA 47.1 100 87.7 54.4 6.4
19840228 90.1 77.4 72.9 73 28.3 17.1 21.4 5 5 11.7 58.4 9.9 36.4 39.8 37.6 23.9 69.8 NA 46.2 100 85 54.9 6.5
19840229 90.4 83.6 77.2 75.5 24.8 15.9 23.6 5 5 12.3 58.4 10.6 36.5 41.9 40.1 23.1 68.9 NA 44.9 100 83.8 52.8 6.7
19840301 89.9 83.4 78.9 76.4 33.4 24.6 32.9 5 5 16.6 60.4 9.9 38.5 49.2 49 33.3 67.1 NA 53.6 99.7 85 58.1 6.6
19840302 91.9 83.1 80.2 78.5 38.6 29 37.9 5 5 19.5 61.3 9.3 42.1 56.6 55 40.3 65.1 NA 59.4 99.4 86.8 63.2 6.6
19840303 91.4 82.5 81.1 79.6 46.3 33.9 44.3 5 5 22.8 62 8 42.3 66.2 64 47.7 60.5 NA 65.3 99.4 90.5 68.1 6.2
19840304 90.9 79.6 82.6 80.4 54.7 39.4 51.5 5 5 25.9 63.2 7.3 45.8 72 73.6 56.6 58.5 NA 76.7 98.9 91.8 73.8 6.3
19840305 92.9 79.6 84.4 81.5 60 46.8 58.4 5 5 28.8 63.5 6.6 49.3 79.3 80.8 66.4 57 NA 82.5 98.8 93.4 78.9 6.3
19840306 92.4 79.3 85.6 83.6 66.8 52.5 63.6 5 5 31.9 64.9 6 49.5 87.8 87.7 73.5 55 NA 88.4 98.4 95.7 84 6.1
19840307 93.4 78.8 87 84.5 73.2 57.2 69.9 5 5 34.8 64.6 5 53.2 92.3 94.8 81.2 51.7 NA 97 98.3 97.8 88.6 6
19840308 94.2 80.2 87.3 83.8 72.2 57.5 70.8 5.9 5 33.2 68.2 5 60.6 92.6 94.2 79.2 58.4 NA 97 98.4 96.7 88.7 8.8
19840309 94.7 81.4 87.7 82.4 71.3 57.3 71.3 7.8 5 31.6 72 5 62.9 93 93.9 78 64.4 NA 97 98.8 94.5 88.9 10.5
19840310 95.4 82.1 87.7 81.8 71 57.2 73.5 9.7 5 31.3 75.8 5 69.2 93 93.7 77 69 NA 97 98.9 92.2 88.9 12.4
19840311 96 84.3 90.1 81.6 70.3 59.1 75 9.7 5 29.9 78 5 72.3 94 93.4 76.7 74.7 NA 97 99.4 92.7 90 14.1
19840312 96.5 85 88.3 78.5 69.2 58.9 75.3 11.6 5 28 80.8 5 78.3 94.2 93 73.5 79.2 NA 95 99.4 90.3 90 16
19840313 97.1 86.3 88.7 78.3 68.3 59 76 13.5 5 26.4 84.3 5 80.7 94.5 92.6 71.2 86.7 NA 95 99.7 88.2 90.4 17.7
19840314 97.6 87 88.9 76.9 67.3 58.8 77.4 13.5 5 25.5 88.1 5 86.9 94.8 92.3 71.4 91.2 NA 95 99.7 88 90.4 19.7
19840315 98.4 88 89.2 75.3 67 58.9 78 15.4 5 24.8 91.4 5 90.4 95 91.7 69.3 97.3 NA 95 100 85.7 90.3 21.5
19840316 92.1 81.4 85.4 73.9 59.3 52.9 68.5 13.5 5 22.4 83.6 5 83.8 95 91.1 68.7 88.3 NA 90.3 100 84.8 85.8 19.4
19840317 79.9 76.2 82.4 71.5 53.5 46.2 61.3 11.6 5 20.6 74.3 5 77.8 95 91 67.4 79.5 NA 87.1 100 85.5 82.6 17.5
19840318 73.7 67.7 76.9 66.9 48.7 34.8 53 11.6 5 18.4 68 5 67.9 95 89.8 65.8 72.8 NA 83.9 100 83 79.5 13.9
19840319 67.3 61.1 73.5 67.2 38.6 28.7 41 9.7 5 15.6 58.8 5 60.5 95 87.9 63.5 60.7 NA 77.6 100 82.9 73.7 11.7
19840320 55.1 55.8 70.4 64.8 33.5 22.3 33.9 7.8 5 13.8 49.4 5 54.5 95 86.7 61.4 52 NA 74.4 100 80.4 70.5 9.8
19840321 48.9 50.6 67.3 62.9 27.7 16 26.9 5.9 5 12 43.2 5 48.7 95 86.7 60.5 45.3 NA 71.3 100 82.6 67.4 7.9
19840322 39.6 42.1 62.1 59.8 20.3 7.1 16.6 5 5 9.4 33.8 5 40 95 85.3 58.7 35.3 NA 66.5 100 80.2 62.8 5
19840323 55.6 63.3 76.7 74.9 29.6 12.6 44.4 5 5 7.3 39 5 37.2 72.6 72.7 48.9 56 NA 74.8 100 88.1 71.7 5.2
19840324 74 79.9 88.9 88.2 37.4 17.9 69.4 5 5 5.1 45.2 5 34.4 52.7 57.8 34.3 78.7 NA 81.9 100 96 80.7 5.6
19840325 73.2 71.1 84.4 81.2 33.5 15.9 60.7 5 5 5.3 43.7 5 38 57.5 55.6 31.9 73.5 NA 78.6 99.7 93.1 78.7 5.7
19840326 73.1 68.2 82 75 31 14.8 55.5 5 5 5.6 42.4 5 44.4 59.9 52.6 28.9 65.5 NA 75.3 99 89.8 74.1 5.3
19840327 72.4 61.1 78.6 67.4 26.9 12.7 46 5 5 5.9 41 5 48.2 63.5 48.2 23.6 58.2 NA 69.4 98.6 85.8 71.5 5.3
19840328 71.9 54 74 59 23.3 10.8 36.9 5 5 6 39.6 5 54.3 68.1 46 20.8 48.9 NA 65 98 82.5 68.5 5.4
19840329 71.4 47.2 70.7 53.1 20 9.4 30.2 5 5 6.3 38.7 5 58.1 71.9 42.8 17.7 42.5 NA 62.3 97.6 79.5 65.8 5.2
19840330 71.2 48.3 64.4 53.5 20 8.7 28.8 5 5 6.2 39.1 5 53.1 71.2 42 17.8 36.6 NA 60.7 97.2 79.4 64.4 5.2
19840331 70 48.1 60.1 52.1 20 8.2 27.3 5 5 6.1 39.7 5 47.8 72.1 42.5 17.8 32.7 NA 58.1 96.4 78.4 62.8 5.2
19840401 69.9 49.6 54.7 52.2 20.1 7.7 24.3 5 5 5.8 40.6 5 42.1 71.9 41.7 17.9 27.3 NA 52.3 96 78.3 61.7 5.1
19840402 69.7 50.3 47.1 50.1 19.8 6.7 23.6 5 5 5.7 41.2 5 33.4 71.9 41.2 18 19.5 NA 52.1 95.5 77.8 58.7 5.1
19840403 69.5 50.8 40.2 47.3 19.8 6.2 22.2 5 5 5.7 42.2 5 28.4 73.5 41.2 18 15.5 NA 49.6 94.6 76.9 57 5.1
19840404 68.4 50.6 36.6 47.4 19.9 5.7 20.7 5 5 5.6 42.5 5 23.1 73.5 41.3 18.1 10.9 NA 47.2 94.2 76.8 56.1 5
19840405 68.2 51.6 29.2 46.2 19.9 5 18.5 5 5 5.4 43.5 5 17.7 73.4 40.7 18.1 5 NA 43.8 93.6 76.3 54.3 5
19840406 62.9 43.8 29 46.5 18 6.3 17.3 5 5 5.4 40.1 5 16.1 73.7 39.2 17.5 5 NA 40.2 86.7 72.4 48.8 5
19840407 56.6 33.4 26 41.6 15.8 7.8 15.5 5 5 5.4 35.6 5 12.4 71.6 35.9 16.3 5 NA 35.5 79.6 68.9 43 5
19840408 51.3 21.8 24.1 37.5 13.1 9.1 13.2 5 5 5.4 30.5 5 10.5 71.6 34 15.6 5 NA 29.9 71.4 64.7 37.3 5
19840409 44.6 18.6 22.8 37.4 13.1 8.3 12.4 5 5 5.3 28.6 5 9.3 65.5 31.5 16.1 5 NA 25 73.5 69.5 37.6 5
19840410 35.1 17 21.7 38.3 13 8 11.7 5 5 5.2 27.8 5 7.6 61.1 29.8 16.7 5 NA 21 74.4 73.4 37.8 5
19840411 27.2 13.7 20.1 37.1 12.9 7.5 11.1 5 5 5.2 24.8 5 6.4 54.8 26.4 16.9 5 NA 17.1 77.7 74.7 38.2 5
19840412 17.6 11.3 18.5 36.9 12.9 6.8 10.3 5 5 5.1 22.9 5 5 49.1 24 17.1 5 NA 12.2 78.6 79.4 38.3 5
19840413 17.2 10.4 17.8 34.9 12.2 6.5 10.4 5 5 5.1 20.4 5 5 42.4 22.5 16.9 5 NA 11 77.3 72.1 36.9 5
19840414 16.3 9.8 17 32.6 11.7 6.1 10.4 5 5 5.1 17.7 5 5 38 21.1 16.7 5.5 NA 10.2 76.2 64.1 35 5
19840415 10.2 9.2 15.4 28.3 11.2 6.1 10.4 5 5 5.1 15.4 5 5 33.6 19.8 16.5 5.5 NA 9.4 74.8 60.9 34.2 5
19840416 9.8 8 14.5 26.2 10.2 5.8 10.5 5 5 5 12.7 0 0 27.1 17.8 16.1 5.5 NA 7.8 72.1 49.6 32.2 0
19840417 8.9 7.4 13.9 24.1 9.8 5.5 10.5 5 5 5 10 0 0 22.6 16.5 16 6.6 NA 7 71.3 41.7 30.3 0
19840418 5.7 6.8 13.1 22 9.3 5.2 10.6 5 5 5 7.7 0 0 18.2 15.3 15.8 6.6 NA 6.2 69.9 38.4 29.5 0
19840419 5 5.9 11.9 18.7 8.6 5 10.6 5 5 5 5 0 0 12.7 13.6 15.5 6.6 NA 5 68.6 28.8 27.5 0
19840420 5 5.8 11.1 17.1 8 5 10.2 5 5 5 5 0 0 13.2 13 14.4 7.2 NA 5 62.5 23.6 25.3 0
19840421 5 5.7 10.3 15.5 7.6 5 9.9 5 5 5 5 0 0 13.6 12.2 13.7 7.8 NA 5 50.3 23.6 21.4 0
19840422 5 5.5 8.6 12.3 7.2 5 9.6 5 5 5 5 0 0 11.9 11.6 13 7.9 NA 5 40.4 18.2 19.3 0
19840423 5 5.4 7.8 10.7 6.4 5 9 5 5 5 5 5 5 12.4 10.9 11.5 8.6 NA 5 34.3 12.9 17.1 5
19840424 5 5.3 7 9 6 5 8.7 5 5 5 5 5 5 12.8 10.1 10.7 9.2 NA 5 22.1 12.9 13.2 5
19840425 5 5.2 6.2 7.4 5.6 5 8.3 5 5 5 5 5 5 12.2 9.5 10 9.5 NA 5 14.1 7.6 11 5
19840426 5 5 5 5 5 5 8 5 5 5 5 5 5 12.8 8.7 8.9 10.4 NA 5 5 5 8 5
19840427 5 5 5 5 5 5 7.6 5 5 5 5 5 5 11.5 8.3 8.3 9.5 NA 5 5 5 7.5 5
19840428 5 5 5 5 5 5 7 5 5 5 5 5 5 10.6 7.7 7.8 8.9 NA 5 5 5 7.1 5
19840429 5 5 5 5 5 5 6.6 5 5 5 5 5 5 9.7 7.4 7.4 7.7 NA 5 5 5 6.5 5
19840430 0 0 0 0 0 0 1.4 0 0 0 0 0 0 8 6.8 6.5 2.4 NA 0 0 5 1.3 0
19840501 0 0 0 0 0 0 1 0 0 0 0 0 0 7.2 6.3 6.1 1.8 NA 0 0 5 1 0
19840502 0 0 0 0 0 0 0.4 0 0 0 0 0 0 6.3 5.9 5.7 0.6 NA 0 0 5 0.3 0
19840503 0 0 0 0 0 0 0 0 0 0 0 0 0 5 5.4 5 0 NA 0 0 5 0 0
