19880103 35.4 42 5 5 5 5 5 5 5 5 5 5 5 5 8.1 5 90 NA 39.8 19 6.2 5.8 5
19880104 44.4 50.5 16.4 19.1 10.3 8.3 9.9 6.1 8.6 10.5 14 15 9.4 5.7 12.3 6.8 90 NA 48.9 31.2 13.5 12.3 7.5
19880105 53.8 56.3 24.3 29.1 13.8 10.5 13.2 6.9 11 14.1 20 21.6 12.3 6.1 15 8 92.9 NA 54.9 40.6 18.6 16.7 9.2
19880106 60.3 62 31.7 38.8 17.5 12.8 16.5 7.6 13.4 17.7 26.1 28.2 15.7 6.5 18.2 9.3 92.9 NA 61.8 55 24.6 22.1 10.9
19880107 72.2 74.9 42 48.8 21.1 15.6 19.7 9.1 18.2 25 38.1 34.9 18.6 7.4 23.7 11.7 92.9 NA 67.8 65 33.2 28 12.5
19880108 79.9 80.6 49.9 58.8 24.6 17.8 23 9.8 20.5 28.7 44.1 41.5 21.5 7.8 26.5 12.9 92.9 NA 73.9 75 38.2 32.4 14.2
19880109 86.1 86.3 57.3 68.4 28.3 20.1 26.3 10.6 22.9 32.3 50.1 48.2 24.9 8.3 29.6 14.2 95.8 NA 80.8 88.7 44.3 37.8 15.9
19880110 96.8 94.7 66.4 78.4 31.8 22.6 29.6 11.7 26.5 37.8 59.1 54.8 27.8 8.9 33.6 16 95.8 NA 86.8 98.7 50.9 42.9 17.5
19880111 96.8 88.8 62.1 73.5 29.8 21.5 27.6 10.6 22.9 33.2 57.8 48.2 32.6 9.6 32.1 15.9 95.8 NA 84.8 98.7 51.8 43.2 16
19880112 96.8 84.7 58.4 69.4 27.6 20.4 25.6 9.8 20.5 30.2 56.9 41.5 36.2 10 31.6 16 97.2 NA 83.1 99.3 54.9 43.6 14.3
19880113 96.8 80.6 55.5 69.1 26.1 19.8 24.2 9.1 18.2 27.2 56.5 34.9 42.4 10.5 30.2 16 97.2 NA 81.1 99.4 57 44.4 12.7
19880114 99.9 72.8 51.2 64.2 24.2 18.7 22.7 7.6 13.4 21.2 54.3 28.2 47.7 10.5 29.1 16 98.5 NA 81.7 98.7 59.6 45.4 11.1
19880115 99.9 68.7 47.5 60.1 22 17.6 20.7 6.9 11 18.2 53.4 21.6 51.1 11.8 27.4 16 98.6 NA 79.8 99 58.5 45.6 9.5
19880116 99.9 64.6 43.9 57.4 20.1 16.7 19 6.1 8.6 15.2 53 15 56.4 12.3 26.9 16 99.2 NA 77.7 99 61.6 46 7.9
19880117 99.9 58.5 38.1 50.9 16.8 15 15.9 5 5 10.6 51.4 5 60.9 12.5 25.1 16 99.9 NA 74.9 99.3 63.5 46.2 5.5
19880118 97.9 58.5 38 43.7 16.4 14 15.5 5 5 10.2 53.8 5 54.8 12 25.1 15.5 99.3 NA 75.3 99.3 61.8 43.9 5.4
19880119 95.9 58.1 37.3 38.4 15.6 13.4 15.1 5 5 9.9 55.4 5 49.3 11.2 25.2 15.1 98.4 NA 75.5 99.3 61.8 42.1 5.3
19880120 93.9 57.9 37.2 33.4 15.3 12.5 14.7 5 5 9.6 58.2 5 45 9.8 25.8 14.7 97.9 NA 75.4 99.3 60.1 40.5 5.3
19880121 91.1 57.5 35.6 23.8 14.1 11.3 13.7 5 5 8.8 60.1 0 37.7 9.3 25.7 14 92.5 NA 75.6 100 60.4 36.8 1.4
19880122 89.1 57.3 34.4 18.5 13.3 10.4 13.7 5 5 8.5 60.9 0 32.2 8.6 25.5 13.6 91.6 NA 76.3 100 56.6 35.3 1.3
19880123 87.1 57.2 34.3 13.6 13 9.8 13.4 5 5 8.2 63.2 0 27.8 8 25.8 13.2 91 NA 76.5 100 56.9 33.6 1.2
19880124 85.1 56.9 34 6.1 12 8.6 12.7 5 5 7.6 65.7 0 21.3 6.9 25.9 12.7 90.2 NA 76.6 100 54.5 31.1 1.2
19880125 87.1 57.1 36.3 6.3 12.5 8.7 12.7 5 5 7.6 67.1 0 21.5 6.8 24.6 12.4 88.1 NA 74.6 100 56.5 32.9 1.2
19880126 89.1 55.3 37 9.1 12.8 9.1 13.7 5 5 7.5 70.6 0 21.6 6.5 23.2 12.2 86.6 NA 73 100 64.3 33.6 1.2
19880127 91.1 54.6 40.1 9.4 13.1 9.4 13.9 5 5 7.4 71.5 0 21.8 6.5 22 11.9 85.2 NA 69 100 65.3 35.4 1.2
19880128 92.6 50.6 39.8 9.2 12.2 9.8 14.9 5 5 7.4 76.5 5 23.1 6.2 20.4 11.4 78.3 NA 67 100 67.5 36 5.2
19880129 94.6 50.8 40.7 14.8 13.3 9.6 13.9 5 5 7.5 78.6 5 23.2 5.9 19 11.3 76.8 NA 65.1 100 68.5 36.7 5.2
19880130 96.6 50.1 43.9 15.1 13.6 10.1 14.9 5 5 7.4 81.1 5 23.5 5.9 17.8 11.1 75.4 NA 63.5 100 76.4 38.6 5.2
19880131 98.6 47.5 44.6 15 13.7 10.3 15.5 5 5 7.2 82.7 5 23.6 5.7 16.1 10.7 73.2 NA 60.5 100 77.4 39.3 5.2
19880201 98.6 54.9 51.4 23.4 19.5 11 18.6 10.1 6.1 9.4 84.3 5 30.2 14 20.3 13 76.2 NA 65.4 100 79 46.1 5.6
19880202 99.3 60.9 57 31.4 25.9 12.1 19.7 13.5 6.9 10.9 85.5 5 35.4 22.7 24.1 14.9 78.1 NA 68.6 100 80 53.2 5.9
19880203 99.3 66.9 65.8 41.4 29.2 12.8 22.6 16.8 7.6 12.4 86.5 5 43 31.5 27.8 16.5 80.1 NA 72 100 87.9 58.3 6.6
19880204 99.3 77.3 74.8 51.6 38.8 13.9 25.4 20.2 8.3 15.4 91.5 5 50.5 44 33.8 19.3 88.1 NA 78.4 100 88.7 67.7 7
19880205 99.3 83.3 80.4 61.6 44.1 15.5 27.7 27 9.8 16.8 92.5 5 55.7 48 36.9 21.5 90.1 NA 81.6 100 90.4 73.9 7.4
19880206 100 89.3 87.6 69.6 48.5 15.5 28.7 30.4 10.6 18.3 93.7 5 60.9 56.8 40.7 23.2 92 NA 85 100 94.8 79.3 7.8
19880207 100 95 93.4 81.5 55.5 16.8 31.6 33.8 11.3 20.5 95.3 5 68.7 67.4 45.2 25.3 95 NA 89.8 100 95.6 86.8 8.3
19880208 99.8 95 92.6 77.6 52 17.3 34.9 32.4 11.5 19.1 93.6 5 67.4 73.9 53.1 28 95 NA 91.2 100 95.6 88.1 8
19880209 99.7 95 92.4 80.3 49.6 19.6 36.4 29.1 11.7 19 92.7 5 68.2 75.2 58.3 29.2 95 NA 90.5 99.9 95.6 87.2 8.2
19880210 99.7 95 91.9 77.6 46.2 18.6 38.6 26.4 12.1 18.4 91.1 5 68.1 81.1 63.9 31.7 95 NA 91.7 99.9 95.6 88.2 8.3
19880211 99.3 94 89.9 73.4 39.7 20 40.7 25.1 12.7 17.1 89 5 68.2 83.9 73.2 33.8 99.9 NA 92.7 99.9 96.8 87.9 8.1
19880212 99.3 94 89.8 75.7 38.1 19.9 41.5 23.8 13.4 17 88.2 5 69 89.9 79.2 35.6 99.9 NA 90.6 99.8 96.8 88.6 8.2
19880213 99 94 89.3 73.3 34.7 21.5 43.7 20.4 13.6 16.3 86.5 5 68.8 91.1 84 37.9 99.9 NA 91.8 99.8 96.8 88.7 8.3
19880214 99 94 88.7 72.1 31.1 21.3 45.8 18.4 14.1 15.7 85.2 5 69 95.4 91.9 39.6 99.9 NA 92.7 99.7 96.8 89.2 8.3
19880215 99 94 89 74.7 32.4 21.6 45.7 20.2 13.6 17.1 84.9 5 67.6 93.9 91 40.4 99.9 NA 92.7 99.7 96.8 88.6 8.3
19880216 99 94 89.2 76.5 33.5 19.4 45.1 23.2 13.2 18.9 85.1 5 66.1 93.9 91.1 41.2 99.9 NA 92.7 99.8 96.8 88.3 8.1
19880217 99 94 89.4 78.2 35.3 19.7 46.4 24.6 12.9 19.1 84.4 5 64.4 90.9 89.3 41.4 99.9 NA 96.3 99.8 96.8 87.3 8
19880218 99 95 90.7 81 36.8 17.8 46.1 25.6 12.1 20.7 80.4 5 63.3 91.1 89 41.7 99.6 NA 96 99.8 98.5 86.4 8.1
19880219 99.2 95 90.9 82.8 38.5 18.1 45.5 27.7 11.2 20.9 80.1 5 61.8 88.1 89.1 41.5 99.6 NA 96 99.8 98.5 86.2 8
19880220 98.9 95 91.1 84.5 39.4 15.9 45.9 31.1 11.5 22.7 79.4 5 60.1 88.1 87.3 42.8 99.6 NA 97.9 99.9 98.5 86 7.8
19880221 99.1 95 91.4 87.2 40.6 15.2 44.8 32.2 11 23.3 79.1 5 60 85.1 87.4 42.7 99.6 NA 97.9 99.9 98.5 85 8.1
19880222 99 92.7 91.2 87.3 40 18.8 44.6 29.5 10.6 22.3 78.9 5 60.3 73.4 83.6 41.7 99.5 NA 92.4 99.9 98.5 82 8.4
19880223 98.9 92.1 91.6 88.2 42 21.6 43.9 26.7 9.7 19.4 78.2 5 61.7 64 82 40 99.2 NA 87.3 99.9 98.5 80 9.4
19880224 98.8 88.1 91.1 88.2 42.5 24.7 43.6 21 8.7 18 80.8 5 62.4 58 78.6 38 98.9 NA 83.4 99.9 98.5 76.3 10
19880225 98.7 87.2 91.5 89.2 42.4 27.8 42.4 18.4 8.3 14.9 79 5 64 43.3 73.7 36.7 98.7 NA 76.6 100 98.8 73.9 11
19880226 98.5 86.6 91.9 90 43 33.1 41.7 15.6 7.4 14 79.3 5 65.4 34.1 71.9 35.8 98.4 NA 70.9 100 98.8 72.3 12
19880227 98.5 82.9 91.4 90.1 44.9 36.1 41.5 12.9 6.9 11.2 79.1 5 66.1 25 69.4 33.8 98.1 NA 66.8 100 98.8 68.7 12.6
19880228 98.3 82 91.8 91 46.2 39 40.7 8.5 5.9 8.6 78.2 5 67.5 14.6 66 32 97.8 NA 61.2 100 98.8 66.3 13.6
19880229 96.6 79.1 87.2 87.7 47.2 38.8 42.5 8.4 6 8.5 79.4 5 66.7 16 64.8 34 98 NA 62.6 100 98.8 68 12.3
19880301 93.7 77.2 83.8 85.4 48.8 38.8 44.8 8 5.9 8.5 79.1 5 67.1 16.6 64.1 35.2 95.1 NA 64.2 100 98.9 71.5 12.1
19880302 92.2 75.2 80.3 82.7 46.8 36.6 48.1 7.9 6 8.4 79.8 5 65.9 17.5 63.1 35.8 95.3 NA 67.1 100 98.9 73.2 10.9
19880303 91.1 73.7 74.2 79.4 47.2 35.8 50.7 7.5 5.8 8.1 80.6 5 65 18.8 60.1 36.6 95.3 NA 69.7 100 99 75.4 10.6
19880304 89.2 66 70.7 77 48 36 50.9 7.1 5.7 8.2 79.1 5 63.8 20.4 60.1 37.4 95.5 NA 69.9 100 99 77.5 9.3
19880305 86.4 66 67.4 74.4 49.7 36 53.6 6.9 5.8 8.1 79.8 5 64.7 21.3 59.1 38.8 92.7 NA 72.2 100 99.1 80.1 9.2
19880306 84.8 64.1 63.3 71.9 48.6 34.7 56.3 6.5 5.7 7.9 80.6 5 63.1 22.1 57.8 39.7 92.9 NA 74.3 100 99.1 82.4 8
19880307 85.7 62.7 64.7 74.4 48 35.2 55.2 6.8 5.7 8.4 78.3 5 64 22.1 58.4 40 86 NA 71.6 100 96.3 79.3 8.1
19880308 85.9 59.4 65.2 76.1 45.6 35.9 54.2 6.8 5.4 8.7 76.4 5 63 21.9 57.8 40.2 76.5 NA 68.7 100 93.2 77.2 6.9
19880309 86.8 56.8 65.9 77.9 41.9 35.3 52.7 7.2 5.4 8.6 74.3 5 63.9 21.7 58 40.8 65.3 NA 66.9 100 91 75.1 6.9
19880310 88.2 56.3 66.9 81 40.4 36 53.1 7.5 5.4 9.1 72.9 5 62.6 22.5 59.6 42.1 58.5 NA 64 100 87.7 71.3 7
19880311 88.9 54.8 67 82.7 40.4 36.8 52.8 7.5 5.2 9.7 71.4 5 62.8 23.3 59.9 42.3 49.1 NA 61.6 100 84.6 68.4 5.9
19880312 89.4 51.6 67.9 84.5 37.9 37.1 50.9 7.8 5.2 9.9 69.3 5 62.2 22.5 59.6 43 42.2 NA 58.6 100 82.4 66.8 5.9
19880313 90.1 48.6 69 86.9 35.3 37.3 49.9 7.8 5 10.1 66.1 5 62.9 23.1 59.8 42.8 31.8 NA 55.8 100 79.1 63.9 5.3
19880314 88.2 45.7 60.6 87.1 34.6 33.9 46.2 7.7 5 9.9 66.5 5 60.6 26.7 61.8 45.2 30.6 NA 53.9 100 82.4 67.5 5.3
19880315 87.8 46.2 54 86.7 35.2 31.4 43.1 7.6 5 9.6 65.4 5 58 32.6 62.1 45.7 32.1 NA 46.7 99.9 84.6 70.1 5.2
19880316 84.6 41.3 48 87.1 33.9 26.1 35.7 7.5 5 8.9 63.6 5 57.9 32.6 63.1 46.9 30.2 NA 44.5 99.9 88.7 72.1 5.2
19880317 84 40.1 36.9 87 33.8 23.1 31.7 7.3 5 8.6 62.9 5 55.5 39.8 62.6 49 29.7 NA 39.6 99.9 91.3 78.3 5.1
19880318 81.8 38.4 30.5 86.6 34.4 20.1 29.4 7.2 5 8.5 63.4 5 52.9 47.6 64.3 48.7 31.2 NA 34.8 99.8 93.4 80.8 5.1
19880319 81.4 36.4 24.3 87 33.1 17.4 24.7 7.1 5 8.3 62.5 5 51.6 45.6 63.6 50 29.3 NA 30.2 99.8 97.6 83.2 5.1
19880320 79 33.8 14.9 86.8 33.9 13.1 20.2 7 5 7.7 61.5 5 48.2 53.2 66 51.7 29.8 NA 25.9 99.8 99.9 86.8 5
19880321 76.6 27.4 13.8 84.3 30.5 12.7 18 6.7 5 7.5 57.9 5 46 45 61.9 46.8 24.3 NA 22.4 99.4 97.4 86.3 5
19880322 76.4 27.4 13.7 83.5 29.9 11.6 16.5 6.4 5 7.2 54 5 44.8 44.4 57.8 41.7 24.3 NA 20.1 98.8 93 83.6 5
19880323 74.1 21 12.6 81.3 26.4 11.3 14.8 6.2 5 6.7 48.8 5 42.4 36.5 54.3 37.2 18.8 NA 17.8 98.4 90.6 82.7 5
19880324 71.8 14.6 11.1 74.6 22.1 11.4 12.3 5.8 5 6.4 45 5 40.9 28 47.3 31 13.3 NA 13.1 98.1 86.2 81.6 5
19880325 71.9 14.6 11.1 74.1 22.3 10.9 11.1 5.6 5 6.1 40.8 5 39.8 27.5 46.1 26.4 13.3 NA 10.8 97.4 81.8 77 5
19880326 69.4 8.2 10 71.7 18.4 10.1 9.4 5.3 5 5.9 37.3 5 37.2 19.6 39.6 21.2 7.8 NA 8.5 97.1 79.4 75.9 5
19880327 68.1 5 9.3 70 16.4 9.6 7.2 5 5 5.5 32.2 5 35.9 15.1 36.4 14.3 5 NA 5 96.6 75.9 74.9 5
19880328 64.4 5 9.1 68.8 15.5 9.8 7.2 5 5 5.4 30.7 5 33.3 14 32 12.9 5 NA 5 95 73.3 70.7 5
19880329 57.1 5 8.6 65.7 14 9.8 6.8 5 5 5.4 26.1 5 30.3 14 31 11.9 5 NA 5 93.1 73.6 64.5 5
19880330 52.8 5 8.3 63.4 12.4 9.4 7 5 5 5.3 24.8 5 27 12.9 27 10.5 5 NA 5 90 68.3 59.8 5
19880331 49.7 5 7.8 56.9 10.9 8.7 6.3 5 5 5.3 23.4 5 24.3 11.8 22.2 9.1 5 NA 5 90 70.6 54.6 5
19880401 42.4 5 7.6 54.7 10 8.7 6.1 5 5 5.2 19 5 21.2 11.8 21.3 8.1 5 NA 5 86.5 63 49.2 5
19880402 36.9 5 7.1 52.1 8.4 8.6 6 5 5 5.2 17.1 5 18.2 10.7 17.2 6.7 5 NA 5 86.6 65.3 43.9 5
19880403 31.7 5 6.9 50.4 6.9 8.6 5.8 5 5 5.1 14.4 5 16.2 10.2 14.3 5.8 5 NA 5 83.2 60 37.1 5
19880404 28.2 5 6.6 48.1 6.7 8.2 5.8 5 5 5.1 13.1 5 14 9 13 5.7 5 NA 5 78.9 58.5 35 5
19880405 24.6 5 6.3 45.1 6.4 7.6 5.5 5 5 5.1 11.9 5 13.6 9 11.7 5.5 5 NA 5 73.5 52.8 33.8 5
19880406 21 5 6.3 46.3 6.2 7.2 5.5 5 5 5.1 10.6 5 11.4 7.9 10.3 5.5 5 NA 5 72.4 57 31.7 5
19880407 17.5 5 6 44.5 5.9 6.7 5.5 5 5 5 9.4 5 9.9 6.7 9 5.4 5 NA 5 68.1 51.3 30 5
19880408 13.9 5 5.7 41.7 5.6 6.2 5.2 5 5 5 8.1 5 8.7 6.7 7.7 5.2 5 NA 5 62.6 49.8 28.7 5
19880409 10.3 5 5.4 39.8 5.4 5.7 5.2 5 5 5 6.9 5 7.3 5.6 6.3 5.1 5 NA 5 58.3 44.1 26.6 5
19880410 5 5 5.2 37.2 5 5 5 5 5 5 5 5 5.4 5 5 5 5 NA 5 55 43.3 24.8 5
19880411 5 5 5.2 32.4 5 5 5 5 5 5 5 5 5.4 5 5 5 5 NA 5 52.5 38.7 24.4 5
19880412 5 5 5.2 29.3 5 5 5 5 5 5 5 5 5 5 5 5 5 NA 5 45.9 35 22.5 5
19880413 5 5 5.1 26.1 5 5 5 5 5 5 5 5 5 5 5 5 5 NA 5 43.4 32 22.1 5
19880414 3.3 0 2.5 19.8 4.5 0.7 0.1 0 0 3.3 5 0 0.4 0.5 3.6 5 0 NA 0 40.8 25.8 21.3 0
19880415 3.3 0 2.4 16.7 4.5 0.7 0.1 0 0 3.3 5 0 0.4 0.5 3.6 5 0 NA 0 35.6 21.5 20.5 0
19880416 3.3 0 2.4 13.5 4.5 0.7 0.1 0 0 3.3 5 0 0 0.5 3.6 5 0 NA 0 31.7 18.5 19 0
19880417 3.3 0 2.4 8.8 4.5 0.7 0.1 0 0 3.3 5 0 0 0.5 3.6 5 0 NA 0 27.8 13.8 18.2 0
