19881214 21.2 21.1 0 0.3 0 0 0 0 0 0 0 0 0 2 2.1 0 30.5 NA 17.8 49.3 21.2 14 0
19881215 21.5 21.7 0 0.3 0.9 0 0 0 0 0 0.5 0 0 2 2.3 0.3 31.6 NA 17.6 47.9 22.5 14.1 0
19881216 21.9 22.3 0 0.3 1.7 0 0 0 0 0 0.9 0 0 2 2.5 0.6 32.7 NA 17.4 46.3 23.8 14.2 0
19881217 25.6 20.3 0 0.5 1.6 0 0 0 0 0 1.2 0 0 2.6 2.8 0.5 31.2 NA 17.8 47.2 27.4 11 0
19881218 26.5 18.9 0 0.6 1.5 0 0 0 0 0 1.4 0 0 2.9 2.9 0.5 30.2 NA 18.1 46.8 28 8.6 0
19881219 29 16.9 0 0.8 1.4 0 0 0 0 0 1.7 0 0 3.4 3.1 0.4 28.6 NA 18.5 46.2 30.3 5.5 0
19881220 28.5 17.3 0 0.7 1.6 0 0 0 0 0 1.7 0 0 3.4 2.9 0.5 26.1 NA 18.9 44.2 30.5 3.9 0
19881221 27.9 17.7 0 0.6 1.8 0 0 0 0 0 1.7 0 0 3.5 2.7 0.6 23.6 NA 19.3 42.1 30.7 2.4 0
19881222 26.1 16.8 0 0.3 1.5 0 0 0 0 0 1.5 0 0 3.8 3.3 0.6 28.9 NA 21.6 42.8 25.9 3.1 0
19881223 24.7 15.8 0 0 1.1 0 0 0 0 0 1.1 0 0 4.1 3.7 0.5 31.1 NA 23.9 42.7 19.4 3.7 0
19881224 26.6 19 0 0 1.3 0 0 0 0 0 1.2 0 0 4.7 4.9 0.7 33.8 NA 31.7 45.2 26.7 5.2 0
19881225 28.3 21.3 0 0 1.4 0 0 0 0 0 1.3 0 0 5.2 6 0.9 39.9 NA 37.1 47.8 31.5 7 0
19881226 31.1 25 0 0 1.6 0 0 0 0 0 1.3 0 0 5.8 7.3 1.1 39.4 NA 44.3 51.9 38.7 8.9 0
19881227 31.1 25.3 0 0 1.6 0 0 0 0 0 1.4 0 0 5.6 7 0.9 40.8 NA 44.2 53.1 36.2 8.7 0
19881228 31 25.6 0 0 1.6 0 0 0 0 0 1.4 0 0 5.3 6.7 0.7 42.3 NA 44 53.8 33.8 8.4 0
19881229 45.9 29 0 0 1.6 0 0 0 0 0.5 4 0 0 6.3 7.4 0.8 43.9 NA 45.7 75.6 48 11.7 0
19881230 57.5 32.5 0 0 1.6 0 0 0 0 1 5.7 0 0 7.3 7.9 1 45.5 NA 47.1 95 59.3 14.5 0
19881231 58.5 33 0 0 1.7 0 0 0 0 1.1 6 0 0 7.6 7.9 0.9 47.5 NA 51.9 95 59.8 15.8 0
19890101 58.8 33.4 0 0 1.7 0 0 0 0 1.2 6.2 0 0 7.9 8 0.9 49.5 NA 52.7 95 60.4 17 0
19890102 59.6 34 0 0 1.8 0 0 0 0 1.2 6.5 0 0 8.2 8.1 1 51.4 NA 55.7 95 61.3 18.5 0
19890103 56.7 20.1 0 0 2.7 0 0 0.2 0.5 0.8 14.9 0 0 8.9 9.7 1.7 35.7 NA 55.8 92.6 47.7 23.7 0
19890104 51.9 6.2 0 0 3.3 0 0 0.3 0.9 0.3 21.3 0 0 9.1 11 2.2 20 NA 53.4 90.7 33.3 27.6 0
19890105 55.2 5.2 0 0 4.3 0.1 0 0.4 0.8 0.7 30.3 0 0 9.6 12.1 3.6 20 NA 53.3 92.6 34.5 33.5 0
19890106 57.4 4.1 0 0 5.3 0.2 0 0.5 0.6 1 35.3 0 0 9.8 12.7 4.6 20 NA 53.2 95 35.4 39.3 0
19890107 57.3 8.5 0 0 5.9 0.2 0 0.4 0.6 1.1 39.9 0 0 9.8 12.7 3.9 20.2 NA 53.1 95 36.7 39.6 0
19890108 57.2 12.7 0 0 6.6 0.2 0 0.3 0.5 1.2 44.2 0 0 9.7 12.7 3.6 20.5 NA 53 95 38 40 0
19890109 57 17.2 0 0 7.3 0.2 0 0.2 0.5 1.3 48.6 0 0 9.6 12.8 2.9 20.7 NA 52.8 95 39.3 40.3 0
19890110 75 49.5 4.7 11.5 10 0.2 5.3 0.3 0.4 2.7 52.1 0 3.7 18.8 24.5 4.9 60.4 NA 62.6 95 47.3 52.2 0
19890111 94.8 76.1 8.4 20.6 12.2 0.2 10.5 0.4 0.4 3.7 53.3 0 7.4 27.2 34.8 6.3 95 NA 70.5 95 53.9 62.4 0
19890112 94.9 76.9 7.6 22 12.7 0.1 10.3 0.5 0.4 4.9 55.1 0 7.9 29 33.3 7.5 95 NA 73.8 95 60.5 55.6 0
19890113 95 77.8 6.1 22.1 12.9 0.1 8.3 0.5 0.5 5.4 54.1 0 8.4 30.6 29.1 7.8 95 NA 76 95 65.7 47 0
19890114 94.9 77.8 6.4 20.6 14 0.3 8.6 0.6 0.9 5.5 54 0 8.9 30.8 30.1 8.7 95 NA 76.9 95 66.4 48 0
19890115 94.9 77.8 6.5 19.9 15.2 0.4 8.7 0.7 1.1 5.6 53.9 0 9.3 30.9 31.1 9.6 95 NA 77.4 95 67.9 48.9 0
19890116 94.8 77.8 6.8 18.5 16.6 0.5 9 0.8 1.5 5.8 53.7 0 9.8 31 32.1 10.4 95 NA 78.2 95 67.4 49.8 0
19890117 94.9 77.9 6.8 14.5 17.6 3.3 10.2 0.6 1.2 6.3 53.3 0 10.2 31.8 32.1 10.7 95 NA 78.7 95 48.3 50.7 0
19890118 94.9 77.9 5.7 7.7 18.6 5.7 11 0.4 0.9 6.8 52.8 0 10.5 32.6 32.1 10.8 95 NA 79 95 30.8 51.3 0
19890119 94.9 56.4 6.7 9.1 14.5 4.6 7.3 0.2 0.4 5 43 0 11.6 23.2 29.8 9.1 90 NA 74.9 95 42.2 48.8 0
19890120 94.7 28.6 6.2 6.8 9.4 3.1 1.8 0 0 2.8 30.8 0 12.7 12.6 27.3 7 80 NA 68.9 95 50.9 44.8 0.1
19890121 85.4 24 5.5 7.2 9.3 3.8 1.8 0 0 2.2 29.6 0 12.9 10.2 27.4 8.8 80 NA 59.1 95 52.4 44.7 0.1
19890122 79 21.1 5.1 7.7 9.3 4.4 1.9 0 0 1.6 28.3 0 13 9 27.4 10.1 80 NA 50.8 95 55.6 44.9 0
19890123 66.5 16.6 4.5 8.1 9.2 5.1 2.1 0 0 1 27.1 0 13.2 6.5 27.5 11.9 80 NA 41.6 95 57.2 45.1 0
19890124 79 15.9 2.2 6.1 11.8 4.3 1.7 0 0 2.3 31.6 0 16.6 10.5 26.9 13.8 66.8 NA 43.1 95 50 42.1 0
19890125 88.1 15 0 4 14.2 3.4 1.3 0 0 3.4 34.7 0 20 14.3 26.2 15.5 55.3 NA 44.1 95 42.5 37.7 0.1
19890126 92.7 14.9 2.3 4.5 14.3 4.3 1.6 0 0 3.5 33 0 18.2 17.1 31.4 19.7 65.7 NA 46.5 95 68.9 43.6 0
19890127 95 15 4.6 4.6 14.2 5.1 1.9 0 0 3.5 31.8 0 16.4 19.8 35.7 23.6 77.8 NA 48.7 95 95 48.7 0
19890128 93.1 10.9 3.7 3.3 9.9 3.9 1.1 0 0 3.2 29.4 0 19.4 17.9 27.9 16.2 73.2 NA 47.1 95 79.6 44.7 0
19890129 93 8 2.9 2.4 7.1 3.1 0.6 0 0 3.1 25.9 0 20.6 16.2 21.2 10.5 58.9 NA 45.6 95 67.1 41.5 0
19890130 89.2 3.9 2.1 1.1 3.6 2 0 0 0 2.9 22.9 0 22.9 14.2 12.7 3.1 49.4 NA 44.2 95 52.3 37.2 0.1
19890131 89.1 3.5 1.7 0.6 3.7 1 0 0 0 3.2 23.3 0 22 14.2 14 3.3 48 NA 44.4 95 51.8 36.5 0.1
19890201 88.7 2.4 0.9 0 3.8 0 0 0 0 3.5 23.4 0 21 14.1 14.9 3.4 46.6 NA 44.6 95 49.1 36.1 0.1
19890202 90.1 3.6 2 2.6 4.2 1.3 0 0 0 2.1 26.2 0 17.5 17.2 22.2 5.1 25.8 NA 47.1 95 48.4 36.9 0.1
19890203 90.5 4.5 2.9 4.9 4.7 2.2 0 0 0 0.6 28.5 0 13 19.6 28.2 6.4 5 NA 49.3 95 46.5 37.5 0.1
19890204 93.5 17.9 8.6 16.5 8.6 3 0.9 0 0 0.6 39 0 15.2 21.5 29.8 9.9 30 NA 49.4 95 61.7 45.7 0.1
19890205 93.5 27.3 12.9 24.5 11.3 3.8 1.6 0 0 0.7 46.6 0 15.7 22.9 30.5 12.5 60 NA 49.5 95 73.2 51.4 0.1
19890206 95 40.9 18.7 36.2 15.2 4.7 2.5 0 0 0.8 57.3 0 17.1 24.8 31.7 16.2 80 NA 49.5 95 88.8 59.1 0.1
19890207 95 66.7 27.7 49.2 22.2 5.8 3.9 3.8 1 2.1 60.5 0 21.6 29.4 31.8 15.4 90 NA 58.6 95 92.9 74.5 0.1
19890208 94.9 89 35.3 61.3 29.1 6.8 5.3 7.7 2 3.5 63.3 0 25.1 32.1 31.2 14.4 95 NA 67.5 95 95 89.3 0.1
19890209 95 92.5 62.1 67.6 28 8.2 12.6 10.1 2.7 2 51 0 27.4 28 25.5 15.4 95 NA 70.3 95 95 76.4 0.1
19890210 95 95 87.6 71.5 26.8 9.5 19.8 12.5 3.5 0.6 38.9 0 29.7 21.9 18.9 15.8 95 NA 73 95 95 64.8 0.1
19890211 94.7 95 90.4 78 26.3 11.3 21.6 13 3.4 2 38.3 0 30.6 23.1 20.7 16.2 95 NA 76.2 95 95 66.8 0.1
19890212 94.4 95 90.5 83.1 24.5 12.6 22.4 13.3 3.3 2.6 37.5 0 31.2 23.7 22.1 16.5 95 NA 77.7 95 95 68.7 0.1
19890213 94.1 95 91.5 89.1 23.4 14.4 23.8 13.8 3.2 3.9 36.7 0 32.1 24.8 23.6 16.8 95 NA 80.8 95 95 70 0.1
19890214 94.5 95 93.2 89.4 20.1 14 18.9 11.5 4 4.1 30.7 0 34 21.1 22.6 16.6 95 NA 69.8 95 95 63.8 0
19890215 94.8 95 94 89.1 15.5 12.7 12.7 9.2 4.9 3.7 24.1 0 34 17.1 20.6 15.5 95 NA 56.8 95 95 57.4 0
19890216 94.9 95 94.7 93 25.9 14 26.2 17.2 10.6 12.5 33.2 5 37.6 28.7 26.8 22.9 95 NA 76.5 95 95 56.2 5.1
19890217 95 95 95 95 33.4 11.3 34.7 20.2 11.6 17.3 38.3 5 38 35.5 29 26.1 95 NA 93.9 95 95 55 5.1
19890218 95 95 94.1 93.4 30.7 11.6 35 19.6 11.5 14.3 52.5 5 43.7 29.2 28.1 25.5 95 NA 92.1 95 95 58.4 5.1
19890219 95 95 94.1 93.4 26.5 7.7 33.8 16.1 7.3 8.8 66.1 0 48.4 21.1 23.5 22.8 95 NA 92.4 95 95 62.7 0.1
19890220 95 95 92.4 90.3 23.2 7.9 32.5 14.7 6.7 5.7 75.8 0 52.8 15 21.5 21.7 95 NA 88.4 95 95 64.2 0.1
19890221 95 93.4 90 86.4 21.1 8.7 24.5 16 7.1 8.6 75.6 0 50.2 35.8 24.5 22 95 NA 74.7 95 95 76.5 0.1
19890222 95 91.6 85.9 79.6 19 9.5 15.5 17.3 7.4 11 70.9 0 45.6 48.4 26.7 20.2 95 NA 60.7 95 95 89 0.1
19890223 94.9 84.5 87.5 86.4 14 10.4 18.6 18 7.9 10.2 72.9 0 45.2 50.9 36.8 29.6 95 NA 69.5 95 95 92.8 0.1
19890224 94.8 79 89.1 95 8.8 11 19.2 17.7 7.5 8.8 72.3 0 44.1 52.5 44.5 36.8 95 NA 73.9 95 95 94.8 0.1
19890225 94.9 83.1 91 95 16.1 14.2 22.2 18.1 8.6 9.9 78.4 1.2 43.3 61.9 46 36.1 95 NA 78.2 95 95 94.8 0.8
19890226 94.9 82.9 91.5 95 22.2 17.3 25.4 18.5 9.8 11.1 84.6 2.4 42.6 71.3 48.8 34.5 95 NA 82.8 95 95 94.9 1.5
19890227 95 83.9 92.4 95 29.5 20 28.5 19.1 11.1 12.4 91.7 4.9 41.9 80.6 49.4 33.3 95 NA 86.6 95 95 95 2.9
19890228 95 89.5 93.7 95 22.2 14 20.2 17.3 9.7 13.2 84.6 5 38.6 73.2 49.1 37.1 95 NA 71.2 95 95 94.9 2.9
19890301 95 95 95 95 14.8 7.9 11.8 14.7 7.9 13.7 76.4 5 34.6 56.7 46.4 40.5 95 NA 55.4 95 95 94.9 3
19890302 94.9 95 93.6 95 20.7 10.6 24.5 8.2 6.8 14.6 77.1 2.5 39.2 57.5 62.3 41 95 NA 59.3 95 95 94.9 1.6
19890303 94.8 95 90.8 95 23.4 12.2 35.9 1.7 5.5 14.3 77.8 0 43.5 58.7 75.9 40.8 95 NA 62.3 95 95 94.8 0.1
19890304 94.7 94.2 91.4 95 21.2 11 33.9 1.1 5 21.5 81.8 0 41.7 73 80.9 49.8 95 NA 60 95 95 90.6 0.1
19890305 94.7 93.3 89.1 95 16.9 12.8 32.3 0.5 4.7 27.2 85 0 39.5 80.1 84 57.6 95 NA 57 95 95 87.2 0.1
19890306 94.6 92.3 88.3 95 13.5 11.4 30.2 0 4.1 33.9 87.2 0 37.4 90.7 88.5 68 95 NA 53.9 95 95 82.1 0.1
19890307 94.8 93.3 91.1 95 20.8 22.3 37 2.7 2.3 36.3 88.3 7.4 39.5 90.8 89.8 76.3 93.2 NA 75.1 95 95 88.9 2.1
19890308 95 94.2 94.2 95 27.4 31.1 42.7 5.5 0.5 38.2 89.1 14.7 39.5 91.1 91.8 82.8 89.7 NA 94.2 95 95 94.9 3.9
19890309 95 92 94.2 89.4 44.9 33.8 53.9 5.9 0.2 35 89.4 12.7 40.7 69.9 85.9 73.8 86.5 NA 93.4 95 95 94.9 3.2
19890310 94.9 89.8 93.8 82.9 59.2 36.3 63.9 6 0 31.1 89.3 10.6 41 53 79.7 62.7 80 NA 91.5 95 95 94.9 2.6
19890311 94.7 83.8 86.6 71 55.2 35.5 54.6 6.3 0 29.2 82.6 14.8 40.3 71.7 83.4 67.3 80 NA 93.5 95 95 91 2.8
19890312 94.5 81 83.3 60.4 49.8 33.3 47.5 6.6 0 27.2 75.9 17.6 40.1 81 83.2 67.8 80 NA 93.4 95 95 86.4 3
19890313 94.3 69.7 70.7 43.3 42.4 30.9 37.9 7 0 25.3 69.1 21.6 40.2 95 84.7 68.8 80 NA 94.2 95 95 81 3.3
19890314 94.7 70.4 71.9 54 45.6 29.6 40.4 7.5 0 28.9 75.3 19.8 38.4 95 84.6 72.2 80 NA 93.3 95 95 80.5 2.8
19890315 95 71.2 72.2 58.8 49.9 27.9 42.1 8 0 31.4 78.3 16.9 36.3 95 84.3 72.3 80 NA 92.7 95 95 80 2.3
19890316 94.9 70.5 72.9 57.7 53.2 26.7 50.4 7.5 0 30.3 77.9 8.9 37 82.7 84.3 76.7 80 NA 93.4 95 95 85.8 1.3
19890317 94.8 69.9 73.5 57 56 24.3 56 6.9 0 26.3 77.2 0 35.8 72.9 83.5 79.4 80 NA 94.3 95 95 92.1 0.2
19890318 94.9 58.2 61.2 50.4 62.3 24.1 57.8 8 0.9 30.2 75.1 0 40.7 69.5 81.2 83.8 70 NA 94.6 95 95 92.1 0.2
19890319 94.9 41.7 42.5 40.3 65.2 23.3 57.4 8.9 1.8 32.9 71.4 0 40.9 66.6 77.5 82.4 60 NA 94.8 95 95 90.2 0.2
19890320 95 27.6 26.3 31.5 70.7 23.4 57.5 9.9 2.7 35.8 67.8 0 44.2 62.7 74.3 83.6 50 NA 95 95 95 89.1 0.2
19890321 95 27.4 20.5 22.1 69.7 18.8 60.2 7.3 2.7 34.9 73.9 0 43.8 72.4 79.6 86.9 50 NA 91.2 95 95 90.1 0.1
19890322 95 26.5 14.8 13.7 67.8 13.8 62.2 4.5 2.3 31.4 80.8 0 43.2 80.1 84.4 89.2 50 NA 87.5 95 95 91.2 0
19890323 94.8 17.6 16.9 12.9 68.5 25.9 65 4.7 1.4 32.1 81.6 0 43.4 83 85.1 89.1 50 NA 85.5 95 95 89.7 0.1
19890324 94.5 8.3 18.5 12.1 67 37.4 65.7 4.6 0 31.7 82.4 0 42.5 84.1 85.6 89.3 50 NA 83.6 95 95 88 0.1
19890325 94.6 7 14.3 11.4 57.9 28.8 61.9 2.9 0 31.7 82.4 0 41.2 84.4 85.6 88.9 30 NA 82.3 95 95 86.6 0.1
19890326 94.8 1.1 6.6 6.4 49.9 22.2 59.7 1.5 0 31.6 82.4 0 40.4 84.4 85.5 88.6 20 NA 82.8 95 95 85.4 0.1
19890327 94.8 0 2.1 5.6 39.8 13.5 54.3 0 0 31.5 82.4 0 39.8 84.5 85.3 88 0 NA 79.8 95 95 83.6 0.1
19890328 94.7 0 2.8 4.7 41.3 14.3 52.3 0.9 0 29.8 86.3 0 34.1 72.9 81.6 77.5 0 NA 84.1 95 93.4 81.4 0.1
19890329 94.6 0 2.9 3.7 42.5 15 49.2 1.6 0 26.6 90.4 0 27.8 60.2 77 66.2 0 NA 88.7 95 92.1 76.9 0.1
19890330 88.7 0.4 2.7 3 28.6 9.7 27.6 0.9 0 16.7 79.3 0 22.6 55.2 69.7 59.7 0 NA 67.3 95 84.8 73.3 0.1
19890331 81.9 0.9 2 2 16 4.3 6.1 0 0 6 66.5 0 15.9 51.1 63.4 51.7 0 NA 45.4 95 76.3 68.9 0.1
19890401 81.9 0.4 1 1.5 15.3 2.9 4.4 0 0 4.5 54.6 0 15.7 53.5 64 50.7 0 NA 39.4 95 77.3 64.3 0.1
19890402 85.4 0.2 0.5 0.8 14.4 1.4 3.6 0 0 2.7 43.5 0 15.9 55.3 63.9 50 0 NA 35.1 95 77.4 61 0
19890403 82 0 0 0.2 13.4 0 3.2 0 0 1.3 30.6 0 15.7 56.8 64.1 48.2 0 NA 31.4 95 77.5 54.6 0
19890404 79 0 0 0.2 11.8 0.8 2.3 0 0 0.9 34.6 0 13.5 42.2 56.3 46.6 0 NA 28.6 89.8 82.2 55 0
19890405 75.9 0 0 0 9 1.7 0.4 0 0 0.4 35.5 0 10.1 24.7 43.3 42.6 0 NA 25.2 79.7 88.1 53.2 0
19890406 78.6 0 0 0 9 2.2 0.8 0 0 0.4 33.3 0 5 28.5 42.8 50.3 0 NA 22 89.8 87 54.1 0
19890407 81.2 0 0 0 7.8 2.8 0.5 0 0 0.3 29.7 0 0 30.7 39.8 54.7 0 NA 17.4 95 80.1 51.8 0
19890408 84.9 0 0 0 8.2 2.1 2.3 0 0 0.9 34.2 0 0 35 45.3 52.7 0 NA 16.9 95 85.1 52.8 0
19890409 79.9 0 0 0 8.6 1.6 2.8 0 0 1.5 37.4 0 0 39.5 48.7 48.7 0 NA 15.6 95 82.1 54.4 0
19890410 79.2 0 0 0 9.1 0.8 4.6 0 0 2.1 42.1 0 0 43.7 53.2 45.2 0 NA 15.2 95 83.1 55.5 0
19890411 68.6 0 0 0 6.2 0.5 2.9 0 0 1.2 39.1 0 0 44.9 55.7 38.6 0 NA 11.3 90 88.3 54.1 0
19890412 57.5 0 0 0 3.2 0.1 0.3 0 0 0.1 35.5 0 0 41.2 55.5 31.6 0 NA 5.7 80 93 50.4 0
19890413 56.1 0 0 0 3.3 0.1 0.3 0 0 0.1 37.2 0 0 38.9 50.4 32.4 0 NA 3.6 80 83.2 41.9 0
19890414 53.7 0 0 0 3.4 0 0 0 0 0.1 38.9 0 0 35.4 43.1 32.6 0 NA 0 80 70.4 30.1 0
19890415 51.1 0 0 0 3.3 0 0 0 0 0.1 32.4 0 0 27.7 35.3 27.7 0 NA 0 77.3 67.1 32.2 0
19890416 47.9 0 0 0 3.2 0 0 0 0 0.1 27.8 0 0 22.8 30 23.6 0 NA 0 74.6 63.8 34 0
19890417 44.9 0 0 0 3.1 0 0 0 0 0.2 21 0 0 15.5 22 18.3 0 NA 0 71.9 60.5 35.9 0
19890418 44.8 0 0 0 3.1 0 0 0 0 0.1 19.5 0 0 16 19.8 13 0 NA 0 77.3 60.5 32.9 0
19890419 43.7 0 0 0 3 0 0 0 0 0.1 17.5 0 0 16.5 16.2 6.3 0 NA 0 80 53.9 28.1 0
19890420 32.5 0 0 0 2.8 0 0 0 0 0 14.6 0 0 9.8 15.2 7.8 0 NA 0 90 57.5 27.6 0
19890421 21.7 0 0 0 2.7 0 0 0 0 0 11.7 0 0 2.3 12.5 9.2 0 NA 0 95 61.8 25 0
19890422 16.7 0 0 0 2.1 0 0 0 0 0 12.4 0 0 1.7 10.9 7.4 0 NA 0 95 66.5 25.8 0
19890423 10.7 0 0 0 1.7 0 0 0 0 0 12.9 0 0 1.3 9.5 5.9 0 NA 0 95 65.8 25.6 0
19890424 5.7 0 0 0 1.1 0 0 0 0 0 13.7 0 0 0.7 8.4 3.9 0 NA 0 95 67.4 26.6 0
19890425 3.5 0 0 0 0.5 0 0 0 0 0 9.4 0 0 0.7 6.7 3.6 0 NA 0 76.9 60.6 25.7 0
19890426 1.4 0 0 0 0 0 0 0 0 0 5.1 0 0 0.6 4.4 1.9 0 NA 0 55.4 49.9 22.3 0
19890427 0.7 0 0 0 0 0 0 0 0 0 6.6 0 0 0.3 4 2.4 0 NA 0 61.5 47.6 20.7 0
19890428 0 0 0 0 0 0 0 0 0 0 6.8 0 0 0.1 3.6 2 0 NA 0 68.5 45.9 18.9 0
19890429 0 0 0 0 0 0 0 0 0 0 4.7 0 0 0 3.4 1.5 0 NA 0 59.8 46.7 15.6 0
19890430 0 0 0 0 0 0 0 0 0 0 3.4 0 0 0 3.3 1 0 NA 0 46.7 47.1 11.8 0
19890501 0 0 0 0 0 0 0 0 0 0 1.4 0 0 0 3.1 0.5 0 NA 0 35.9 47.3 8 0
19890502 0 0 0 0 0 0 0 0 0 0 0.7 0 0 0 2.8 0.7 0 NA 0 28.7 35.5 6.9 0
19890503 0 0 0 0 0 0 0 0 0 0 0 0 0 0 2.5 0.8 0 NA 0 15.7 21.2 4.9 0
19890504 0 0 0 0 0 0 0 0 0 0 0 0 0 0 2 0.6 0 NA 0 9.4 17.4 3.9 0
19890505 0 0 0 0 0 0 0 0 0 0 0 0 0 0 1.2 0 0 NA 0 0 8.7 2.1 0
19890506 0 0 0 0 0 0 0 0 0 0 0 0 0 0 1.2 0 0 NA 0 0 5.2 1.3 0
19890507 0 0 0 0 0 0 0 0 0 0 0 0 0 0 1.1 0 0 NA 0 0 3.5 0.8 0
19890508 0 0 0 0 0 0 0 0 0 0 0 0 0 0 1 0 0 NA 0 0 0 0 0
