19901228 16 2.2 0 0 0 0 0 0.2 0.1 0 0 0 0 1.1 3.5 0 39.2 NA 0.2 69.7 0.9 0 0
19901229 18.7 19 0 0 0 0 0 0.2 0.1 0 0 0 0 2.2 4.1 0.1 59.9 NA 9.2 64.5 1.9 0 0
19901230 21.4 33.4 0 0 0 0 0 0.2 0.1 0 0 0 0 3 4.7 0.2 80 NA 18.4 58.7 2.8 0 0
19901231 30.4 36.4 0 0 0 0 0 1.3 0.7 0 4.8 0 0 4.9 5.2 0.4 76.5 NA 20.8 53.5 3.4 0 0
19910101 35.7 37.8 0 0 0.1 0 0 2.4 1.3 0 7.9 0 0 6.3 5.7 0.5 72.9 NA 21.7 51.3 3.9 0 0
19910102 44 40.7 0 0 0.2 0 0 3.3 1.8 0 12.7 0 0 8.2 6.2 0.7 69.4 NA 24.2 43.7 4.4 0 0
19910103 43.2 42.5 0 0 0.5 0 0 3.5 1.3 0.2 12.6 0 0 6.9 6.4 0.9 50.3 NA 23.1 47.3 5.8 0 0
19910104 42.1 39.8 0 0 0.7 0 0 3.7 0.9 0.4 12.5 0 0 5.2 6.5 1 27.6 NA 21.6 51 7.3 0 0
19910105 59.6 43.9 0 0 1.6 0 0.3 5.5 2 0.7 16.6 0 4.3 5.5 7.1 1.2 41.7 NA 31.6 67.6 27.5 8.1 0
19910106 75.6 47.7 0 0 2.3 0 0.5 6.7 2.9 1 19.3 0 7.2 5.8 7.5 1.3 55.8 NA 38.8 74.9 42.3 15.7 0
19910107 95 51.9 0 0 3.2 0 0.8 8.5 4 1.3 23.4 0 11.6 6.2 8.1 1.5 69.9 NA 48.4 88.6 63.1 25 0
19910108 95 57 0.2 0 6.9 0 0.8 7.5 3.2 1.3 24.5 0 18.6 10.3 12.4 2.9 63.3 NA 47.3 91.7 62.3 29.9 0
19910109 95 58.8 0.4 0 10 0 0.9 6.5 2.2 1.2 25.5 0 25.7 14.4 16.5 4.2 53.3 NA 44.7 93.2 61.2 33.8 0
19910110 95 61.9 1.9 2.5 9.3 2.9 0.9 4.8 2.4 1.2 25 0 24.9 14 17.4 4.1 66.7 NA 53.5 94.4 59.6 39.2 0
19910111 95 64.6 3.3 5.1 8.5 5.5 0.9 3.2 2.4 1.1 23.3 0 24.1 13.5 17.8 3.9 80 NA 62.1 95 57.8 43.8 0
19910112 95 69.1 5.7 5.9 14.3 7.6 4 3.7 3 1.2 26.6 0.7 31.3 21.3 20.1 6.4 80 NA 63 95 63.5 48 0.7
19910113 96.4 72.8 7.3 6.5 19 9.5 6 4.1 3.3 1.3 29.6 1.1 34.6 26.5 21.2 8.2 80 NA 63.2 95 66.6 50.4 1.2
19910114 96.4 77.2 9.7 7.4 25 11.8 9.1 4.7 4 1.4 33.3 1.8 40.5 34.1 23 10.8 80 NA 63.7 95 71.6 54.3 1.9
19910115 96.5 77.8 12.7 7 26.2 12.4 9.5 4.7 3.5 1 32.6 0.9 39.5 33.8 23.1 11.3 82.2 NA 64.2 95 73.6 55.5 1.1
19910116 96.5 77.6 14.9 6.6 27.2 12.5 10 4.6 2.9 0.7 31.7 0 38.1 33.3 23 11.8 83.4 NA 64.5 95 75.3 56.2 0.2
19910117 96.6 64.1 12.1 7.5 23 11 9.8 4.9 3.5 0.7 29.1 0 37.4 30.4 22.6 11.3 82.3 NA 58.3 95 72.2 56.8 0.3
19910118 96.5 42.6 7.4 8.3 18.2 9.4 9.7 5.1 3.9 0.7 26.1 0 36.5 27.1 22 10.7 78.7 NA 51.7 95 68.7 57.2 0.3
19910119 96.5 39.6 6.5 7.2 15.9 10.3 8.7 5.5 4.2 0.8 29.8 0 37.4 25.3 21.6 9.2 69.2 NA 51.5 95 74.9 54.6 0.2
19910120 96.2 39.5 5.3 6.1 13.9 10.4 7.6 5.7 4.3 0.9 33.4 0 37.2 23.9 21.5 7.9 64.5 NA 51.1 95 81.1 52.4 0.1
19910121 96.2 36 4.5 5.5 11.8 11.1 6.6 6 4.6 1.1 37.7 0 37.2 22.5 21.3 6.6 50 NA 50.8 95 88.3 50.2 0
19910122 96.5 44.4 9.1 6.9 12.2 11.7 7.6 8.8 6.1 0.9 37.6 0 37.5 24.3 22.7 9.6 50 NA 56.9 94 91.1 51.5 1.4
19910123 96.5 50 11.7 7.1 12.6 12.1 8.1 9.9 6.9 0.7 37.5 0 37.5 25.4 24.1 12.3 50 NA 60.3 93 93.8 52.4 2.4
19910124 97.8 62.7 10.1 7.9 17.4 12.4 14.5 13.2 5.8 2.1 47.4 6.1 38.4 34.4 30.2 12.5 67.8 NA 74.8 94 94.2 52.8 2.2
19910125 97.7 69.1 7.4 7.5 22 12.4 19.4 15.7 4.6 3.3 56.9 10.1 39.3 42.2 36 12.1 76.7 NA 88.5 95 94.4 52.6 1.9
19910126 97.7 75.3 7.6 9 23.1 11.8 19 13.7 4.9 3.6 57.7 6.1 42.2 60.5 48.5 14.4 77.8 NA 89.5 95 94.8 52.9 2.2
19910127 97.7 76.9 9.1 9.6 23.8 11.5 18 12.8 5.1 3.9 58.4 4 43.4 75.9 60.8 17.6 76.8 NA 92.7 100 98.3 54.3 2.3
19910128 97.7 80.5 9.3 10.7 24.8 10.5 17.3 10.8 5.5 4.3 59.1 0 45.4 92.8 72.7 19.7 77.9 NA 93.4 100 98.5 54.6 2.5
19910129 97.8 78.5 8.6 9.6 17.6 9.9 13.5 11.7 6.8 7.5 66.3 0 44.7 82.7 54.7 18.5 79.8 NA 88.7 100 98.6 51.3 2.2
19910130 97.8 74.1 6.6 8.4 10.2 9.1 8.5 12.7 8.2 10 71.1 0 43.6 72.6 33 16.2 79.6 NA 78.4 100 98.5 46.7 1.8
19910131 98.3 76.7 25.7 10.4 17.8 8.2 20.4 13.1 6.4 7.6 66.3 0 48.2 81.9 63.6 26 89.3 NA 88.2 100 98.6 55 2.4
19910201 98.3 75.9 43.6 12.1 22.1 6.9 27.8 13.3 4.4 4.5 58.2 0 52.4 89.7 92.1 35.1 94.2 NA 92.6 100 98.4 61.5 2.9
19910202 98.3 72.2 38 10.5 18.5 6.7 28.2 8.9 4 4 59.9 0 53.7 89.6 92.8 39.5 93.6 NA 93 100 98.4 61.1 2.6
19910203 98.4 68.5 32.4 9.6 16.7 6.7 28.4 5.6 3.9 3.7 61.8 0 53.6 89.8 93.2 42.9 92.9 NA 93 100 98.3 60.8 2.1
19910204 98.4 64.7 26.8 8.2 13 6.4 28.5 1.4 3.4 3.3 64 0 54 89.3 93.5 47.3 92.2 NA 93.2 100 98.3 60.3 1.8
19910205 98.4 68.4 28.3 8.4 9.1 8.2 18.6 0.9 2.3 2.8 55.5 0 46.5 57.4 64.3 28.1 92.3 NA 72.9 100 98.3 50.9 0.9
19910206 98.2 70.4 27 8.5 3.4 9.8 4 0.3 1.3 2.1 45.8 0 36.7 28 33.9 8 92.1 NA 49.4 100 95.8 39.7 0
19910207 98.5 65.9 20.3 6.3 3.5 6.8 2.8 0.1 1.2 2.8 48.9 0 31.2 27.1 30.2 6.1 91.7 NA 48.1 100 91 38.4 0
19910208 98.4 56.4 8.2 4.1 3.6 3.8 1.6 0 1 3.4 51.3 0 25.8 22.2 23.6 3.4 90.8 NA 46.8 100 85.5 37.1 0
19910209 96.1 57.7 4.3 3 4 3.8 1.6 0.1 1 2.7 51 0 26.8 18.1 19.1 3.3 79.4 NA 46.6 100 86.9 35.6 0
19910210 95.4 58.2 3 2.2 4.2 3.7 1.5 0.3 1.1 2.2 50.9 0 27.4 13.5 16.2 3.2 68.9 NA 44 95 87.7 33.8 0
19910211 90.8 59.5 1 1.2 4.6 3.8 1.4 0.4 1.1 1.5 51 0 28.2 8.9 12.4 3.2 50.9 NA 43.9 95 89.3 32.2 0
19910212 90.7 46.9 1 2.9 4.2 2.5 1.6 0.8 1.8 1 49.5 0 26 6.3 11 3.8 61 NA 43.4 95.8 90.6 35.3 0
19910213 90.5 31.1 0.2 3.9 3.6 0.9 1.7 1.1 2.3 0.6 47.5 0 23.9 2.7 8.1 3.9 72.5 NA 42.9 95.8 91.8 37.9 0
19910214 95.3 46.1 7.2 10.1 11.1 3.6 7.8 3.9 1.6 0.5 47.6 0 32.3 17 15.9 6.9 58.5 NA 65.1 95.8 94 49.6 0.9
19910215 97.8 57.6 12.3 15.3 17.6 5.5 11.9 5.6 0.9 0.5 47.5 0 37.1 31.3 23.7 9.5 45 NA 83.3 95 95.5 60.1 1.5
19910216 97.8 73.9 10.8 14.2 16.1 4.6 10.9 6.4 0.9 1 47.4 0 38.9 44.2 31.2 12.4 66.6 NA 77.1 95 95.5 58 1.2
19910217 98 80.8 9.9 12.7 15.2 4.2 10.5 8 0.9 1.5 48.1 0 39.9 53.7 38.3 15.3 78.3 NA 75.6 95 95.4 56.5 1.1
19910218 98 92.2 8.3 12 13.3 3.2 9.2 8.6 0.9 2.1 48.4 0 41.4 66.4 46.7 18.7 95 NA 69.6 95 95.4 54.3 0.9
19910219 98 90 8.8 11.3 9.7 4.3 10.5 8.8 1.9 2 45.7 0 38.9 56.3 44 19.3 92.4 NA 83.1 95 95.4 61.1 1.3
19910220 97.9 85 8.1 10.4 5.4 5.3 11.1 8.9 2.8 1.8 42.4 0 36.2 44.9 41.1 19.6 87.2 NA 93 95 95 64.5 1.6
19910221 97.9 63.5 7.1 12.9 3.7 3.8 7.6 6.9 2.4 1.4 43.9 0 32.1 45.2 43.9 21.6 81 NA 74.2 99.5 95 56 1
19910222 97.5 39.4 3.9 13.8 2.4 2.2 4.4 4.7 1.9 0.8 44.9 0 26.8 44.7 46.4 23.2 70.7 NA 53.5 99.5 95 44.2 0
19910223 97.5 36.2 5.4 10.6 4.6 3.3 6.3 7.2 3.8 4.2 58.7 0 33.3 60.6 60.5 30.3 52.9 NA 56.5 99.5 95 53.6 0
19910224 98.1 31 7.6 9.2 7 3.9 7.9 8.9 5.1 6.9 72.2 0 39.6 76.5 74.8 37 31.4 NA 60.8 95.8 95 60.5 0
19910225 98.1 27.2 9 6 9.4 5 9.7 11.4 7.1 10.5 88.2 0 44.5 95.1 91.3 45.1 10 NA 62.4 95.8 95 69.5 0
19910226 98.3 55.3 18.6 23.7 18.7 6 7.2 9.2 5.8 9.3 80 0 41.5 95.7 93.6 58.3 50 NA 64.1 100 99.5 79.7 0
19910227 98.1 77 25.8 36.8 27.5 6.6 3.8 6.6 4.3 7.4 72.4 0 37.7 95.6 95.5 69.6 88.5 NA 62.4 100 99.5 87.2 0
19910228 98.4 54.6 31.2 45.1 29.4 4.2 4.7 3.6 2.4 6.3 80.1 0 45.9 95.9 95.5 70.2 74.3 NA 51.2 100 99.7 84.8 0
19910301 98.3 32.3 36 53.3 30.3 1.8 5.4 0.3 0.3 5 88.6 0 53 95.9 95.4 70.3 59.8 NA 39.5 100 99.6 82.2 0
19910302 98.3 30.8 33.7 39.6 24.8 2.6 5.6 0.3 0.3 6.1 89.4 0 46.1 95.9 95.4 76.2 63.1 NA 46.6 100 99.6 73.5 0
19910303 98.3 26.5 31 24.6 20.1 4.1 6.1 0 0 7.3 90.1 0 40.5 95.9 95.9 80.2 67.3 NA 51.1 100 99.7 64.6 0
19910304 98.3 21.9 28 11.3 15.4 4.9 6.3 0 0 8.9 91.3 0 33.1 95.9 95.9 85.4 67 NA 57.7 100 99.7 55.8 0
19910305 98.6 19.4 22.9 8.7 14.2 3.3 5.6 0 0 6.4 88.1 0 27.4 95.9 96 84.6 61.1 NA 56.3 100 99.7 55.2 0
19910306 98.4 14.6 16.8 5.1 12.2 0.9 4.1 0 0 3.4 81.8 0 18.5 95.6 95.4 82.8 53.5 NA 53.9 100 99.7 53.3 0
19910307 88.8 11.2 13.2 4.4 8 1.2 3.2 0 0 2.1 66.4 0 17.2 94.8 92 73 46.2 NA 45.8 100 98.5 55.3 0
19910308 79 3.2 7.3 3.6 3.7 1.5 1.6 0 0 0.7 48.6 0 15 92.9 88.8 62.9 38.1 NA 37.3 100 97.6 53.7 0
19910309 80.3 2.3 5.2 4.9 6.6 1.3 2.5 0 0 0.7 50.2 0 17.7 91 90.7 64.1 37.4 NA 46.1 100 98.5 61 0
19910310 81.4 0.5 4.1 5.5 8.7 1 3 0 0 0.6 51 0 20.3 86.9 91.5 66.4 35.9 NA 54.3 95 94.3 63.6 0
19910311 82.3 0.1 2.4 6.9 11.5 0.7 4 0 0 0.6 51.4 0 23.5 83.8 92.5 65.5 34.5 NA 61.7 95 95 69 0
19910312 90.1 10.4 3.6 6.4 10.3 1.6 2.8 0 0 2.6 48.6 0 21.8 84.5 85.1 53.1 43 NA 48.3 100 96.8 77 0
19910313 97.9 19.7 4.5 5.2 9 2.4 1.4 0 0 4.6 43.9 0 19.8 85.3 77.3 38.4 49.4 NA 34.7 100 93.8 83.9 0
19910314 92.6 10.4 3.1 5.3 6.9 1.8 1.5 0 0 3.8 40.4 0 19.2 89.5 73.5 32.4 38.4 NA 31.9 99.8 90.6 68.4 0
19910315 86.4 0.9 1.3 5.2 4.3 1.2 1.2 0 0 2.9 36.8 0 18.4 93.9 69.1 26 26 NA 28.7 99.6 87.8 53.9 0
19910316 82.2 0.9 0.9 4.1 4.2 1.1 1.1 0 0 2.7 35.3 0 17.8 91.8 63.4 23.4 26 NA 25.9 99.7 89.6 51.8 0
19910317 77.9 0 0.7 3.5 4.1 1.2 0.9 0 0 2.5 30.4 0 17.4 89.9 58.9 21.5 23.1 NA 23.6 99.9 90.8 48.8 0
19910318 72.1 0 0.3 2.4 3.9 1.3 0.8 0 0 2.6 26.9 0 17.1 86.4 53.7 19.1 23 NA 20.7 100 92.4 45.7 0
19910319 74.8 0 0.4 2.5 3.4 0.9 1 0 0 2.7 26.1 0 13.9 87.2 56 16.5 13.6 NA 19.8 100 93.5 44.9 0
19910320 77.7 0 0.5 2.6 2.6 0.5 0.9 0 0 2.7 25 0 11.2 87.2 57.5 12.3 4.2 NA 18.8 100 94.4 41.1 0
19910321 76.1 0 0.4 2.8 2.6 0.5 1 0 0 1.5 22.7 0 6.7 91.1 59 10.6 3.6 NA 17.2 100 94.3 42.3 0
19910322 74.5 0 0.2 2.7 2.6 0.4 0.8 0 0 0.4 19.3 0 1.5 95 60.1 8.3 3 NA 14.4 100 94.5 42.6 0
19910323 73.5 0 0.1 2.3 2.4 0.3 0.5 0 0 0.4 17.4 0 2.1 76.3 48.7 5.9 2.5 NA 12.4 100 93.3 39.2 0
19910324 71.9 0 0.1 2.1 2 0.3 0.3 0 0 0 14 0 3.2 60.1 39.3 4.6 1.3 NA 10.4 100 87.6 36.4 0
19910325 70.5 0 0 1.8 1.9 0.3 0 0 0 0 12.4 0 3.8 39.1 28.2 2.8 0.6 NA 8.1 100 86.7 33.5 0
19910326 61.8 0 0 1.3 1.6 0.2 0 0 0 0.5 12.4 0 4.4 26.7 22.1 3 0.6 NA 5.2 100 86.5 32.1 0
19910327 52.3 0 0 0.7 1.1 0 0 0 0 1.1 11.7 0 4.9 14.6 15.8 2.7 0 NA 2 100 86 30.3 0
19910328 46.2 0 0 1.3 0.9 0 0 0 0 0.6 8.2 0 2.5 11.8 15 2.8 0 NA 1.4 100 88.4 28.4 0
19910329 39.6 0 0 1.9 0.6 0 0 0 0 0.2 3.9 0 0 8.4 14 2.6 0 NA 0.4 100 91.1 25.8 0
19910330 36.4 0 0 1.2 0.8 0 0 0 0 0.1 4 0 0 7.7 13.1 2.5 0 NA 0.7 100 83.6 24.7 0
19910331 30 0 0 0.7 1 0 0 0 0 0.1 4.7 0 0 7.8 12.4 2.2 0 NA 0.6 95 77.2 23.1 0
19910401 26.3 0 0 0 1.2 0 0 0 0 0 4.9 0 0 7.4 11.7 2.2 0 NA 1 95 70.9 22.1 0
19910402 18.9 0 0 0 1.7 0 0 0 0 0 3.6 0 0 9.4 10.2 2 0 NA 0.5 91.8 69.3 21 0
19910403 10.4 0 0 0 2.2 0 0 0 0 0 2.3 0 0 11.1 8.5 1.7 0 NA 0 88.2 67.3 19.7 0
19910404 11.2 0 0 0 1.9 0 0 0 0 0 2.2 0 0 14.9 8.6 1.5 0 NA 0 84.1 69.2 19.7 0
19910405 11.9 0 0 0 1.7 0 0 0 0 0 2.1 0 0 18.3 8.6 1.5 0 NA 0 80.4 70.5 19.7 0
19910406 8.3 0 0 0 1.4 0 0 0 0 0 1.7 0 0 16.3 8.8 1.7 0 NA 0 82 64.1 19.3 0
19910407 4.9 0 0 0 0.9 0 0 0 0 0 1.2 0 0 15 8.8 1.9 0 NA 0 83.2 57.3 19.1 0
19910408 0.8 0 0 0 0.6 0 0 0 0 0 0.9 0 0 12.3 8.8 2.1 0 NA 0 84.1 48.3 18.6 0
19910409 0.8 0 0 0 0.5 0 0 0 0 0 0.7 0 0 9.5 8 1.6 0 NA 0 80.9 46.4 18.3 0
19910410 0 0 0 0 0.2 0 0 0 0 0 0.3 0 0 6.7 7 0.3 0 NA 0 73.5 43.3 17.7 0
19910411 0 0 0 0 0.2 0 0 0 0 0 0.3 0 0 4.8 5.6 0.6 0 NA 0 72.5 34 15.1 0
19910412 0 0 0 0 0.1 0 0 0 0 0 0.1 0 0 2.7 3.9 0.9 0 NA 0 71.5 20.7 11.8 0
19910413 0 0 0 0 0.1 0 0 0 0 0 0.1 0 0 3.6 3.6 0.7 0 NA 0 67.9 20.3 13 0
19910414 0 0 0 0 0 0 0 0 0 0 0 0 0 4.3 3.5 0.6 0 NA 0 69.9 19.6 13.2 0
19910415 0 0 0 0 0 0 0 0 0 0 0 0 0 5.1 3.3 0.4 0 NA 0 65.9 19.2 14.1 0
19910416 0 0 0 0 0 0 0 0 0 0 0 0 0 4.7 3.1 0.6 0 NA 0 75 17.2 15 0
19910417 0 0 0 0 0 0 0 0 0 0 0 0 0 4.1 2.7 0.8 0 NA 0 76.8 14.5 14.4 0
19910418 0 0 0 0 0 0 0 0 0 0 0 0 0 3.6 2.6 0.5 0 NA 0 70 13.4 13.4 0
19910419 0 0 0 0 0 0 0 0 0 0 0 0 0 2.8 2.5 0.2 0 NA 0 55.9 9.8 10.8 0
19910420 0 0 0 0 0 0 0 0 0 0 0 0 0 2.8 2.5 0.3 0 NA 0 41.9 7 8.9 0
19910421 0 0 0 0 0 0 0 0 0 0 0 0 0 2.7 2.4 0.5 0 NA 0 23.9 4.4 5.8 0
19910422 0 0 0 0 0 0 0 0 0 0 0 0 0 2.7 2.3 0.6 0 NA 0 5 1 3.6 0
19910423 0 0 0 0 0 0 0 0 0 0 0 0 0 2.4 2.2 0.3 0 NA 0 5 1 2.7 0
19910424 0 0 0 0 0 0 0 0 0 0 0 0 0 2.1 2.1 0 0 NA 0 4.1 0.6 0.9 0
19910425 0 0 0 0 0 0 0 0 0 0 0 0 0 1.8 2.2 0 0 NA 0 4.1 0.6 0.8 0
19910426 0 0 0 0 0 0 0 0 0 0 0 0 0 1.3 2 0 0 NA 0 0 0 0.2 0
19910427 0 0 0 0 0 0 0 0 0 0 0 0 0 1.1 1.6 0 0 NA 0 0 0 0.2 0
19910428 0 0 0 0 0 0 0 0 0 0 0 0 0 1.1 1.5 0 0 NA 0 0 0 0 0
19910429 0 0 0 0 0 0 0 0 0 0 0 0 0 1 1.1 0 0 NA 0 0 0 0 0
19910430 0 0 0 0 0 0 0 0 0 0 0 0 0 1.5 0.8 0 0 NA 0 0 0 0 0
19910501 0 0 0 0 0 0 0 0 0 0 0 0 0 2 0.5 0 0 NA 0 0 0 0 0
