19911206 54.4 0.5 0 0 0 0 0.3 0 0 0.2 0.1 0 0 9.7 12.9 1 0 NA 4.8 47.4 19.3 0 0
19911207 48.2 0.5 0 0 0 0 0.2 0 0 0.1 0.1 0 0 8.2 12.4 1 0 NA 4.3 49.6 18.8 0 0
19911208 42.5 0 0 0 0 0 0.1 0 0 0 0 0 0 7 11.9 1 0 NA 3.7 51.9 18.3 0 0
19911209 38 0 0 0 0 0 0 0 0 0 0 0 0 5.8 11.6 1 0 NA 3.3 54.1 17.8 0 0
19911210 26.3 0 0 0 0 0 0 0 0 0 0 0 0 6.8 10.7 1 0 NA 2 31.8 11.1 0 0
19911211 11.2 0 0 0 0 0 0 0 0 0 0 0 0 7.8 9.7 1 0 NA 0.3 3.5 3 0 0
19911212 10.8 0 0 0 0 0 0 0 0 0 0 0 0 6.3 8.7 0.6 0 NA 0.2 3.7 1.8 0 0
19911213 9.4 0 0 0 0 0 0 0 0 0 0 0 0 4.6 7.2 0.2 0 NA 0 2.2 0.5 0 0
19911214 12.1 0 0 0 0 0 0 0 0 0 0 0 0 5.5 8.6 0.4 0 NA 0 4.5 1.4 0 0
19911215 13.4 0 0 0 0 0 0 0 0 0 0 0 0 6.3 9.3 0.6 0 NA 0 4.6 2.7 0 0
19911216 15.7 0 0 0 0 0 0 0 0 0 0 0 0 7.1 10.5 0.8 0 NA 0 6.8 3.5 0 0
19911217 19.5 0 0 0 0.1 0 0 0 0.3 0 0 0 0 7.6 12.4 0.9 0 NA 1.4 14.8 4.7 0 0
19911218 22.5 0 0 0 0.1 0 0 0 0.6 0 0 0 0 8.2 13.8 1.1 0 NA 2.9 19.3 5.6 0 0
19911219 25 17.6 0 0 0.3 0 0 0.2 0.9 0 0.3 0 0 7.1 14.9 1.2 11.6 NA 16.4 39.2 5.4 0.4 0
19911220 26.5 31.8 0 0 0.5 0 0 0.4 1.3 0 0.6 0 0 6 15.4 1.3 19.3 NA 29.7 53.7 5 0.8 0
19911221 27.1 28.1 0 0 0.4 0 0 0.2 0.8 0 0.3 0 0 7 15 1.3 20.4 NA 27.6 50.6 5 0.8 0
19911222 26.2 22.2 0 0 0.3 0 0 0.1 0.5 0 0.2 0 0 7.8 14.9 1.3 20.7 NA 26.1 39.8 4.3 0.8 0
19911223 26.5 17.2 0 0 0.2 0 0 0 0 0 0 0 0 8.8 14.2 1.3 21.7 NA 23.9 36.7 4.3 0.8 0
19911224 26.3 16.6 0 0 0.4 0 0 0 0 0 0.7 0 4.5 12.4 16.2 1.3 20.5 NA 16.3 53.2 10.3 11.1 0
19911225 25.4 15.1 0 0 0.2 0 0 0 0 0 0.5 0 4.5 11.6 15.2 1.4 15.5 NA 15.4 55.6 10.7 11.5 0
19911226 24.1 13.6 0 0 0.1 0 0 0 0 0 0.2 0 4.5 10.9 14.9 1.4 8.5 NA 14.3 66.8 12.2 13 0
19911227 23.2 12.2 0 0 0 0 0 0 0 0 0 0 4.5 10.2 13.9 1.5 1.8 NA 13.4 69.1 12.6 13.4 0
19911228 20.1 9 0 0 0 0 0 0 0 0 0 0 3 7.4 12.2 1.3 1.8 NA 10.4 59.6 10.4 10.2 0
19911229 16.9 5.4 0 0 0 0 0 0 0 0 0 0 1.5 5 10.3 1 0 NA 6 49.8 8.1 7.5 0
19911230 13.6 2.2 0 0 0 0 0 0 0 0 0 0 0 2.6 8.4 0.8 0 NA 2.9 40.3 6 4.2 0
19911231 21.3 2.5 0 0 0 0 0 0 0 0 0 0 0 4.4 9.4 0.8 0 NA 4.3 74 7.9 11.2 0
19920101 17 1.5 0 0 0 0 0 0 0 0 0 0 0 4.1 9.9 0.9 0 NA 3.4 69.7 7.1 10.4 0
19920102 12.5 1 0 0 0 0 0 0 0 0 0 0 0 3.8 10.1 0.8 0 NA 2 65.4 6.7 9.6 0
19920103 8.5 0 0 0 0 0 0 0 0 0 0 0 0 3.6 10.6 0.8 0 NA 1.1 61 5.9 8.8 0
19920104 7.3 0 0 0 0 0 0 0 0 0 0 0 0 3.5 9.9 0.7 0 NA 1.6 54.6 5.1 8.7 0
19920105 6.1 0 0 0 0 0 0 0 0 0 0 0 0 3.7 9.7 0.6 0 NA 1.6 43.6 4.7 7.4 0
19920106 4.9 0 0 0 0 0 0 0 0 0 0 0 0 3.5 9 0.5 0 NA 2.1 37.2 3.9 7.3 0
19920107 5.8 0 0 0 0 0 0 0 0 0 0 0 0 3.8 9.2 0.5 0 NA 20.9 37.2 4 7.3 0
19920108 6 0 0 0 0 0 0 0 0 0 0 0 0 4 9.4 0.5 0 NA 38.8 37.2 3.9 6.9 0
19920109 7 0 0 0 0 0 0 0 0 0 0 0 0 5 10.4 0.6 0 NA 40 48.8 4.8 9.5 0
19920110 7.9 0 0 0 0 0 0 0 0 0 0 0 0 5.4 10.9 0.6 0 NA 39 54.3 5 11.6 0
19920111 10 0 0 0 0 0 0 0 0 0 0 0 1.1 5.6 11.8 0.7 0 NA 36.7 62.2 5.6 13.2 0
19920112 11.9 0 0 0 0 0 0 0 0 0 0 0 2.7 5.7 12.8 0.7 0 NA 34.5 72.3 6.7 15.9 0
19920113 14 0 0 0 0 0 0 0 0 0 0 0 3.8 5.8 13.7 0.7 0 NA 32.2 80.2 7.3 17.5 0
19920114 18.5 0 0 0 0 0 0.3 0 0 0 0 0 3.8 5.9 15.8 1 0 NA 37 79.6 7.2 17.8 0
19920115 21 0 0 0 0 0 0.6 0 0 0 0 0 3.8 5.9 17.1 1.3 0 NA 38.3 76.7 7 17.1 0
19920116 38 10.8 0 0 3.3 0 0.3 0 0.7 0 13.4 0 11.7 10.9 18.8 1.4 13.4 NA 41.8 86.2 9.7 28.9 0
19920117 50.4 18.6 0 0 5.8 0 0 0.1 1.2 0.1 22.9 0 17.6 15 20.1 1.4 22.4 NA 44.9 93.6 11.2 38.6 0
19920118 62.9 32.3 1 0.7 6.2 0 0 0.4 1.5 0.2 24.8 0 19.4 15.1 21.1 1.5 32.8 NA 44.8 91.9 14.1 38.4 0
19920119 74.8 46.8 1.5 1.4 6.5 0 0 0.6 1.8 0.4 26.1 0 22.2 15.8 22.3 1.6 41.8 NA 45.4 92.6 15.3 38.5 0
19920120 87.9 60.4 2.4 2.2 6.9 0 0 0.8 2.2 0.6 27.7 0 24 16 23.4 1.7 54.4 NA 45.3 90.8 18.2 38.2 0
19920121 91.1 57.9 2.6 2.4 8.4 0.4 0 2.7 2.7 0.5 32.1 0 22.4 14.9 23.4 4.3 68.4 NA 45.5 96.5 21.9 41.4 0
19920122 95 57 2.5 2.6 9.4 0.6 0 4 3.1 0.4 37.2 0 17.9 13.7 23.4 6.7 78.3 NA 45.4 99.1 24.9 44.5 0
19920123 95.3 65.8 3.7 1.8 11.7 0.9 0 3.3 2.9 0.5 38.8 0 20.9 15.6 25.4 7.3 78.6 NA 46.2 92.8 30.3 46 0
19920124 95.4 74.4 4.5 1.1 13.1 1.1 0 2.3 2.5 0.5 40.2 0 23 17 26.5 7.8 74.3 NA 46.7 85.8 35 47.2 0
19920125 95.4 74.8 4.5 1.6 13.2 1 0 3.3 3.2 0.5 41.2 0 24.4 18 27.2 8.2 74.1 NA 46.6 86.5 38.2 47.6 0
19920126 95.4 75 4.5 1.8 13.2 0.9 0 3.7 3.6 0.4 41.5 0 25.9 19.1 28 8.6 73.8 NA 47.1 86.9 40.2 48 0
19920127 95.3 75.3 4.6 2.2 13.3 0.9 0 4.7 4.4 0.4 42.3 0 27.7 20.3 28.9 9 73.5 NA 47 87.6 43.4 48.5 0
19920128 95.5 77.3 6.2 4.7 23.3 4.8 4.1 4.9 4.5 8.6 62.9 5.4 33.7 20.8 32 11.4 84.7 NA 69.1 93.9 49.8 62.5 0
19920129 95.6 79 7.8 7.3 33.6 8.4 7.8 4.2 3.6 15.9 82.2 10.7 39.1 21 34.2 13.3 91.7 NA 88.8 99.3 56.7 75.4 0
19920130 95.9 80.8 9.1 14.8 34.2 9.3 7.8 3.5 4 15.9 82.5 10.9 37.9 20.2 34.5 13.7 92.8 NA 87.2 99.3 58.6 75.1 0
19920131 95.9 82.2 10.1 21.6 34.6 10.1 7.5 2.9 4.3 15.6 82.7 11.1 36.5 19.3 34.6 14 93.7 NA 85.3 99 60 74.5 0
19920201 95.9 85.8 18.9 26.3 40.1 14 12.5 11.2 8.8 21.7 86.6 13.9 43.3 25.1 38 16 94.1 NA 88.6 99 71.2 77.1 3
19920202 97.9 89.3 27.8 31 45.7 18 17.6 19.5 13.2 27.8 90.5 16.7 50.2 30.9 41.4 18 94.4 NA 92.4 99.7 82.5 80.4 6.1
19920203 97.9 93.5 37 36.4 52.2 22.7 23.4 29.3 18.7 34.9 95.1 19.4 58.1 37.6 45.4 20.3 95 NA 96.3 99.7 95.5 83.4 9.1
19920204 98 89.7 52.5 24.9 41.4 18.1 15.8 20.2 11.6 25.9 90.6 17.6 49.1 29.9 38.8 15.9 95 NA 89.6 99.8 95.5 80 4.7
19920205 97.5 85.5 64 12 29.3 13.2 7.5 9.5 3.5 15.1 82.8 13.1 37.2 21.3 31.5 10.8 94.9 NA 81.5 99.4 94.6 76.3 0.3
19920206 98 84.9 63.7 11.8 30.3 12.9 7 7 4.4 14.1 87.5 8.6 34.7 19.9 31.4 10.8 94.9 NA 81.8 99.4 85.5 76 0.3
19920207 97.8 83.4 60.5 11.1 30.3 11.7 6.2 3.6 5 12.5 89.6 2 31.6 18.3 31.1 10.7 94.9 NA 80.1 98.8 75.5 74.6 0.3
19920208 97.9 87.5 75.3 32.9 33.9 12.6 10.5 2.9 4.5 12.1 89.1 1.2 35.2 18.3 31.1 12.4 94.9 NA 84.6 98.8 83.3 75.9 0.6
19920209 97.5 87.4 81.2 47.3 35.9 12.4 13.5 2 3.6 10.8 87.7 0.8 40.3 18.4 31.1 14.2 95 NA 86.3 99.5 92 75.5 0.9
19920210 97.5 89.9 91.4 69.7 39.1 12.9 17.7 1.4 3.1 10.2 86.7 0 44.5 18.6 31.3 16.2 95 NA 90 99.5 97.5 76 1.3
19920211 97.6 89.8 90.9 66.8 40.5 12 19.2 2 1.7 9.3 85.1 0 48.2 17.8 29.5 17.9 90 NA 91.6 99.5 97.8 73 2.6
19920212 97.5 89.5 89.6 58.5 41.6 10.2 20.4 2.6 0.3 7.5 81.2 0 51.4 16.6 26.9 19.3 80 NA 91.8 95.2 97.5 67.5 3.7
19920213 97.9 92.1 90 70.3 35.6 9.8 20.3 2.9 0.9 7.3 81.1 0 48.7 16.2 26.7 21 80.1 NA 93.4 98.9 97.8 70 4
19920214 97.9 93.1 89.6 74.8 28.8 9.3 19.4 3 1.2 6.8 80.9 0 45.2 15.4 26.2 22.5 80.2 NA 94.6 98.9 97.5 69.9 4.2
19920215 97.9 92.6 91.3 76.4 24.5 9.7 18.4 3.1 1.1 7 83.2 0 51.5 19 25.8 21.9 87.6 NA 91 98.1 97.2 72.3 3.3
19920216 97.8 92.6 92.5 83.9 21.2 9.8 17.7 3.2 1 7.2 85.5 0 57.6 22.6 24.6 21.7 87.6 NA 88.5 98.3 97 75.4 2.5
19920217 97.8 91 93.9 84.2 17 10.6 16 3.2 0.9 7.4 86.8 0 65 26.9 24.4 20.8 91.2 NA 83.9 96.6 96.4 77.2 1.7
19920218 95.6 89 92.4 62 14.4 14.8 15.7 2.6 1.1 6.4 78.3 0 51.8 26.5 24.3 20.2 85.4 NA 74.1 84.8 96.6 77.1 1.3
19920219 93.5 86.2 90.7 39.6 10.4 17.9 14.1 1.7 1.2 5 68.6 0 37.1 25.7 24 18.9 77.8 NA 61.4 74.3 96.5 74.4 0.8
19920220 95.4 79.9 84.1 30.7 8.5 11 12.6 2.7 1.2 3.8 51.6 0 38.1 21.1 18.8 14.2 78 NA 62.7 81.6 95.7 64.1 0.7
19920221 97.4 73.8 76.8 20.4 5.6 2.5 10.3 3.5 1.1 2.2 33.8 0 38.8 16.1 12.8 9.2 73.5 NA 63.6 89.7 94.4 53.1 0.6
19920222 97.5 79.8 77 23.7 10.7 4.9 9 2.6 0.8 1.7 35.9 0 36.9 15.5 15.8 14.5 74.2 NA 62.4 92.2 95.7 62.4 0.4
19920223 97.6 84.8 82.2 28.4 15 7.3 6.9 1.4 0.5 1.3 35.7 0 36.3 15.1 18.2 18.7 74.9 NA 61.5 94.2 98.1 70.4 0.2
19920224 97.7 89 77.4 29 18.8 9.6 4.9 0.3 0.1 0.8 37 0 33.3 14.7 20.5 23 75.6 NA 60.6 96.4 98.9 76.7 0
19920225 97.7 83.5 76.7 27.6 16.6 10.6 5.7 0.3 0.4 0.5 33.7 0 32.1 14.1 18.8 20.7 78.3 NA 62.7 85.9 93.2 70.9 0
19920226 97.5 75.2 75 26.3 13.7 11.1 5.6 0 0.5 0.2 31.1 0 31 13.3 16.6 17.3 79.6 NA 64.4 70.4 87.1 64.4 0
19920227 95 57.9 63.2 27.4 11.9 10 6.1 0 0.3 0.5 33.4 0 29.9 14.3 15.9 16.6 79.9 NA 68 74.5 91.7 63.2 0
19920228 90 36.9 51.1 28.3 9.7 8.1 5.5 0 0.1 0.7 34.9 0 28.4 15 14.3 15 80 NA 71 75.4 96.3 58.4 0
19920229 92.3 46.5 52.6 35.3 10.8 9.4 9 0 0.1 1.1 37.5 0 36.5 16.4 16 19.1 90 NA 70.9 85.5 98.1 69.5 0
19920301 91.5 56.2 55.3 45.7 11.2 10.3 12.5 0 0 1.5 39.7 0 42.4 17.6 17.3 21.9 90 NA 72.4 91 98.5 73.9 0
19920302 91.8 63 55.5 50.2 12 11.4 16 0 0 1.9 42.1 0 51.3 18.7 18.7 25.2 95 NA 72.4 100 99.4 82.7 0
19920303 95.3 71.6 71.3 60.1 11.6 8.9 11.9 0 0 1 41.4 0 39.6 16.4 16.8 21.7 95 NA 77.2 100 99.4 84.2 0
19920304 97.2 81.2 85.7 67 11 5.1 7.4 0 0 0 37.9 0 26.3 13.6 14.6 17.6 95 NA 81.8 99.4 99.2 84.4 0
19920305 97.2 49.2 44.9 35.3 9.1 4.8 4.6 0 0 0.2 34 0 26.6 13.5 13.7 15.4 50 NA 69.9 99.4 99.3 73.4 0
19920306 97.2 15 5 6.2 7.2 4.4 1.5 0 0.1 0.3 27.4 0 26.4 13.3 12.4 12.7 5 NA 56.8 99 99.2 61.3 0
19920307 97.2 15 5 6.2 6 3.7 1.3 0 0 0.2 23.7 0 25.4 12 11.2 10.8 5 NA 56.4 99 97.8 57.9 0
19920308 97.3 8.3 5 6.2 4.6 3.1 1 0 0 0.2 20.6 0 24 10.8 10.4 8.6 5 NA 52.8 99.1 95.6 53.2 0
19920309 97.3 5 5 6.1 3.4 2.8 0.8 0 0 0.2 16.6 0 23.4 9.7 9.1 6.2 5 NA 50.9 99.1 93.4 48.7 0
19920310 90.3 5 5 9.2 2.8 2.4 0.7 0 0 0.2 16.4 0 21.2 7.8 9.9 6.9 5 NA 50.2 98.6 93.7 47 0
19920311 83.1 3.3 0 8.7 1.8 1.6 0.5 0 0 0.2 15.7 0 18.5 5.5 9.9 6.7 5 NA 46.9 97.3 91.8 44.6 0
19920312 90.2 3.3 0 5.7 16.8 3.3 3.4 0 0 0.2 36.7 0 12.6 14.1 15.3 17.7 5 NA 62.5 98.6 95.9 61.6 0
19920313 96.5 3.3 0 0.8 30.7 4.9 6 0 0 0.2 55.3 0 5.1 21.7 20.7 27.8 5 NA 74.9 99 99.1 77.2 0
19920314 96.6 3.3 0 0.8 36 7.5 8.3 0 0 0.3 52.1 0 10.9 36.6 27.3 32.9 5 NA 77.6 99 99.1 81.3 0
19920315 96.9 3.3 0 0.8 42.7 10.3 11.8 0 0 0.3 49.7 0 19.6 55.2 37 40.6 5 NA 82.3 99 99.7 85.6 0
19920316 96.7 0 0 0 48 12.9 14 0 0 0.4 45.1 0 25.5 69.8 43.6 45.8 0 NA 84.5 98.8 99.7 89.9 0
19920317 96.8 0 0 0 54 15.6 16.9 0 0 0.5 42.9 0 32.7 86.7 51.7 52.1 0 NA 88.4 98.8 99.7 94.6 0
19920318 91.7 5 18 18.8 57.9 11.7 16.2 0 0 0.4 43.2 0 46.1 75 51.1 43.4 21.1 NA 92.4 98.9 99.6 92.1 0
19920319 90.8 8.2 12 25.5 46.9 11.4 15.1 0 0 0.3 39.7 0 42.4 61.3 44 46.6 21.5 NA 76.8 98.8 99.3 89 0
19920320 88.6 14.5 5 31.3 33.8 10.4 13.6 0 0 0.2 35.6 0 37.9 46 36.5 49.7 19.6 NA 62 98.5 98.9 85.4 0
19920321 90.6 14.8 5 26.1 40.3 26.5 28.7 0 0 2.3 34.3 0 39.7 59.1 54.2 57.8 29.6 NA 69.1 98.7 99.2 89.9 0
19920322 91.8 14 5 16.3 45.8 42.2 43.9 0 0 4.4 33.3 0 41.4 69.6 69.4 65.1 33.1 NA 76.1 99.8 99.5 93.5 0
19920323 93 13.3 5 8.9 52 58.1 59.1 0 0 6.7 31.9 0 43.5 81.9 88.1 73 39.7 NA 82.3 100 99.8 96.4 0
19920324 90.9 15.8 5 10.5 61.5 37.5 39.4 0 0 3.7 45.3 0 49.9 56.7 68.6 68.9 50.1 NA 86.8 100 99.8 96.7 0
19920325 86.6 17.1 5 12.3 69.7 17.1 19 0 0 0.3 58 0 55.1 32.8 48.9 62.9 50.6 NA 89.1 100 99.2 96.7 0
19920326 85.9 20 5 13.8 60.5 22.1 23 0 0 0.3 49.1 0 57.1 28 48.8 61 56.7 NA 89.7 99.9 98.6 96.6 0
19920327 82.8 19.1 0 10.4 47.8 26.5 27 0 0 0.4 40.3 0 58.8 21.2 46.8 58.7 59.8 NA 88 99.7 97.8 96.3 0
19920328 81.3 14.4 0 7.8 33.5 17.6 18.5 0 0 0.3 33.3 0 50.8 19 40.5 49.3 47.7 NA 71.7 99.7 95.6 90.1 0
19920329 77.2 7.6 0 5.7 23.3 10.4 12.4 0 0 0.3 26.7 0 44.7 14.4 34.3 42.7 27 NA 59.3 99.7 94.4 84.3 0
19920330 74 1.5 0 3.5 10.3 3 4.1 0 0 0.2 19.1 0 34.8 12 26.4 32.2 10.5 NA 42.7 99.8 91.4 75.1 0.1
19920331 67.6 5.8 0 4.6 7.3 2.2 2.7 0 0 0.1 15.4 0 28.7 6.8 20.3 27.4 9.6 NA 39.8 99.3 89.3 69.9 0
19920401 60.9 10.8 0 5.6 3.1 1.1 1 0 0 0 11.8 0 17.7 0.6 11.7 20.1 8.1 NA 34.3 98.7 85.7 61.5 0
19920402 63.7 6.5 0 3.8 5.7 2.3 1.4 0 0 0 13.2 0 23.1 0.8 12.7 22 12.1 NA 42.6 99.4 92.8 73.6 0
19920403 65.4 3 0 2 7.9 3.5 1.5 0 0 0 13.3 0 25.5 0.7 12.7 22.9 20 NA 46.8 100 99.4 82.3 0
19920404 61.1 1.5 0 1.6 6.1 2.9 1.5 0 0 0 11 0 23.9 0.4 10.9 19.8 19.9 NA 37.4 100 99.4 72.5 0
19920405 57.9 0.7 0 1.2 4.3 2.1 1.4 0 0 0 7.8 0 23.3 0.3 10.1 16.5 9.9 NA 26.9 98.7 95.4 60.1 0
19920406 50.9 0 0 0.7 2.7 1.6 1.4 0 0 0.1 5.2 0 21.6 0 8.2 12.7 4.9 NA 14.6 98.7 95.4 48.2 0
19920407 47.3 0.2 0 0.5 3.9 1.3 1 0 0 0.1 5.5 0 22.7 0 6.2 9.1 5 NA 10.6 93.2 93.4 44.6 0
19920408 43.1 0.2 0 0.2 4.9 0.9 0.6 0 0 0 4.9 0 23.3 0 3.3 4.1 1.2 NA 6.3 84.8 89.4 39.5 0
19920409 29 0.2 0 0.1 4 1.2 1 0 0 0 4 0 16.4 0 4.1 6 1.2 NA 9.4 85.9 91.9 40.5 0
19920410 16 0 0 0.1 2.8 1.6 1.4 0 0 0 3.1 0 7.2 0.1 4.9 7 0 NA 12.1 87.2 90.9 39.9 0
19920411 14.3 0 0 0.1 2.4 1.2 1.3 0 0 0 2.9 0 6.4 0 4.3 5.2 0 NA 9.4 86.6 84.7 38.2 0
19920412 8.9 0 0 0 1.8 0.9 1.3 0 0 0 2.4 0 3.3 0 3.6 3.7 0 NA 5.5 82.7 78.4 36.4 0
19920413 6.5 0 0 0 1.4 0.5 1.2 0 0 0 2.2 0 1.4 0 3.1 1.9 0 NA 2.4 82 70.8 34.1 0
19920414 10.1 0 0 0 1.4 0.6 1.2 0 0 0 1.8 0 1.4 0 3.1 1.4 0 NA 3.5 83.5 77.7 32.1 0
19920415 12.4 0 0 0 1.4 0.8 1.3 0 0 0 1.5 0 0 0 3.1 0.6 0 NA 4.6 82.7 82.1 30 0
19920416 12.4 0 0 0 1.4 0.8 1.3 0 0 0 1.5 0 0 0 3.1 0.6 0 NA 4.6 82.7 82.1 30 0
19920417 11.2 0 0 0 1.4 0.8 1.3 0 0 0 1.5 0 0 0 2.9 0.6 0 NA 4.6 79 78.7 30 0
19920418 8.8 0 0 0 1.4 0.6 1.3 0 0 0 1.4 0 0 0 2.8 0.5 0 NA 2.6 85.4 78.4 29.2 0
19920419 4.4 0 0 0 1.3 0.5 1.4 0 0 0 1.2 0 0 0 2.6 0.4 0 NA 1 90.9 82.1 28.9 0
19920420 1.9 0 0 0 1.3 0.3 1.4 0 0 0 1.1 0 0 0 2.4 0.3 0 NA 0 95 80.7 28.2 0
19920421 1.5 0 0 0 0.6 0.3 1.1 0 0 0 1.1 0 0 0 2.1 0.2 0 NA 0 95 68.9 26.6 0
19920422 1 0 0 0 0 0.1 0.4 0 0 0 0.8 0 0 0 1.6 0.1 0 NA 0 95 57 24.6 0
19920423 1.3 0 0 0 0 0 0.2 0 0 0 0.5 0 0 0 1.8 0.1 0 NA 0 76.6 53.8 24.3 0
19920424 1.6 0 0 0 0 0 0 0 0 0 0.1 0 0 0 2 0.1 0 NA 0 57 50 23.7 0
19920425 1.1 0 0 0 0 0 0 0 0 0 0.1 0 0 0 1.9 0.1 0 NA 0 57.9 43.4 21.9 0
19920426 0.5 0 0 0 0 0 0 0 0 0 0 0 0 0 1.7 0 0 NA 0 58 30 19.3 0
19920427 0 0 0 0 0 0 0 0 0 0 0 0 0 0 1.5 0 0 NA 0 55.7 23.6 16.5 0
19920428 0 0 0 0 0 0 0 0 0 0 0 0 0 0 1.6 0 0 NA 0 65 16.7 17.1 0
19920429 0 0 0 0 0 0 0 0 0 0 0 0 0 0 1.8 0 0 NA 0 68.5 9.7 15.4 0
19920430 0 0 0 0 0 0 0 0 0 0 0 0 0 0 1.8 0 0 NA 0 57.2 6.6 15.2 0
19920501 0 0 0 0 0 0 0 0 0 0 0 0 0 0 1.8 0 0 NA 0 45.9 3 14.1 0
19920502 0 0 0 0 0 0 0 0 0 0 0 0 0 0 1.7 0 0 NA 0 40.5 2.5 11.1 0
19920503 0 0 0 0 0 0 0 0 0 0 0 0 0 0 1.4 0 0 NA 0 38.3 0.5 8.8 0
19920504 0 0 0 0 0 0 0 0 0 0 0 0 0 0 1.3 0 0 NA 0 33 0 5.9 0
19920505 0 0 0 0 0 0 0 0 0 0 0 0 0 0 1.4 0 0 NA 0 20.3 0 3.4 0
19920506 0 0 0 0 0 0 0 0 0 0 0 0 0 0 1.4 0 0 NA 0 3.8 0 0.4 0
19920507 0 0 0 0 0 0 0 0 0 0 0 0 0 0 1.4 0 0 NA 0 3.8 0 0.4 0
19920508 0 0 0 0 0 0 0 0 0 0 0 0 0 0 1.4 0 0 NA 0 3.8 0 0.4 0
19920509 0 0 0 0 0 0 0 0 0 0 0 0 0 0 1 0 0 NA 0 1.9 0 0.2 0
19920510 0 0 0 0 0 0 0 0 0 0 0 0 0 0 0.4 0 0 NA 0 1.9 0 0.2 0
19920511 0 0 0 0 0 0 0 0 0 0 0 0 0 0 0 0 0 NA 0 0 0 0 0
