19921214 0 0 0 0 0 0 0 0 0 0 0 0 0 0.1 1.7 0 0 NA 0 0 0 0 0
19921215 0 0 0 0 0 0 0 0 0 0 0 0 0 0.1 1.9 0 0 NA 0 0 0 0 0
19921216 0 0 0 0 0 0 0 0 0 0 0 0 0 0 2 0 0 NA 0 0 0 0 0
19921217 0 0 0 0 0 0 0 0 0 0 0 0 0 0 2.1 0 0 NA 0 0 0 0 0
19921218 0 0 0 0 0 0 0 0 0 0 0 0 0 0 2.1 0 0 NA 0 0 0 0 0
19921219 0 0 0 0 0 0 0 0 0 0 0 0 0 0.3 1.9 0 0 NA 0 0 0 0 0
19921220 0 0 0 0 0 0 0 0 0 0 0 0 0 0.6 1.8 0 0 NA 0 0 0 0 0
19921221 0 0 0 0 0 0 0 0 0 0 0 0 0 0.9 1.6 0 0 NA 0 0 0 0 0
19921222 0.1 0 0 0 0 0 0 0 0 0 0 0 0 1.2 2.2 0 0 NA 1.9 0.7 0 0 0
19921223 0.1 0 0 0 0 0 0 0 0 0 0 0 0 1.4 2.8 0 0 NA 3.5 0.7 0 0 0
19921224 0.1 0 0 0 0 0 0 0 0 0 0 0 0 1 3.1 0 0 NA 7.1 13.7 1.1 4.1 0
19921225 0.1 0 0 0 0 0 0 0 0 0 0 0 0 0.6 3.3 0 0 NA 10.5 26 2.2 8.1 0
19921226 1.1 6 0.1 0.4 0 0 0.3 0.2 0.3 0 0 0 0 5.9 4.5 0.8 30 NA 20.7 31.4 4 12 0
19921227 2 12 0.3 0.8 0 0 0.5 0.4 0.7 0 0 0 0 11.4 5.8 1.4 60 NA 30.2 43.6 6.1 18.7 0
19921228 3.1 18 0.4 1.3 0 0 0.8 0.6 1.1 0.1 0 0 0 16.8 7 2.2 90 NA 40.3 48.5 7.9 22.6 0
19921229 4.1 17.2 0.4 1 0.1 0.7 4.4 0.6 1.2 0.1 0 0 0 15 7 2.3 95 NA 53.4 66.5 8.4 22.5 0.6
19921230 4.7 16.1 0.4 0.7 0.1 1.4 7.6 0.6 1.2 0.1 0 0 0 13.1 6.9 2.4 95 NA 63.8 85 8.7 21.4 1.3
19921231 6 15.6 0.4 0.9 0.2 1.3 7.4 0.5 1.3 0.1 0 0 0 13 7.2 2.2 95 NA 63.7 85.7 9.1 21.4 0.9
19930101 5.8 13.3 0.3 1 0.2 1.1 7 0.5 1.4 0.1 0 0 0 11.1 7 2.1 95 NA 63.2 84.1 9.4 20.8 0.5
19930102 7.5 12.9 0.2 0.6 0.1 0.7 4.4 0.4 1 0 0.1 0 1.5 7.3 6.2 2 69.8 NA 54.4 78.2 9.8 18.7 0.4
19930103 7.4 12.5 0.1 0.4 0 0.4 2.3 0.2 0.5 0 0.2 0 3.4 5.6 5.7 1.9 49.7 NA 49.2 73.2 9.5 16.5 0.1
19930104 9.1 12 0 0 0 0 0 0.1 0.1 0 0.3 0 4.9 1.8 5 1.8 26.2 NA 38.7 65.6 9.4 13.8 0
19930105 8.2 7 0 0 0 0 0 0.2 0.1 0.1 0.2 0 2.5 2 7.1 1.9 13.1 NA 38.6 69.5 8.2 15.5 0
19930106 6.8 1.9 0 0 0 0 0 0.3 0.1 0.2 0.2 0 0 2.2 8.3 2 0 NA 38.2 69.9 6.4 16.2 0
19930107 39.7 1.9 0 0 0.6 0 0 0.2 0.1 0.2 3.4 0 2.5 2.2 7.1 1 0 NA 38.6 84.9 7.8 18.5 0
19930108 70.2 1.8 0 0 1.1 0 0 0 0 0.1 6.3 0 4.9 2.1 5.2 0 0 NA 38.9 95 8.5 19 0
19930109 80.6 2 0 0 1.1 0 1.3 0.2 0 0.2 10.5 0 4.6 5 8.4 0.2 1.2 NA 43.6 95 35.7 22.6 0
19930110 86.8 2 0 0 1.1 0 2.7 0.5 0.1 0.3 12.7 0 4.2 8 10.5 0.3 1.7 NA 44.4 98 62.9 26.9 0
19930111 95.4 2.2 0 0 1.1 0 4.2 0.7 0.1 0.4 16.8 0 3.8 10.9 13.8 0.5 2.9 NA 47 98 94.6 30.9 0
19930112 97 2.5 0 0 11.8 1.2 4.6 0.7 0.5 1.1 32.7 0 4 13.8 18.3 2.7 4.7 NA 48.8 98.2 80.3 47.1 0
19930113 97.2 2.7 0 0 20.8 2.2 4.9 0.7 0.9 1.8 47.4 0 4.1 14.9 22 4.1 5.9 NA 49.7 98 66.6 58.6 0
19930114 97.7 4.8 0 0 23.3 2.4 3.1 0.9 0.7 1.3 55.6 0 7.9 15.2 21.3 5.6 7.1 NA 50.3 100 80.9 60.4 0
19930115 97.6 6.9 0 0 24 2.5 1.2 1 0.5 0.8 62.2 0 10.5 13.7 19.3 6.5 7.4 NA 49.2 100 96.5 58.5 0
19930116 97.7 24.8 0 0 20 2.1 1.2 0.8 0.9 1.5 64 0 11.7 13 18.1 6.6 25.4 NA 48.6 100 96.5 50.4 0
19930117 97.7 38.1 0 0 16.6 2.1 1.2 0.7 1.3 2 65 0 12.8 12 17.3 6.6 37.5 NA 46.6 100 96.6 45 0
19930118 97.8 56 0 0 12.8 1.8 1.3 0.7 1.7 2.8 66.5 0 14 10.8 16 6.8 56.8 NA 46 100 96.6 39.3 0
19930119 99.2 75.3 10 4.9 16 2.6 1.2 0.8 0.9 2.1 48.4 0 18.5 14.8 15.7 6.4 73 NA 53.6 100 82.5 39.5 0
19930120 99.2 88.5 18.7 9 18.3 3.4 1.1 0.9 0.1 1.2 29.5 0 22 17.6 14.8 5.4 86.9 NA 59.5 100 68.9 39.2 0
19930121 99.6 92.8 15.7 8.6 14.1 2.7 1.2 1 0.6 1.7 34.4 0 19.1 17.6 15 5.8 92.3 NA 63.1 100 54.7 36.4 0
19930122 99.6 94.9 12 7.6 10.1 2 1.2 1 1 2.1 37.7 0 15.7 16.5 14.9 6 95 NA 66.2 100 36.8 33.4 0
19930123 99.6 94.2 12.2 7.8 9.7 2.3 1.1 1.6 1.3 2.3 36.6 0 15.1 16.7 14.6 5.9 95 NA 65.8 100 39.4 32.4 0
19930124 99.5 93.6 12.4 8 9.1 2.8 1.1 2.3 1.7 2.5 35.2 0 14.6 16.9 14.3 5.7 95 NA 65.5 100 40.8 31.7 0
19930125 99.5 93 12.7 8.2 8.8 3.1 1.1 2.9 2.1 2.6 33.9 0 14.2 17.3 14.1 5.7 95 NA 65.2 100 43.3 30.8 0
19930126 99.6 94.1 12.7 8.6 8.9 1.8 1.2 1.6 1.4 2.8 38.8 0 10.4 16.9 16 5.3 95 NA 65.5 100 30.6 39.7 0
19930127 98.9 95 12.4 9 8.5 0.4 1.3 0.3 0.8 2.9 43.2 0 6.2 16.3 17.4 4.7 95 NA 64.8 99.8 14.6 47.3 0
19930128 99.1 95 11.4 8.4 8.6 0.3 0.8 0.2 0.6 1.7 42 0 6.1 15.7 15.8 4.3 95 NA 70.5 99.9 14 45 0
19930129 98.9 95 10.1 7.8 8.6 0.1 0.3 0.1 0.4 0.4 40.5 0 6.1 14.7 13.7 3.9 95 NA 75.2 99.9 13.4 42.4 0
19930130 98.9 90 11.2 5.5 7.8 0.1 3 3.3 0.8 0.4 40.7 0 5.8 10.3 11.5 2.8 92.6 NA 75.5 99.9 13.5 40.3 0
19930131 98.8 88.5 11.9 3.5 7.4 0.1 5.7 5.6 1.2 0.5 41.1 0 5.8 6.3 9.9 1.8 92.6 NA 75.1 99.9 13.7 38.2 0
19930201 98.8 79.2 13.1 1.5 7 0 8.8 8.8 1.6 0.5 41.6 0 5.9 2.4 7.8 0.8 87.7 NA 75.6 99.9 13.8 36.3 0
19930202 98.8 78.6 13.2 1.3 6.9 0 10.9 8.6 1.5 0.8 41.7 0 5.7 2.8 8.5 0.7 88 NA 79.9 99.9 13.1 36.9 0
19930203 98.5 78 13.2 1 6.8 0 12.9 8.5 1.4 1.2 41.8 0 5.4 3.2 9.1 0.7 88.1 NA 83.6 99.9 12.5 37.3 0
19930204 92 79.5 15.3 4.1 7.6 0.9 14.5 5 0.9 2.2 31 0 14.8 2.9 8 0.5 87.9 NA 77.8 99.9 10.7 42 0
19930205 84.7 77.8 17.1 6.8 7.8 1.7 15.8 1.3 0.5 3.2 18.9 0 24.1 2.7 6.8 0.4 86.3 NA 70.5 98.4 8.9 46 0
19930206 91.2 84.9 24.7 9.3 7.6 1.5 14.9 2.4 0.5 3.3 21.2 0 27.8 3.2 7.1 0.9 92.1 NA 79.5 98.2 25.9 50.4 0.3
19930207 93.6 86.3 31.2 11.8 7.6 1.3 14.2 3.3 0.5 3.4 23.6 0 31.4 3.6 7.2 1.4 92.1 NA 86.8 99.5 43.4 54.7 0.7
19930208 98.3 90.5 39.5 14.9 7.3 1.1 13.4 4.4 0.6 3.4 26.4 0 37 4.2 7.4 1.9 95 NA 96.3 99.2 62.9 59.9 1.1
19930209 98.8 92.5 34.2 20.1 21.5 10.8 21.2 4.3 0.9 2 33.9 1.1 52.9 6.7 8.4 4.3 95 NA 96.9 99.4 80.6 67.7 2.4
19930210 98.5 95 28 24.8 35.3 19.9 28.1 4.2 1.3 0.5 39.2 2.1 64.4 9.2 9.4 6.4 95 NA 96.9 99.6 96.1 75.1 3.6
19930211 98.7 95 41.5 22.8 37 17 26.8 4 1.1 1.8 54 1.1 68.1 6.1 8.9 6.4 95 NA 97.5 99.8 96.2 77 3.9
19930212 98.6 95 53.6 20.2 37 13.7 25 3.7 0.8 2.9 67.4 0 66.8 3.1 8.4 6.2 95 NA 97.3 100 96 77.7 4
19930213 98.6 92 42 20 29.4 13 25.5 2.9 0.6 3 68.6 0 75 2.9 8.4 6.6 93.3 NA 97.3 100 96 80 3.4
19930214 98.6 86.3 32.1 19.8 22.8 12.6 26.1 2 0.4 3.1 68.5 0 77.1 2.7 8.4 6.9 92.4 NA 97.6 100 96.1 82.3 2.8
19930215 98.6 80.6 22.2 19.9 16.4 12.4 26.8 1.2 0.2 3.3 68.9 0 82.2 2.5 8.4 7.4 90.3 NA 97.6 100 96.1 84.9 2.1
19930216 98.6 80 22.4 19.8 17.6 11.4 28.3 1.3 0.3 3.7 72.1 0 82 2.7 9.3 7.5 91 NA 97.7 100 96.3 86 2
19930217 98.5 79.7 22.3 19.4 18.4 10.2 29.5 1.2 0.4 4.1 75 0 81.6 2.8 10.1 7.6 91.7 NA 97.7 100 96.2 86.9 1.9
19930218 98.6 85.9 47.1 41.1 20.7 12.9 30 0.7 0.2 7.8 78.3 0 70.6 11.8 22.9 9.3 94.1 NA 97.7 100 96.4 92 1.7
19930219 97.8 95 67.9 61.9 22.6 15.1 29.5 0 0 11.3 79.8 0 58.7 19.9 34.7 10.8 95.8 NA 97.4 100 96.3 96.3 1.4
19930220 97.8 95 64.1 52.1 31.8 16.2 38.4 5.9 1 20.2 87.5 0 60.3 38.2 43.7 19 95.8 NA 96.2 100 96.3 94.6 2.9
19930221 98.1 95 60.6 42.7 41.1 17.4 47.4 11.8 2 28.4 92.3 0 62.1 53.6 52.5 27.1 96.1 NA 95.2 100 96.2 93.3 3.8
19930222 98.1 95 57.3 33.5 51.8 19.1 57.9 18.8 3.2 37 96.9 0 62.4 73.3 61.6 36.6 96.1 NA 94.2 100 96.2 91.8 5.4
19930223 98.3 94.2 77.1 65.9 49.2 22.4 55.4 15.1 3.3 31.2 96.9 0 59.3 74.1 56.5 33 96.7 NA 95.2 100 96.7 90.5 4.5
19930224 98.2 93.6 95 95 45.9 25.2 52.5 11 3.4 24.5 96.7 0 53.4 75 51.5 28.9 96.6 NA 95.9 100 96.7 88.8 3.1
19930225 98.9 93.8 94.9 94.9 61.5 30.6 57.5 10.8 4.6 30.7 96.8 1.9 61.8 84 60.5 35.8 96.2 NA 95.9 100 100 93.1 4.9
19930226 98.9 92.8 94.7 94.4 75.1 35.4 62.1 10.3 5.8 36.7 96.7 3.7 71.3 94.5 69.4 42.1 95 NA 96 100 100 96.6 6.8
19930227 98.9 93.8 94.5 93.1 74.1 38 67.2 10.6 6 36.2 96.7 4.8 72.4 94.9 77.6 47.7 95.7 NA 96.6 100 100 96.7 9.9
19930228 98.8 93.4 94.2 92.8 73 40.7 71.2 10.7 6.1 35.4 97.7 6.4 73.3 95 85.9 53.4 95.6 NA 97.1 100 100 97.2 13.2
19930301 98.8 93.4 93.8 90.9 72.3 44.1 76.3 11 6.4 34.9 97.7 7.5 73.8 95.2 95.4 60 96 NA 97.5 100 100 97.3 16.9
19930302 98.8 89.8 92.1 86.3 57 36.4 64.8 5.8 3.4 19 80.3 9.8 61.9 51.6 70 46.1 96 NA 83.3 98.9 98.7 91.3 12.3
19930303 98.2 86.3 90.7 81.6 40.1 26.8 52.8 0 0.1 0.6 60.1 12.1 48.8 3.3 44.9 30.7 95 NA 69.6 96.5 97 84.8 7.2
19930304 98.3 89.1 91.9 85 48.4 23.7 50.5 0.1 0.2 3.6 66.6 6 47.5 7.1 50.3 34 95 NA 70.2 98.9 98.5 88.4 6.2
19930305 97.9 92.2 93.1 88.5 56 20.2 46.7 0.1 0.2 6.5 70.9 0 44.2 9.3 53.6 36 90.1 NA 69 99.5 99.6 91.1 3.8
19930306 97.9 84.5 87.4 78.9 45.4 15.3 37 0.6 0.2 9.9 69.4 1.5 40.4 12.4 55.8 35.9 88.4 NA 73.4 99.5 99.1 88.5 3.1
19930307 98.1 75.1 79.3 65.7 37.6 11.6 30.4 1.2 0.1 13.5 67.3 3.6 36 11.2 54.4 35.4 88.5 NA 77.8 99.5 98.5 83.1 2.4
19930308 98 64.1 70.3 50.4 26.6 6.8 20.5 1.7 0 16.8 64.5 5.1 33.2 14.6 54.8 35.3 87.3 NA 81 99.5 97.9 79.4 2.1
19930309 98.2 63 66.5 53.9 28.9 6.1 21 3.4 0 15 74 2.5 32.6 9.8 53.9 38 88.9 NA 85.6 99.8 98.9 82.6 1
19930310 98.2 62.1 61.8 59.2 27.7 4.2 21.1 5 0 11.3 78.2 0 31.6 5 51.6 39.4 90.6 NA 89.4 99.6 99.8 83.9 0
19930311 98.1 67.9 65.2 77.8 21.6 4.4 17.6 2.5 0 7.8 61.8 0 31.6 4.6 43.1 27.6 90.6 NA 79 99.8 99.7 81 0
19930312 97.8 73.7 68.7 95.7 14.1 4.4 13.6 0 0 2.5 39.5 0 31.7 3.8 32.1 13.5 89.6 NA 67.4 100 99.5 78.6 0
19930313 97.5 75.4 70.7 94.2 16.5 6 17.8 0 0 3.6 46.7 0 45.3 7.6 35 23.1 90.6 NA 74.2 100 99.6 78.6 1.3
19930314 98.1 78.8 74 94.1 18.3 8.1 21.1 0 0 4.9 55.6 0 58.8 11.3 37.5 33.6 92.5 NA 79.7 100 99.7 79.7 3
19930315 97.6 79.1 74.9 91.3 20.9 9.8 25.3 0 0 6 62.5 0 71.8 16.5 40.4 44.8 92.9 NA 86.9 100 99.7 80.8 4.3
19930316 92.1 85.9 79.5 89.6 24.8 5 31.6 0 0 4.5 49.6 0 71.4 9.9 32.6 39.3 92.2 NA 85.1 100 99.8 80.4 3
19930317 85.6 91.2 83.6 85.3 27.2 0 35.1 0 0 2.7 35.8 0 71 2.6 23.5 32.4 91.3 NA 82.1 100 99.7 77.9 1.6
19930318 77.5 91.9 64.6 78.4 28.3 1.4 35.5 0 0 3.6 41.2 0 65.8 11.8 33.6 39 85.3 NA 84.7 100 99.7 79.7 2.4
19930319 68.1 91.1 47.2 70.5 27.2 2.8 32 0 0 3.9 46 0 56 15.7 42.8 42.8 75.1 NA 86.8 99.9 99.3 79.6 3
19930320 70.3 91 65.2 78.1 34 6.9 43.9 0 0 2.7 43.4 0 56.3 18 46.7 43.4 86.1 NA 89.4 99.9 99.3 81.3 2.5
19930321 77.4 90.1 81.6 86.4 40.5 10.9 52.6 0 0 1.9 42.7 0 59.7 18.2 51.2 43.8 89.1 NA 90.5 100 99.7 83.8 2.1
19930322 78.3 88.3 93.8 92.2 46.5 15.6 63 0 0 1 39.5 0 59.8 19.5 54.7 43.3 96 NA 90.9 100 99.7 83.6 1.7
19930323 80.3 78.5 87.1 73.4 32.9 11.8 61.2 0 0 0.7 41.6 0 52.4 19.4 57.8 42.3 96.2 NA 94.7 100 98.8 80.8 0.8
19930324 82.4 66 77.7 52.3 19.4 7.5 58.4 0 0 0.4 42.3 0 45.1 19.8 59.6 39.7 96.1 NA 97.8 100 97.7 78.4 0
19930325 76.3 63.3 70.7 50.8 18.3 5.8 50.8 0 0 1.4 44.4 0 42 21 71.5 38.6 86.9 NA 91.2 100 93.8 83.2 0
19930326 65.5 54.1 63.9 42.7 16 4.1 42.4 0 0 2 42.8 0 38.9 20.2 80.6 33.3 80.4 NA 86.1 100 88.7 87.5 0
19930327 65.8 55 58.9 43.3 14.5 5.2 42.7 0 0 1.6 39.5 0 40.5 17.1 69.5 32.5 67.6 NA 82.3 98.9 87.6 82.1 0
19930328 66.6 57 53.6 45.2 13.3 8.2 41 0 0 1.2 36.1 0 42 14.3 60.7 32.4 63.4 NA 78.1 98.3 86.6 79 0
19930329 66.9 56.7 46.5 44.6 11.5 9.3 40.6 0 0 0.8 32.7 0 43.5 11.3 47.6 31.7 50.3 NA 74.4 97.2 85.4 70.4 0
19930330 72.1 63.1 44.3 41.8 12.2 7.4 35.6 0 0 0.8 36.3 0 39.8 11.9 39.1 26 47.8 NA 77.2 98.9 77.5 70.7 0
19930331 72.8 62.4 38.9 35.6 11.1 5.7 28.1 0 0 0.6 37.2 0 36 10.8 26.1 17.7 44.7 NA 72.8 99.8 69.2 66.5 0
19930401 73.2 52.5 34.6 39.1 11.5 3.6 25.1 0 0 0.6 33.8 0 35.9 7.3 24.9 15.5 35.2 NA 77 99.8 80.6 72.3 0.2
19930402 69.3 43.8 29.3 39.1 9.7 1.3 18.5 0 0 0.4 25.4 0 32.6 2.3 21 10.8 22.9 NA 79.2 99.6 86.6 73.5 0.3
19930403 63.9 36.8 22 29.3 7.4 0.9 16 0 0 0.2 18.6 0 29.9 2.1 18.2 9.6 19.3 NA 75.1 98.1 84 69.6 0.6
19930404 55.9 32.8 16.6 19.9 5 0.4 13.9 0 0 0.1 13.7 0 29.8 2.1 13.7 9.2 17.2 NA 70.2 96.6 80.9 60.4 1
19930405 49.2 25.5 9.3 9.9 2.7 0 11.4 0 0 0 7.7 0 27.1 1.9 10.9 8.2 12 NA 66.2 94.9 77.5 55.4 1.3
19930406 40.4 18.3 6 7.2 2 0 9.5 0 0 0 6.4 0 22.9 1.8 8.7 5 11 NA 49.2 92.5 73.3 48.9 0.9
19930407 28.4 9.4 2.5 3.7 1.3 0 7 0 0 0 4.7 0 17.6 1.6 6.2 1.4 5.2 NA 32.2 90.3 68.9 37.5 0
19930408 26.5 9.4 2.2 2.6 1.1 0 6.2 0 0 0 2.9 0 17.4 0.8 5.7 1.3 3.2 NA 31.6 80.8 71.6 35.4 0
19930409 23 9 1.8 1.3 0.9 0 5.4 0 0 0 1.1 0 17 0 5.1 1 0.3 NA 31.1 72 73.4 33 0
19930410 22.6 6.8 1.6 1.2 0.7 0 5.3 0 0 0 0.9 0 14.4 0 5.1 0.9 0.3 NA 31.7 77.6 68.2 31.7 0
19930411 20.4 4.5 1.7 1.1 0.6 0 5.1 0 0 0 1 0 12.6 0 5 0.9 5 NA 31.6 82.6 65.6 29.9 0
19930412 20 2.3 1.4 1 0.5 0 5 0 0 0 0.8 0 10 0 5 0.8 5 NA 32.3 85.9 56.6 28.4 0
19930413 15.2 1.3 1.4 1.8 0.4 0 5.5 0 0 0 0.9 0 7 0.1 4.7 0.7 5 NA 30.3 86.2 57.6 26.7 0
19930414 8.6 0 1 2.6 0.3 0 5.8 0 0 0 1 0 3.9 0.2 4.3 0.6 4.9 NA 23.8 85.6 57.6 24.9 0
19930415 6.5 0.8 0.8 1.6 0.2 0 5.5 0 0 0 0.5 0 3 0.1 3.6 0.6 5.9 NA 21 88 55 26 0
19930416 4.2 1.6 0.6 0.5 0.1 0 4.9 0 0 0 0 0 1.5 0 2.7 0.6 2.7 NA 14.1 88.3 51.2 25.9 0
19930417 3.9 1 0.4 0.3 0.1 0 4.4 0 0 0 0 0 1.1 0 2.8 0.6 2.3 NA 13.1 82.6 49.1 24.3 0
19930418 4 0.6 0.2 0.2 0.1 0 4 0 0 0 0 0 0.4 0 2.8 0.6 1.4 NA 9.4 82.4 47.9 23.5 0
19930419 3.7 0 0 0 0 0 3.6 0 0 0 0 0 0 0 2.8 0.6 1 NA 6.7 76.7 45.8 20.9 0
19930420 2.4 0 0 0 0 0 2.5 0 0 0 0 0 0 0 2.9 0.4 1 NA 5.6 72.5 45.9 19.2 0
19930421 1 0 0 0 0 0 1.2 0 0 0 0 0 0 0 2.8 0.2 0.9 NA 3.6 67 42.8 16.4 0
19930422 0.6 0 0 0 0.2 0 0.9 0 0 0 0 0 0 0 2.9 0.1 0.4 NA 3.7 69.4 33.9 15.5 0
19930423 0 0 0 0 0.5 0 0.5 0 0 0 0 0 0 0 2.9 0 0 NA 2.9 67.3 24.6 13.7 0
19930424 0 0 0 0 0.2 0 0.4 0 0 0 0 0 0 0 2.8 0.1 0 NA 2.9 59.4 25.5 12 0
19930425 0 0 0 0 0.2 0 0.2 0 0 0 0 0 0 0 2.7 0.2 0 NA 0 51.9 28.9 11.7 0
19930426 0 0 0 0 0 0 0 0 0 0 0 0 0 0 2.6 0.3 0 NA 0 44 30.1 10 0
19930427 0 0 0 0 0 0 0 0 0 0 0 0 0 0 2.4 0.1 0 NA 0 38.4 18.5 7.3 0
19930428 0 0 0 0 0 0 0 0 0 0 0 0 0 0 2.1 0 0 NA 0 32.1 4.4 5.2 0
19930429 0 0 0 0 0 0 0 0 0 0 0 0 0 0 2.1 0 0 NA 0 22.5 2.6 4.6 0
19930430 0 0 0 0 0 0 0 0 0 0 0 0 0 0 2.1 0 0 NA 0 8.9 0.8 2.9 0
19930501 0 0 0 0 0 0 0 0 0 0 0 0 0 0 1.8 0 0 NA 0 5.9 0.7 2.8 0
19930502 0 0 0 0 0 0 0 0 0 0 0 0 0 0 1.4 0 0 NA 0 3 0.6 2.3 0
19930503 0 0 0 0 0 0 0 0 0 0 0 0 0 0 1.1 0 0 NA 0 0 0.6 2.2 0
19930504 0 0 0 0 0 0 0 0 0 0 0 0 0 0 1.2 0 0 NA 0 0 0.3 1.1 0
19930505 0 0 0 0 0 0 0 0 0 0 0 0 0 0 1.2 0 0 NA 0 0 0 0 0
