20001201 0 0 0 0 0 0 0 0 0 0 0 0 0 0 0.8 0 0 NA 0 0 0 0 0
20001202 0 0 0 0.1 0 0 0 0 0 0 0 0 0.8 0 0.8 0 0 NA 0 0 0 0 0
20001203 4.9 1.2 0 0.4 0 0 0 0 0 0 0 0 1.5 0.1 0.8 0 5 NA 0 5 0.5 1.4 0
20001204 4.9 1.2 0 0.5 0 0 0 0 0 0 0 0 2.3 0.1 0.9 0 5 NA 0 5 0.5 1.4 0
20001205 4.9 1.2 0 0.6 0 0 0 0 0 0 0 0 3.1 0.1 0.8 0 5 NA 0 5 0.5 1.4 0
20001206 11.5 1.6 0 1 0 0 0 0 0 0 0 0 3 0.1 1.2 0 5 NA 0.4 9.2 1.6 2.7 0
20001207 16.2 1.6 0 1.2 0 0 0 0 0 0 0 0 2.8 0 1.4 0 5 NA 0.8 14.5 2.2 3 0
20001208 18.7 3.2 0 2.8 0.1 0.1 0.4 0 0 0 0.1 0 3 0 1.7 0 20.2 NA 11.3 22 3.5 3 0
20001209 24.1 4.1 0 5.5 1.9 1.1 2.1 0 0.2 1 5.2 0.2 3.8 3 3.2 1 32.4 NA 27.9 29 9.5 6 0
20001210 26.6 5.5 0 7.1 2 1.1 2.5 0 0.2 1 5.3 0.2 3.9 3 3.4 1 44.7 NA 38.4 36.6 10.7 6.1 0
20001211 28.3 6.7 0 8.5 2 1.2 2.9 0 0.2 1 5.4 0.3 4.3 3 3.7 1 59.9 NA 50.7 41.1 12 6.2 0
20001212 28.4 17.5 0 6.7 2 1.1 3.5 0 0.2 1 5.6 0.2 4.1 4.2 3.9 1 68 NA 55.5 48.4 11.4 7.5 0
20001213 26.5 27.2 0 4.5 0.3 0.1 3.3 0 0 0.1 1.2 0 3.8 2.4 3.1 0.1 79.4 NA 61.8 56 7.4 6 0
20001214 26.5 39.1 0 2.6 0.3 0 3.8 0 0 0.1 1.5 0 3.7 3.2 3.2 0.1 84 NA 64.3 61.7 6.3 6.8 0
20001215 29.2 43.9 0.5 2.6 0.3 0.1 4.1 1.3 0 0.1 2.2 0 3.6 3.2 3.2 0.1 83.7 NA 65.1 60.3 6.5 6.8 0
20001216 31.3 50.8 1 2.7 0.3 0.3 4.5 2.5 0 0.2 3.2 0 3.6 3.1 3.2 0.1 84.2 NA 64.7 59.2 5.6 7 0
20001217 34 55.5 1.5 2.7 0.3 0.4 4.9 3.8 0 0.2 3.8 0 3.6 3.1 3.2 0.1 90.3 NA 65.5 60.5 5.7 7.2 0
20001218 37.9 61.1 1.5 2.8 0.3 0.5 5.6 3.8 0 0.3 4.4 0 3.7 3.1 3.3 0.1 90.4 NA 67.7 59.7 6 7.4 0.1
20001219 40.1 65.7 2 2.8 0.4 0.6 6 5.1 0.1 0.4 5.5 0 3.7 2.8 3.2 0.1 90.6 NA 67.8 58.6 5.7 7.4 0.1
20001220 43.5 72.7 2.5 2.8 0.4 0.7 6.3 6.3 0.1 0.4 6.1 0 3.6 2.8 3.3 0.1 93.4 NA 68.7 58.7 5.6 8 0.1
20001221 45.4 76.9 3 2.9 0.4 0.9 6.7 7.6 0.1 0.5 6.9 0 3.6 2.8 3.2 0.1 93.5 NA 68.8 57.4 5.3 7.9 0.1
20001222 50.2 82.1 10 5.3 2.5 2.2 8.2 10.7 0.1 0.7 11.3 0 4 3.4 4.3 0.2 94.2 NA 72.1 66.1 6.2 13.3 0.5
20001223 55.1 88 20.4 10.2 6.6 5.5 12.4 14.3 1.8 3.2 18.4 0.1 7.5 8.1 7.3 1.7 94.7 NA 79.2 79.7 12.1 22 1.4
20001224 59.5 90.7 27.4 12.7 8.4 6.8 13.9 17.4 1.8 3.4 22.5 0.1 7.9 8.7 8.3 1.8 94.3 NA 82.4 88.3 12.9 26.9 1.4
20001225 62 94.4 35 14.9 10.5 8.5 15.6 19.2 1.8 3.5 26.1 0.1 8.1 9.5 9.3 1.9 95 NA 86.7 96.5 13.9 32.1 1.7
20001226 68.6 90.2 41.2 17 8.5 6.4 14.5 19.9 1.8 4.1 32.7 1.1 8.2 8.9 9.6 1.8 94.9 NA 82.8 96.5 13.7 35.5 1.7
20001227 74.8 88.2 47.5 17.7 6 3.5 11.1 18.7 0.2 2.5 37.5 1.6 5.1 4.8 8.1 0.2 94.8 NA 79.2 93.8 10.4 36 1.1
20001228 80 82.6 51.1 19.1 4.3 1.7 9.8 18.6 0.1 2.8 43.3 2.6 5.3 4.1 8 0.1 94.7 NA 74.9 93.6 10.2 39.1 1.1
20001229 81.8 85.4 54.5 28 4.5 1.9 10.4 28.2 1.1 2.5 41.8 2.6 5.8 6.3 9.2 0.2 94.8 NA 72.6 93.6 10.3 40.5 0.9
20001230 89.5 92.6 64 41.3 7 4.1 14.1 39.7 4.4 4.4 44.2 6.9 10.2 13.3 12.3 1.8 99.8 NA 72.4 96.6 15.2 45.6 3
20001231 91.3 95.3 66.9 47.9 7.1 4.2 14.6 49 5.4 4.1 42 6.9 11.1 15.3 13.1 1.9 99.9 NA 70.1 96.2 15.3 45.8 2.7
20010101 96 98.6 71.6 58 7.2 4.4 15.9 57.7 6.5 3.9 40.9 6.8 11.9 17.5 14.3 2 100 NA 68.7 97.7 15.8 47.3 2.5
20010102 96 95.4 74.3 54.8 8.3 4.3 14.6 48.1 6.5 5.2 41.4 10.9 14.3 14.4 13.2 2.4 99.8 NA 74.9 97.1 17.6 43.3 3.9
20010103 97.5 93.1 77.5 50 7.7 2.4 12 38.2 5.3 4.4 41.7 10.6 15.3 7.5 10.5 1.5 99.6 NA 80.4 98.2 18.6 39.3 2.9
20010104 97.5 89.6 78.1 45.4 9.2 2.2 11.3 28.3 5.7 5.6 41.6 13.5 18.9 4.5 9.4 1.9 99.5 NA 85.9 97.8 21.2 35.3 3.8
20010105 96.1 90.8 80.4 51 9.9 3.2 12.9 25.5 4.7 4.6 42.8 9.9 18.2 3.9 10.2 1.4 99.4 NA 84.7 98.2 22.7 40.1 3
20010106 96.1 92.4 82.3 56.7 12.3 6.1 16.7 22 4.3 5.7 48.4 11.4 22.4 8.2 14 3.2 99.5 NA 84.9 98.6 24.2 47.7 6.9
20010107 92.3 92.4 83.6 62.6 12.9 7.1 18.2 19.5 3.4 4.7 49.2 8.6 21.4 7.7 14.8 2.8 99.6 NA 82.4 98.8 25.2 52.4 6.3
20010108 92.2 93.6 85.1 68.1 13.1 8.1 19.6 16.1 1.9 4 51.1 5 21.2 7.2 15.6 2.4 99.4 NA 81.9 99.2 25.9 57.1 5.4
20010109 92.1 90.3 85.2 62.5 12.6 6.5 17.6 16.8 2.3 5 49 5.3 25.4 8.2 14.6 2.7 99.1 NA 81.2 99.1 31.7 54.3 6.5
20010110 92.1 89.6 86.6 52.2 11 3.6 14.4 16.6 1.4 4 47.9 0.5 27 4.4 10.7 0.5 98.4 NA 82.3 98.9 35.1 50.8 2.9
20010111 91.9 86.4 87.2 42.9 10.9 2.1 12.5 16.6 1.6 5.1 47.3 0.7 29.2 5.1 9.6 0.7 98.1 NA 81.4 98.8 40.3 47.2 3.6
20010112 93.6 89.7 89 49.4 9.7 3.8 15.9 18 2.6 6.1 52.6 1.1 31.7 4.2 10.5 1.1 98.4 NA 84.6 99.1 40.5 47 3.6
20010113 95.2 93 90.8 54.5 7.3 6.2 19.8 18.5 4 7.4 58.8 1.4 34.9 3.7 11.7 1.5 99 NA 85.5 99.2 45.2 49.6 3.5
20010114 96.8 93.4 90.2 60.3 6 7.8 22.7 19.2 4 7.5 61.2 1.7 36.2 2.7 12.6 1.9 99.2 NA 88.5 99.5 43.3 49.2 3.2
20010115 97.1 96.3 91.9 65.4 3.5 9.4 25.3 19.4 4.9 8.2 65.8 2.1 38.7 1.7 13.3 2.3 99.4 NA 88.3 99.4 43.3 48.8 3.1
20010116 96.2 89.6 81.8 66.5 3.5 7.5 21.1 14.6 3.3 5.7 56.5 1.6 35.5 1.2 11.1 1.8 99.3 NA 79.3 98.8 38.8 49.4 2.5
20010117 95.9 80.5 72.6 70.3 3.7 5.5 17.8 8.9 1.7 3.6 47 0.5 33.3 0.8 9.2 1.1 99.2 NA 73.7 98.3 40.8 50.8 1.1
20010118 93.9 74.2 63 70.7 3.5 3.6 13.4 3.7 0.5 1.2 37 0 31.3 0.3 6.8 0.6 99 NA 64.6 96.9 36.3 50.9 0.4
20010119 94.4 79.1 71.5 68 9.7 7.3 17.6 8.4 1.1 2 39.6 0 42.4 1.3 8.2 1.5 99.2 NA 72.3 98.2 38 51.3 1.1
20010120 96.3 84.5 78.5 63.1 16.6 12 23.7 12.5 1.5 2.6 43.2 0 53 2.4 10 2 99.5 NA 82.3 98.4 42.9 53.2 1.6
20010121 96.5 87.8 85 57.3 20.2 15.1 26.9 16.5 2.2 3.6 44.9 0 64.1 3.4 11.1 2.9 99.5 NA 86.9 99 39.4 52.9 2.2
20010122 97.7 92.2 93.4 52.7 26.6 19.1 30.7 21 2.6 4 47.4 0 72.5 4.2 12.4 3.3 99.6 NA 94.6 99.8 40.7 53.8 2.7
20010123 92.7 92.1 93 59.8 20 13.4 27.6 19.7 3 3.8 40.8 0 58.3 4.3 12.3 2.8 99.6 NA 89 99.7 40.9 49 2
20010124 87.8 90.8 92.7 63.5 11 7.7 25 17.9 3.1 3.8 34.5 0 44.3 3.9 12.3 2.1 99.6 NA 80.4 99.6 41.3 44.1 0.9
20010125 80.6 90.6 92.1 69.4 4.5 2.6 21.8 16.5 3.7 3.7 28.2 0 29 4 12.1 1.6 99.7 NA 74.8 99.5 41.7 39.1 0.1
20010126 83.4 89 92.3 73.6 8.5 3.4 25.2 18 4.3 4.3 31.1 0 35.6 4.4 12.1 2.1 99.4 NA 77.6 99.6 56.5 39.8 0.4
20010127 90 86.9 91.7 79.2 12.1 4.5 29.9 21.9 4.7 4.3 33.9 0 43.6 4.9 12.3 2.3 99.1 NA 79.2 99.7 64.1 41.1 0.7
20010128 92.6 82.9 90.5 83.6 14.5 5.3 31.3 23.4 5.3 4.9 35.4 0 48.4 5 12.2 2.8 98.7 NA 82 99.8 78 41.7 1.1
20010129 97.1 80.8 90 87.5 18.1 6 35.4 24.8 5.4 4.9 37.7 0 54.6 5.4 11.9 2.9 98.2 NA 84.4 99.9 87 42.9 1.2
20010130 95.9 82.7 90.7 88.8 13.5 6.4 30.7 23.9 5.5 4.1 34.1 0 48.5 4.7 11.2 2.2 97.7 NA 84 99.9 82.1 43.1 0.9
20010131 93.7 86.5 92.4 90.7 7.4 7.2 23.8 26.3 6.4 2.9 29.7 0 42.7 4.1 10.6 1.6 97.7 NA 82.2 100 78 41.6 0.7
20010201 93 89.5 93.6 92.2 2.8 7.5 18.9 25.4 6.6 2.3 26.2 0 36.7 3.5 10.2 0.9 97.1 NA 81.3 100 74.1 41.8 0.5
20010202 93.9 84.7 87.8 91.9 8.4 7.8 19.6 24.2 6.2 3.5 32.5 0 40.9 5 11.2 1.6 97.1 NA 79.7 100 79.9 46.9 0.5
20010203 96.5 79.3 80.3 91.7 14.5 8.2 19.1 23.1 5.7 4.9 40.2 0 44.7 6.8 12.6 2.4 97 NA 77.9 100 87.1 53.9 0.5
20010204 97.3 75.9 75.4 91.5 17.9 8.3 18.9 21.8 5.2 5.8 46.3 0 46.9 8.3 13.7 3 96 NA 75.6 99.9 92.7 58.8 0.5
20010205 97.9 69.5 67.7 90.5 23.5 8.3 18 19 4.5 6.8 52.3 0 49.9 9.6 14.4 3.5 95.9 NA 72.2 99.9 95.6 63.2 0.5
20010206 97.7 67.2 71.7 91.7 18.6 8.5 22.2 15.9 4.6 4.9 47.2 0 46.8 8.6 14 4.1 94.9 NA 76.1 99.9 95.5 59.1 0.4
20010207 95.7 61.1 71.8 92 12.5 8.2 25.4 12.3 4.5 3.3 42.5 0 41.7 7.9 13.5 4.9 93.9 NA 81.2 99.9 95.6 55 0.4
20010208 95.5 57.8 76 92.6 7.8 8.4 29.7 9.4 4.4 1.6 37.9 0 38.4 6.4 12.9 5.5 92.8 NA 85 99.9 95.4 50.8 0.4
20010209 95.5 67.9 79.7 93.5 12.4 10.2 28 9 5.3 2.4 42.9 0 42.2 11.6 17.1 8.4 94.9 NA 84 99.9 92 54.2 0.3
20010210 97.7 77.5 86.7 94.4 17.5 12.2 28.6 8.7 6.3 3.4 48.7 0 45.9 19.4 22.7 12.9 95.9 NA 85.9 100 90.6 59.8 0.2
20010211 97 84 89.2 93.4 20.2 13.1 26.2 7.4 6 4.1 53.4 0 49 24.2 26.6 15.3 95.2 NA 83.6 100 88.3 62.7 0.1
20010212 97 93.6 93.9 94.2 24.6 15.1 24.6 7.2 7 4.8 58.1 0 52.5 30.5 31.1 18.6 96.6 NA 82.5 100 86.1 66.3 0
20010213 95.9 84 87 93.4 23.2 14.1 25.7 6.7 6.6 6.3 57.5 0 53.6 29.4 29.4 16.1 92.8 NA 82.1 100 87.3 65.5 2.6
20010214 96.4 75.4 81 94 21.8 12 27.4 5.8 6.6 7.5 57.1 0 54.4 28.3 28.9 13.7 88.3 NA 81.9 100 86 64.6 5.2
20010215 94.4 63.8 73.5 93.2 20.4 10.9 28.5 5.2 6.1 9 54.3 0 55.6 26.6 27.2 11.4 83.2 NA 81 99.9 86.5 63.2 7.9
20010216 93.3 59.4 74.2 90.9 22.8 9.7 29.7 9.5 5.3 8.9 52.5 0 51.2 24.2 25.8 12.6 83.4 NA 82.7 100 87.9 65.7 6.4
20010217 94.4 59.7 76.4 89.4 26.6 9 31.5 14.2 4.4 8.3 53.6 0 48 22.4 24.8 14.3 86.7 NA 86.4 100 92.9 67.5 4.1
20010218 93.5 54.5 75.7 86.3 29.1 7.5 32.2 18.4 3.5 8.2 50.1 0 42.6 18.4 22.3 15.2 85.6 NA 86.9 100 93.7 69.2 2.4
20010219 93.3 51.3 76 84.6 31.6 6.3 33.6 22.9 2.6 7.5 49.9 0 39 16.3 20.6 16.4 87.2 NA 89.6 100 95.6 71.4 0
20010220 95 53 73.7 83.7 33.1 7.2 34.7 24.2 8.3 8.8 53.6 0.1 39.4 17.5 25.4 14.5 87.6 NA 91.7 100 97.7 67.4 0.1
20010221 96.3 56.3 70.5 84.1 31.5 8 33.9 24.8 12.5 9.3 58.9 0.2 39.8 18.3 29.5 12.1 89.2 NA 91.6 100 95.4 63.2 0.2
20010222 97.5 57.6 68 83 32.2 8.9 34.2 26.1 18.4 10.5 62.1 0.4 40.4 19.7 35 10.3 88.8 NA 91.9 99.9 96.4 57.1 0.3
20010223 93 50.5 67.5 83.7 27.5 8 30.2 20 13.8 9.1 58.2 0.4 38.4 19.3 32.1 12.1 84.2 NA 86.2 99.9 93.9 55.9 0.3
20010224 89.4 42.6 70.9 83.5 21.9 6.7 25.9 13.7 9.3 7.7 56.2 0.2 38.6 20.5 30.2 14.4 77.7 NA 80.1 99.8 92.6 54.3 0.3
20010225 85.7 36.3 70.1 83.9 16.8 5.6 21.7 6.8 4.5 6.1 50.7 0.1 36.5 20.4 26.7 15.4 70.5 NA 72.5 99.8 87.7 50.5 0.1
20010226 81.1 26.9 70 83.8 11.1 4.2 16.6 0.5 0.1 4.2 46.6 0 34.6 20.9 24.1 17.3 64.5 NA 66.1 99.7 86 48.8 0.1
20010227 86.2 25.2 62.1 81.7 11.4 4.2 21.8 2.8 0.1 3.4 47 0 38 26.5 37 22 73.6 NA 73.3 99.7 89.9 47.9 0.1
20010228 91.6 22.4 54.1 82 10.1 4.2 27.6 6.8 0.4 3.1 47.3 0 42.3 31.5 47.8 26.1 79.7 NA 80.5 99.6 94.8 48.1 0.1
20010301 95.2 21.5 44.9 79.2 10.3 4.2 32.9 9.1 0.4 2.6 47.7 0 45.8 36.8 60.6 30.8 85.3 NA 87.3 99.6 98.4 47.3 0.1
20010302 91.6 19.3 45.3 80.3 14.4 8.3 30.9 6.8 0.5 3.6 52.7 0 46.8 30 56 31.6 73.3 NA 77 99.6 97.9 53.2 0.5
20010303 88.7 17.3 45.8 81.1 18.8 13.5 28 5.7 0.7 4.9 58.9 0 47.5 23.4 52.3 34.2 65.2 NA 67.2 99.7 98.4 60 0.9
20010304 85.4 14.4 45.2 78.8 22.2 17.4 25.9 2.5 0.6 5.3 62.5 0 48.3 15.7 45.9 33.6 54.4 NA 56.9 99.7 97.2 65.7 1.2
20010305 82.3 12.6 44.3 79.9 25.9 22.1 22.9 0.2 0.7 6.2 68.1 0 47.1 8.5 41.7 35.3 43.7 NA 46.8 99.7 96.8 71.6 1.6
20010306 82.9 11.5 43.1 80.6 27.5 19.6 22.2 0.3 0.5 5.2 62.1 0 48.2 14.4 47.5 34.8 42.5 NA 50.4 99.8 97.7 71.5 1.3
20010307 83.8 9.8 39.9 82.5 28.1 16.2 22 0.4 0.3 3.9 56.2 0 48 23 53.1 33 40.5 NA 56.3 99.9 98.5 70.7 0.7
20010308 84.7 8.4 37.4 82 29.4 13.8 21.8 0.4 0 3.1 49.2 0 49 28.9 58.8 32 38 NA 60.4 99.9 99 70.3 0.5
20010309 87 8 31.8 83.4 26.6 13.2 18.2 0.7 0 3.5 55.3 0 47.8 32.5 57.5 33.4 38 NA 56.7 99.9 98.9 71.8 0.4
20010310 87.5 7 25.9 84.9 24.5 13.1 14.7 1.3 0 4.1 63.5 0 47.8 35.9 57.7 35.5 37.9 NA 54 100 99.4 72.5 0.3
20010311 89.6 6.7 20 86 20.7 12.3 9.5 1.6 0 4.3 68.6 0 46.2 36.9 54.6 35.8 37.9 NA 47.9 100 99.1 74.1 0.2
20010312 90.3 6 14.7 86.8 18.3 11.8 6 1.9 0 4.4 75.8 0 44.5 38.3 53.2 36.8 38 NA 44.8 100 99.1 74 0
20010313 86.5 5.7 12 86.6 15.8 10.3 7.1 1.1 0 3.3 65.1 0 40.3 30.4 48.9 31.7 37.4 NA 49 99.7 99.3 68.1 0.1
20010314 82.2 0.4 4.8 84.1 13.2 9 8.4 0.7 0 2.5 53.6 0 34.9 25.1 45.2 26.6 34.2 NA 51.9 99.5 98.6 61.4 0.1
20010315 75.9 0 2.4 83.3 10.9 7.5 10 0 0 1.7 42.8 0 30.6 18.4 40.6 21.5 31.7 NA 57.9 99.1 98.6 55 0.2
20010316 79.6 0 3.7 83 11.6 6.1 9.8 0 0 2.3 45.9 0 31.6 30.3 45.7 23.9 23.5 NA 56.1 99.4 98.6 60.3 0.2
20010317 85.4 0 5.5 83.9 11.2 4.4 8.3 0 0 2.2 51.1 0 32.9 42.8 50.6 26 19.5 NA 50.2 99.6 98.6 66.9 0.1
20010318 87.4 0 6.6 83.6 10.1 3 7.2 0 0 2.5 53.3 0 31.4 51 54.4 27 11.3 NA 44.6 99.8 97.4 68.7 0.1
20010319 92.6 0 7.8 83 10.1 1.3 6 0 0 2.6 56.4 0 32.2 63.9 58.1 28.6 5.2 NA 40.4 100 97.4 74.2 0
20010320 88 0 8.4 83.1 8.4 2.3 6.8 0 0 2.1 54.5 0 32.5 49.5 50.2 23.3 5.1 NA 40.5 99.9 97.4 69 0
20010321 82.1 0 8 79.2 7.4 3.8 8.6 0 0 1.5 55.1 0 30 30.3 40.2 18.9 0.4 NA 40.1 99.8 96.2 64.3 0
20010322 75.4 0 8.6 79.9 5.9 4.8 9.4 0 0 0.8 53.1 0 30.5 15.5 32.2 13.5 0.3 NA 40.2 99.7 96.2 59.3 0
20010323 69.9 0 7.2 73.7 6 4.1 7.6 0 0 0.8 47.6 0 29.7 18 33.3 12.6 1.2 NA 38.3 99.7 95.9 58.2 0.1
20010324 67.1 0 6.2 70.7 5.8 3.4 6 0 0 0.9 44.2 0 26.1 21.7 34.3 12.5 3 NA 36.8 99.8 97.2 57.4 0.1
20010325 60.8 0 4.8 64.1 5.8 2.6 4 0 0 0.7 38.6 0 23.3 21.3 33.4 10.9 3.5 NA 32.5 99.9 96 55.2 0.2
20010326 54.9 0 3.5 60 5.5 1.8 2.1 0 0 0.7 32 0 20.8 23.4 33.8 9.8 4.4 NA 29.7 100 95.6 52.9 0.2
20010327 54.4 0 3.5 61.7 4.8 1.8 2.2 0 0 0.7 33 0 19.7 16.9 36.2 13.7 2.6 NA 28 99.8 95.9 49.5 0.2
20010328 56.2 0 3.5 63.3 4 1.7 2.4 0 0 0.6 33.1 0 18.9 10.9 38.8 17.8 1.8 NA 26.2 99.6 97.1 46 0.1
20010329 55.6 0 3.4 64.6 3.4 1.7 2.5 0 0 0.7 34.3 0 17.9 4.5 41.2 21.7 0 NA 24.5 99.4 97 43.9 0
20010330 56.4 0 4.8 59.9 3.1 1.9 2.4 0 0 0.8 37.3 0 16.2 3.7 36.4 18.2 0 NA 23.1 99.6 95.9 42.5 0
20010331 59.1 0 6.1 55.2 3 2 2 0 0 0.5 38.6 0 14 2.9 32.3 16.1 0 NA 19.8 99.7 93.6 42 0
20010401 57.6 0 7.2 50.3 2.6 1.9 1.7 0 0 0.5 40.8 0 11.8 1.8 26.9 12.5 0 NA 15.9 99.9 91.2 39.2 0
20010402 60 0 8.2 45.1 2.2 2 1.4 0 0 0.3 41.1 0 9.6 0.8 21.8 8.8 0 NA 13.8 100 88.7 36.6 0
20010403 61.6 0 8.7 49.5 2.4 2.8 1.4 0 0 0.5 41 0 10.3 3.8 21.6 7.9 0 NA 13.5 97.6 90.7 36.1 0
20010404 61 0 9.1 54.3 2.7 3.6 1.4 0 0 0.6 42.4 0 10.9 8.2 21.9 7.2 0 NA 11.1 95.4 92.7 36.4 0.1
20010405 62.7 0 9.6 59 3.1 4.6 1.5 0 0 0.7 42.2 0 12 11.4 21.6 6.4 0 NA 11.5 91 93.9 36.1 0.1
20010406 53.1 0 8.3 55.6 2.6 3.7 1.2 0 0 0.5 34.7 0 10.5 8.4 19.9 6 0 NA 10 94.4 82.2 34.4 0.1
20010407 48.9 0 6.9 53.1 3.6 3.9 2.3 0 0 0.9 28.5 0 10.3 10.4 21.4 8.5 0 NA 8.6 93.8 74.1 33.9 0.4
20010408 39.9 0 5.3 49 3.1 3 2 0 0 0.6 20.5 0 8.7 7.5 19.2 7.7 0 NA 6.9 95.3 63.9 32.2 0.4
20010409 32.5 0 3.6 44.7 2.4 1.8 1.7 0 0 0.5 10.6 0 6.7 5 17.4 7.4 0 NA 3.8 96.8 52.8 30.6 0.4
20010410 27.9 0 4.3 41.9 2.3 1.9 1.7 0 0 0.5 9.9 0 6.3 5 14.9 6.6 0 NA 4 95.7 50.1 31.5 0.4
20010411 23.6 0 5 41 0.2 0.8 0.6 0 0 0 8.4 0 3.4 0.1 11.6 3.4 0 NA 0.7 93.1 50.6 30.9 0
20010412 18.5 0 5.5 38 0.1 0.9 0.6 0 0 0 7.1 0 2.8 0.2 9.3 2.4 0 NA 0.7 92 45.6 32.1 0
20010413 16.7 0 4 31.4 0.1 0.8 0.6 0 0 0 6.5 0 2.4 0.1 8.5 2.2 0 NA 0.7 87.2 43.6 29.9 0
20010414 13.2 0 3.2 27.4 0.1 0.5 0.6 0 0 0 4.7 0 1.6 3.9 8.2 1.9 0 NA 0.3 84.6 38.4 27.2 0
20010415 11.2 0 1.6 20.6 0.1 0.2 0.1 0 0 0 4.1 0 0.7 3.9 7.2 1.7 0 NA 0.2 80.4 36.6 24.8 0
20010416 8.4 0 0.1 15 0 0 0 0 0 0 2.9 0 0 3.8 5.9 1.2 0 NA 0 74.1 33.3 21.9 0
20010417 7.3 0 0.1 13.6 0.1 0 0 0 0 0 2.9 0 0 3.9 5.8 1.2 0 NA 0 64.5 25.6 19.5 0
20010418 1.1 0 0 8.8 0.2 0 0 0 0 0 0 0 0 0.1 4 0.1 0 NA 0 59.6 16.8 16.3 0
20010419 0 0 0 7.7 0.3 0 0 0 0 0 0 0 0 0.1 3.8 0.1 0 NA 0 50.3 9.1 13.9 0
20010420 0 0 0 5.9 0.2 0 0 0 0 0 0 0 0 0.1 3.8 0.1 0 NA 0 39.7 7.3 11.5 0
20010421 0 0 0 5 0.3 0 0 0 0 0 0 0.3 0 0.1 3.8 0.1 0 NA 0 34.4 9.7 8.5 0
20010422 0 0 0 2.5 0.2 0 0 0 0 0 0 0.3 0 0.1 3.7 0.1 0 NA 0 23.9 7.9 6.1 0
20010423 0 0 0 0.7 0.1 0 0 0 0 0 0 0.3 0 0 3.5 0.1 0 NA 0 13.9 5.4 2.8 0
20010424 0 0 0 0.6 0.1 0 0 0 0 0 0 0.3 0 0 3.5 0 0 NA 0 11.1 5.7 2.4 0
20010425 0 0 0 0.2 0 0 0 0 0 0 0 0 0 0 3 0 0 NA 0 8.3 1.8 1 0
20010426 0 0 0 0 0 0 0 0 0 0 0 0 0 0 2.9 0 0 NA 0 4.9 2 0.5 0
20010427 0 0 0 0 0 0 0 0 0 0 0 0 0 0 2.9 0 0 NA 0 4.9 1.6 0.5 0
20010428 0 0 0 0 0 0 0 0 0 0 0 0 0 0 3.1 0 0 NA 0 4.9 1.3 0.5 0
20010429 0 0 0 0 0 0 0 0 0 0 0 0 0 0 3 0 0 NA 0 0 0.4 0 0
20010430 0 0 0 0 0 0 0 0 0 0 0 0 0 0 2.9 0 0 NA 0 0 0 0 0
20010501 0 0 0 0 0 0 0 0 0 0 0 0 0 0 2.7 0 0 NA 0 0 0 0 0
20010502 0 0 0 0 0 0 0 0 0 0 0 0 0 0 2.4 0 0 NA 0 0 0 0 0
20010503 0 0 0 0 0 0 0 0 0 0 0 0 0 0 2.2 0 0 NA 0 0 0 0 0
