20011203 0 0 0 0 0 0 0 0 0 0 0 0 0 0 0 0 0 NA 0 0 0 0 0
20011204 0 0 0 0 0 0 0 0 0 0 0 0 0 0 0 0 0 NA 0 0 0 0 0
20011205 0 0 0 0 0 0 0 0 0 0 0 0 0 0 0 0 0 NA 0 0 0 0 0
20011206 0 0 0 0 0 0 0 0 0 0 0 0 0 0 0 0 0 NA 0 0 0 0 0
20011207 0 0 0 0 0 0 0 0 0 0 0 0 0 0 0 0 0 NA 0 0 0 0 0
20011208 0 0 0 0 0 0 0 0 0 0 0 0 0 0 0.1 0 0 NA 0 0 0 0 0
20011209 0 0 0 0 0 0 0 0 0 0 0 0 0 0 0.1 0 0 NA 0 0 0 0 0
20011210 0 0 0 0 0 0 0 0 0 0 0 0 0 0 0.2 0 0 NA 0 0 0 0 0
20011211 0 0 0 0 0 0 0 0 0 0 0 0 0 0 0.4 0 0 NA 0 0 0 0 0
20011212 0 0 0 0 0 0 0 0 0 0 0 0 0 0 0.9 0 0 NA 0 0 0 0 0
20011213 0 0 0 0 0 0 0 0 0 0 0 0 0 0 1.1 0 0 NA 0 0 0 0 0
20011214 0 0 0 0 0 0 0 0 0 0 0 0 0 0 1 0 0 NA 0 7.8 0.3 0.3 0
20011215 0 0 0 0 0 0 0 0 0 0 0 0 0 0 1.2 0 0 NA 0 15.5 0.6 0.6 0
20011216 0 0 0 0 0 0 0 0 0 0 0 0 0 0 1 0 0 NA 0 19.4 0.7 0.8 0
20011217 0 0 0 0 0 0 0 0 0 0 0 0 0 0 1 0 0 NA 0 27.2 1 1.1 0
20011218 0 0 0 0 0 0 0 0 0 0 0 0 0 0.1 1.3 0 0 NA 0 23.3 0.8 1 0
20011219 0 0 0 0 0 0 0 0 0 0 0 0 0 0.1 1.5 0 0 NA 0 19.6 0.6 1.3 0
20011220 0 0 0 0 0 0 0 0 0 0 0 0 0 0.3 1.5 0 0 NA 0 15.8 0.4 1.2 0
20011221 0 0 0 0 0 0 0 0 0 0 0 0 0 0.3 1.6 0 0 NA 0 15.9 0.4 1.1 0
20011222 0 0 0 0 0 0 0 0 0 0 0 0 0 0.3 1.5 0 0 NA 0 20.1 0.5 0.9 0
20011223 0 0 0 0 0 0 0 0 0 0 0 0 0 0.2 1.5 0 0 NA 0 20.2 0.5 0.4 0
20011224 0 0 0 0 0 0 0 0 0 0 0 0 0 0.1 1.3 0 0 NA 0 20.4 0.5 0.2 0
20011225 5.2 0.7 0 0.2 0 0 0.1 0 0 0 0 0 0 0.2 1.7 0 1.1 NA 10.8 15.8 0.6 0.9 0
20011226 11.5 1.2 0 0.3 0 0 0.1 0 0 0 0 0 0 0.1 2 0 2.1 NA 17 14.9 0.8 2.2 0
20011227 16.9 1.9 0 0.5 0 0 0.2 0 0 0 0 0 0 0.1 2.2 0 4.3 NA 28.2 10.3 0.9 2.9 0
20011228 18 3.3 0 0.8 0 0.1 0.2 0.2 0 0 0.1 0 0.9 0.1 2.3 0.1 22.1 NA 29.1 12.1 1.9 2.5 0
20011229 21.9 4.7 0 1.1 0 0.2 0.1 0.4 0 0 0.1 0 1.9 0.1 2.5 0.1 42.1 NA 29.9 13.5 3 2.2 0
20011230 23 5.4 0 1.4 0 0.2 0.1 0.4 0 0 0.1 0 1.9 0.1 2.6 0.1 52.1 NA 30.3 13.5 3.4 1.6 0
20011231 23.5 6.8 0 1.6 0 0.3 0 0.5 0 0 0.2 0 2.8 0.1 2.6 0.2 70 NA 29.8 15 4.3 1.2 0.1
20020101 30.2 28.1 0.8 1.7 0 0.2 0.2 0.7 0 0.1 0.5 0 3.6 0.1 3.1 0.1 80 NA 38 19.7 3.8 1.6 0
20020102 34.1 49.3 1.6 1.8 0 0.1 0.4 0.7 0.1 0.3 0.7 0 4.3 0.1 3.5 0.1 85.3 NA 44.5 27.4 2.9 2.3 0
20020103 39.5 73.1 2.5 1.9 0 0 0.6 1 0.2 0.4 1.2 0 5 0.1 3.8 0.1 92.7 NA 50.5 32.1 2.4 2.7 0
20020104 37.4 69.3 2.2 1.9 0.4 0 1.8 1 0.2 0.4 2.3 0 4.5 0.3 3.9 0.1 91 NA 49.9 34.4 3.2 2.5 0
20020105 35 65.4 2.2 1.9 0.5 0 2.4 0.6 0.1 0.3 2.8 0 4.6 0.5 3.8 0.1 85.1 NA 50.5 37.2 3.9 2.4 0
20020106 32.9 59.7 2 1.9 0.9 0 3.6 0.4 0 0.3 3.7 0 4.1 0.5 3.8 0.1 83.8 NA 49.4 38.5 4.7 2.1 0.1
20020107 30 54.4 1.7 1.9 1.1 0 4.2 0.1 0 0.3 4.3 0 3.7 0.6 3.8 0.1 77.6 NA 48.7 38.9 5 1.8 0.1
20020108 33 49.9 2.8 2.7 1.9 0 4.4 0.2 0 0.3 4 0 7.8 1.1 4.4 0.3 66.8 NA 50 38.6 16.5 2.3 0.1
20020109 34.1 43.7 4.3 3.8 2.6 0 4.7 0.3 0 0.4 3.7 0 12.1 1.8 5.2 0.5 55.2 NA 51.4 36.5 28 2.5 0.1
20020110 36.9 39 5.4 4.6 3.8 0 5 0.4 0 0.4 3.3 0 16.6 2.2 6 0.8 46.1 NA 53.3 36.3 39.6 3 0.2
20020111 35.2 29.2 3.9 4.1 3.6 0 3.9 0.3 0 0.4 2.8 0 14.4 1.7 5.4 0.6 39.6 NA 43.3 34.2 32.5 2.7 0.1
20020112 33.8 26 3 3.5 2.5 0 2.7 0.4 0 0.4 2.1 0 10 1.3 4.9 0.5 38.5 NA 36.8 34.4 22.2 2.7 0.1
20020113 29.7 15.9 1.6 2.8 1.9 0 1.6 0.2 0 0.4 1.6 0 7.8 0.7 4.2 0.4 31.1 NA 25 32.3 14.9 2.2 0.1
20020114 27.4 9 0.2 2.1 1.1 0 0 0.2 0 0.3 0.8 0 3.3 0 3.3 0.2 26.6 NA 16.7 29.6 3.8 1.9 0
20020115 28.8 9.4 0.3 1.9 1 0 0.1 0.2 0 0.2 0.7 0 3.6 0.6 3.8 0.2 23.9 NA 25.3 29.2 3.5 2.2 0
20020116 29.6 7.4 0.3 1.9 0.8 0.1 0.3 0 0 0.2 0.4 0 4 1.3 4.3 0.1 18.9 NA 31.3 28 3.9 2.5 0
20020117 31 7.3 0.4 1.8 0.7 0.2 0.4 0 0 0.1 0.4 0 4.3 1.9 4.9 0.1 15.7 NA 39 27.3 3.6 3.1 0
20020118 35.1 16.2 1.7 3.3 0.7 0.1 1.2 0 0 0.2 1 0 4.1 2.3 5.6 0.1 19.6 NA 42.7 35.8 4.2 4.2 0
20020119 41.3 29.5 3.5 4.6 0.6 0.1 1.8 0 0 0.2 1.6 0 3.9 2.6 6 0.2 30.1 NA 50.9 45.8 5.4 5 0
20020120 44.4 37.7 4.8 6.1 0.4 0 2.5 0 0 0.2 1.7 0 3.6 3 6.5 0.2 34 NA 53.9 52.7 5.3 5.8 0.1
20020121 48.2 46.3 6 7.1 0.3 0 3 0 0 0.2 2.3 0 3.3 3.1 6.8 0.2 38.8 NA 58.5 61 5.9 6.6 0.1
20020122 46.9 32.9 4.2 5.2 0.3 0.1 2.1 0 0 0.2 1.8 0 3.4 2.4 5.9 0.2 31.6 NA 53.3 59.9 5.9 5.8 0
20020123 44.9 18.7 2.7 3.4 0.2 0.2 1.2 0 0 0.1 1.1 0 3.4 1.8 5.2 0.1 21.6 NA 48.2 56.5 5.6 5.3 0
20020124 43.2 5.3 1 1.8 0.2 0.3 0.3 0 0 0.1 0.7 0 3.5 1.1 4.4 0.1 14.2 NA 43.3 55.6 5.8 4.7 0
20020125 44.1 4.3 0.8 1.9 0.3 0.3 0.2 0 0 0.2 1.5 0 3.4 1 5.1 0.1 11.9 NA 37.4 61 6 6.1 0
20020126 47.6 3.4 0.6 2 0.4 0.4 0.2 0 0 0.2 2 0 3.5 1 5.6 0.1 10 NA 31.6 64.4 5.8 7.2 0
20020127 46.6 2.2 0.4 1.8 0.5 0.3 0.1 0 0 0.3 2.8 0 3.5 0.9 6.2 0.2 7.1 NA 24.6 68.5 5.7 8 0.1
20020128 48.2 1.3 0.2 1.9 0.5 0.3 0 0 0 0.4 3.3 0 3.4 0.9 6.7 0.2 5.2 NA 17.1 72.1 5.5 9.2 0.1
20020129 54.1 1.6 0.3 1.6 0.5 0.2 0 0 0 0.3 2.9 0 3.5 2.3 8.1 0.2 9.3 NA 24.8 70.8 6.3 9.6 0
20020130 59.7 2 0.3 1.2 0.6 0.1 0.1 0 0 0.3 2.2 0 3.6 3.5 9.5 0.2 13.1 NA 32.2 65.9 6.7 9.8 0
20020131 64.8 2.4 0.3 0.9 0.7 0 0.1 0 0 0.3 1.7 0 3.8 4.9 10.9 0.1 17.1 NA 40 64.5 7.5 10.2 0
20020201 66.6 2.1 0.2 0.7 0.8 0.2 0.7 0 0 0.6 8.8 0 3.7 4.3 9.6 0.1 23.3 NA 40.1 71 9.3 13.5 0
20020202 66.6 1.8 0.2 0.7 0.9 0.4 1 0 0 1 18.2 0 3.6 3.4 8.8 0.1 27.8 NA 41.3 83.4 12.2 17.3 0
20020203 66.5 1.4 0.1 0.4 0.8 0.6 1.6 0 0 1.2 24.7 0 3.6 2.5 7.4 0.1 26 NA 39.2 90 12.6 19.7 0.1
20020204 66.8 1.1 0 0.3 0.9 0.7 1.9 0 0 1.5 32.6 0 3.4 1.5 6 0.1 30.4 NA 38.8 97.8 14.7 22.6 0.1
20020205 75.3 1.1 0 0.8 1 0.6 1.5 0 0 1.1 24.6 0 5.1 2.4 6.1 0.2 31.6 NA 42.8 93.7 17.8 21.7 0.1
20020206 81.5 1 0 1.5 1.1 0.5 1.4 0 0 0.7 18.1 0 8.3 3.8 6.4 0.2 30.7 NA 46 88.2 21.3 21.2 0.2
20020207 91.6 1 0 2 1.3 0.4 1.1 0 0 0.3 11.4 0 10 4.7 6.5 0.3 31.8 NA 50 82.6 24.8 19.8 0.3
20020208 88.6 0.8 0 2.1 2.5 1.1 2 0 0 0.5 17.9 0 9.3 3.4 6.3 0.3 35.1 NA 53.4 86.2 28.1 25.7 0.3
20020209 84.9 0.6 0 2.1 3.7 2.1 3.4 0 0 0.6 26.7 0 8.7 2.7 6.4 0.3 33.9 NA 57.1 91 33.5 32.3 0.2
20020210 82 0.4 0 2.1 5.7 3 4.3 0 0 0.5 32 0 7.3 1.4 6 0.2 36.4 NA 60.4 94.3 35.5 37.8 0.1
20020211 77.6 0.1 0 2 5.9 3.6 5.1 0 0 0.7 38.7 0 6.4 0 5.8 0.2 35 NA 61.7 97.4 38.5 43.5 0.1
20020212 80.6 0.8 0 2.5 5.1 2.6 4.1 0 0 0.8 32.1 0 8.5 1.1 6.3 0.2 34.2 NA 57.4 96.3 38.4 37.8 0
20020213 87.4 1.5 0 3.1 5.4 1.9 3.3 0 0 0.7 23.8 0 10.5 2.3 6.9 0.2 33.4 NA 55.9 94.2 35.2 31.8 0
20020214 89.7 2.1 0 3.7 5.4 1.1 2.2 0 0 0.9 17.2 0 12.5 3.4 7.4 0.2 32.7 NA 51 92.5 35.3 26.2 0
20020215 85.8 1.6 1.1 5.2 4.4 1.7 4.1 0 0 1 20.9 0 12.5 3 6.9 0.3 34.6 NA 53.9 92.8 41.2 28.7 0
20020216 83.8 1.1 2.2 7.2 4 2.4 6.1 0 0 1.3 25.9 0 11.8 2.3 6.5 0.3 39.3 NA 54.7 95.8 48 33 0
20020217 79 0.6 2.9 8.6 2.9 2.7 7 0 0 1.4 29.3 0 11.8 1.7 5.7 0.4 39.6 NA 56.4 96 54 34.7 0.1
20020218 74.5 0.1 3.9 10 1.7 3.3 8.8 0 0 1.5 34.2 0 10.8 1 5 0.4 40.2 NA 58.3 97.6 58.2 38 0.1
20020219 72.7 0.4 2.7 7.3 1.7 2.4 6.1 0 0 1.1 24 0 12.6 0.7 4.9 0.3 30.8 NA 54.8 93.8 49.8 35.7 0.1
20020220 71.5 0.7 1.2 4.9 1.7 1.8 2.7 0 0 0.8 15.6 0 13.9 0.7 5.1 0.2 17.7 NA 49.1 91.1 42.6 33.8 0
20020221 69.4 0.9 0 2.2 1.6 1 0 0 0 0.4 6.1 0 15.4 0.5 4.9 0.1 8.2 NA 43.8 88.6 33.1 31.2 0
20020222 71.2 0.7 0 1.7 1.8 0.9 0.2 0 0 0.4 9.5 0 13.8 0.4 5 0.1 6.2 NA 39 91.3 32.5 30 0
20020223 74 0.4 0 1.4 1.9 0.9 0.3 0 0 0.3 13.5 0 12 0.3 5.1 0.1 4.2 NA 35.7 93.9 32.3 28.7 0
20020224 71.2 0.2 0 0.9 1.9 0.7 0.3 0 0 0.2 16.6 0 9.6 0.2 5 0.1 2.1 NA 30.1 94.1 29.4 26.9 0
20020225 71.4 0 0 0.3 2 0.6 0.5 0 0 0.1 20.3 0 7.9 0.1 5.1 0.1 0.1 NA 25.5 96.7 28.5 25.5 0
20020226 76.5 0 0 0.6 2 0.6 0.7 0 0 0.5 22.4 0 9.9 1 5.6 0.1 0.2 NA 27.7 96.5 27.7 25 0
20020227 80.5 0 0 1 1.6 0.5 0.9 0 0 0.7 25.3 0 11.9 1.8 6.1 0.2 0.2 NA 30.5 97.4 24.4 24.8 0
20020228 86.6 0 0 1.3 1.6 0.4 1.1 0 0 1 27 0 13.9 2.8 6.6 0.3 0.4 NA 32.4 97.2 23.6 24.2 0
20020301 87.5 0.4 0 1.2 5.3 2.3 2.9 0 0 1.9 26.8 0 11.6 3.5 7.6 0.6 2.4 NA 41.2 97.5 36.5 28.8 0
20020302 88.8 0.9 0 0.8 9 4.1 4.7 0 0 3.2 28.2 0 9.1 5 8.6 0.9 6.4 NA 51.7 97.9 52.4 34.7 0
20020303 89.8 1.3 0 0.6 11.2 5 5.8 0 0 4 28 0 6.6 5.7 9.4 1.1 8.4 NA 55.9 98.2 59.5 38.8 0
20020304 90.1 1.8 0 0.3 14.9 6.8 7.6 0 0 5 28.1 0 4.1 6.4 10.3 1.4 10.4 NA 65.2 98.4 72.6 43.9 0
20020305 93.6 3.7 0 0.8 12.9 5.9 7.6 0.1 0.3 3.6 34.7 0 5.7 6.9 10.9 1.3 28.3 NA 67.1 98.2 75.2 43.6 0
20020306 93.4 5.4 0 1.2 9.5 4.6 6.4 0.2 0.6 2.5 39.9 0 6.5 6.3 11.2 1 51.6 NA 68 97.9 72.1 43.5 0
20020307 95.2 9.1 0 1.7 7.4 3.7 6.4 0.3 0.8 1.2 44.7 0 7.6 6.6 11.6 0.9 69.3 NA 68.9 97.7 74.6 43 0
20020308 88.7 8.5 0 1.5 7.9 3 5.5 0.2 0.6 1.3 39 0 6.4 6.1 10.1 1.2 49.5 NA 63.7 97.6 69.7 41.8 0
20020309 84.8 4.7 0 1 8.6 2.4 5.2 0.2 0.6 1.5 32.4 0 4.9 5.9 9.6 1.5 39.5 NA 57.9 98.7 64.5 40.3 0
20020310 76.1 2.4 0 0.8 8.7 1.8 3.9 0.1 0.3 1.6 25.3 0 3.7 5.4 7.7 1.6 19.5 NA 50.8 98.4 54 38.6 0
20020311 71.8 0 0 0.3 8.8 1.2 3 0 0 1.7 18.3 0 2.2 5.1 6.2 1.7 0 NA 44.8 98.2 48.8 36.8 0
20020312 80.4 0 0 0.3 7.1 1 2.3 0 0 1.4 20.8 0 2.7 8.3 8.1 2.2 0 NA 44.5 98 60 34.4 0
20020313 87.3 0 0 0.4 5.2 0.8 1 0 0 0.8 23.4 0 3.3 9.9 10.3 2.7 0 NA 40.8 97.4 67.2 32.1 0
20020314 94.6 0 0 0.5 3.6 0.7 0.4 0 0 0.5 26.3 0 3.7 12.8 12.1 3.1 0 NA 39.5 97 76.6 29.9 0
20020315 93.2 0 0 0.4 4.6 0.5 0.3 0 0 0.8 33.9 0 2.9 10.9 11.5 4.3 0 NA 33.2 97.9 82.4 32.1 0
20020316 92.8 0 0 0.5 6.3 0.5 0.3 0 0 1.1 38.5 0 2.3 9 11.3 5.3 0 NA 28.1 98.3 85.4 35.9 0
20020317 91 0 0 0.3 7.4 0.3 0.1 0 0 1.4 44.8 0 1.6 4.8 10.2 6.2 0 NA 22.6 98.8 89.7 38.4 0
20020318 89.6 0 0 0.3 8 0.1 0 0 0 1.6 49.7 0 0.8 3 9.5 6.9 0 NA 14.2 99.4 93.7 40.5 0
20020319 86.3 0 0 0.2 6.3 0.2 0 0 0 1.3 40.4 0 1.2 2.2 8.5 5.1 0 NA 12 99.2 92.7 37.5 0
20020320 83.1 0 0 0.1 4.7 0.3 0 0 0 1.1 31.8 0 1.3 1.6 7.5 3.9 0 NA 9.6 99 89.5 35.5 0
20020321 79.8 0 0 0 3.2 0.4 0.1 0 0 0.8 23.3 0 1.6 0.9 6.5 2.1 0 NA 7.3 98.8 88.5 33.3 0
20020322 82.3 0 0 0.1 6.2 0.9 1.2 0 0 1.4 28.4 0 1.2 2.1 6.9 2.1 3.2 NA 17.7 99.1 89 36.6 0
20020323 86.8 0 0 0.1 10.2 2 2.9 0 0 2.1 33.8 0 1.3 4.2 7.5 2.5 4.9 NA 33.3 99.4 92 39.8 0
20020324 88.3 0 0 0.2 13 2.6 3.9 0 0 2.7 37.6 0 1 5.4 7.5 2.5 8.1 NA 42.6 99.5 92.4 42.9 0
20020325 91.6 0 0 0.3 15.7 3.1 5 0 0 3.2 40.8 0 0.5 6.5 7.6 2.5 9.7 NA 52.9 99.7 92.9 44.9 0
20020326 85.6 0 0 0.2 11.8 2.3 3.6 0 0 2.1 33 0 0.5 6.4 8.4 2 6.5 NA 45.7 97 89.3 42.9 0
20020327 79.3 0 0 0.1 7.7 1.8 2.4 0 0 1.2 27.6 0 0 7 9.7 1.7 3.2 NA 40.6 94.2 83.6 40.1 0
20020328 73 0 0 0 3.9 0.9 1 0 0 0.2 20.6 0 0 6.8 10.4 1.2 0 NA 33.4 91.5 80 38.7 0
20020329 64.3 0 0 0 3.6 0.9 0.7 0 0 0.2 18.8 0 0 5.9 8.9 1 0 NA 26.4 92.6 78 36.4 0
20020330 60.8 0 0 0 2.7 0.6 0.8 0 0 0.2 12.3 0 0 3.9 7.6 0.8 0 NA 20.1 94 75.6 31.7 0
20020331 52 0 0 0 2.1 0.5 0.5 0 0 0.1 9.5 0 0 2.9 5.7 0.7 0 NA 13 94.7 73.3 28.3 0
20020401 45.2 0 0 0 1.4 0.3 0.3 0 0 0.1 4.5 0 0 0.9 3.9 0.5 0 NA 5.5 95.9 69.7 24.3 0
20020402 41.4 0 0 0 1.2 0.2 0.3 0 0 0.1 4.7 0 0 0.6 4.1 0.4 0 NA 5.5 95.1 69.3 22.9 0
20020403 40.6 0 0 0 1.3 0.1 0 0 0 0.1 4.6 0 0 0.5 4.4 0.2 0 NA 2.4 89.9 69.3 21.6 0
20020404 38.1 0 0 0 1.2 0 0 0 0 0.1 5 0 0 0.2 4.6 0.2 0 NA 2.3 89 69.5 20.4 0
20020405 36.4 0 0 0 0.9 0 0 0 0 0.1 3.7 0 0 0.6 4.6 0.2 0 NA 2.3 89.3 67.7 20.2 0
20020406 39.6 0 0 0 0.9 0 0 0 0 0.1 3.5 0 0 1.1 5.2 0.2 0 NA 1.4 94.3 67.9 20.4 0
20020407 36.9 0 0 0 0.6 0.1 0 0 0 0.1 2 0 0 1.6 5.2 0.3 0 NA 0.9 94.6 66 19.7 0
20020408 36.2 0 0 0 0.4 0.1 0 0 0 0.1 0.8 0 0 2 5.3 0.3 0 NA 0.5 94.8 63.9 19.3 0
20020409 34.3 0 0 0 0.5 0.1 0 0 0 0.1 0.9 0 0 1.3 4.8 0.2 0 NA 0.3 94.3 62.6 19.7 0
20020410 33.4 0 0 0 0.3 0.2 0 0 0 0.1 0.8 0 0 0.8 4.1 0.2 0 NA 0.1 89.5 63.2 20.3 0
20020411 29.5 0 0 0 0.4 0.2 0 0 0 0.2 0.9 0 0 0.1 3.6 0.2 0 NA 0 89.1 61.9 20.8 0
20020412 25.7 0 0 0 0.3 0.2 0 0 0 0.2 0.7 0 0 0.1 3.5 0.2 0 NA 0 86.7 57.5 19.8 0
20020413 21.5 0 0 0 0.3 0.2 0 0 0 0.1 0.5 0 0 0 3.5 0.3 0 NA 0.1 87.1 57.4 19.9 0
20020414 17.3 0 0 0 0.3 0.1 0 0 0 0.1 0.3 0 0 0 3.2 0.3 0 NA 0.1 84.2 52.4 18.4 0
20020415 12.5 0 0 0 0.2 0 0 0 0 0.1 0.1 0 0 0 3.1 0.3 0 NA 0.1 80.9 48.9 17.6 0
20020416 9.7 0 0 0 0.2 0 0 0 0 0.1 0.4 0 0 0 3 0.3 0 NA 0.1 80.1 36.7 18 0
20020417 3.7 0 0 0 0.1 0 0 0 0 0 0.6 0 0 0 2.6 0.4 0 NA 0 77.7 21.9 17.3 0
20020418 1.1 0 0 0 0 0 0 0 0 0 0.9 0 0 0 2.5 0.5 0 NA 0 76.4 9.6 17.5 0
20020419 1.1 0 0 0 0 0 0 0 0 0 0.6 0 0 0 2.4 0.4 0 NA 0 61.4 8.3 14 0
20020420 1.1 0 0 0 0 0 0 0 0 0 0.6 0 0 0 2.9 0.3 0 NA 0 46.4 9.6 10.9 0
20020421 0 0 0 0 0.1 0 0 0 0 0 0.3 0 0 0 2.8 0.2 0 NA 0 30.6 8.3 7.1 0
20020422 0 0 0 0 0 0 0 0 0 0 0 0 0 0 2.7 0 0 NA 0 12.6 6.3 3.5 0
20020423 0 0 0 0 0 0 0 0 0 0 0 0 0 0 2.7 0 0 NA 0 12.3 6.1 2.9 0
20020424 0 0 0 0 0 0 0 0 0 0 0 0 0 0 2.1 0 0 NA 0 13.6 1.4 1.3 0
20020425 0 0 0 0 0 0 0 0 0 0 0 0 0 0 2.1 0 0 NA 0 12.4 1.1 0.8 0
20020426 0 0 0 0 0 0 0 0 0 0 0 0 0 0 2 0 0 NA 0 12.4 0.9 0.7 0
20020427 0 0 0 0 0 0 0 0 0 0 0 0 0 0 2 0 0 NA 0 8.1 2.3 1.3 0
20020428 0 0 0 0 0 0 0 0 0 0 0 0 0 0 1.8 0 0 NA 0 8.1 2.2 1.1 0
20020429 0 0 0 0 0 0 0 0 0 0 0 0 0 0 1.6 0 0 NA 0 5 2 1 0
20020430 0 0 0 0 0 0 0 0 0 0 0 0 0 0 1.6 0 0 NA 0 5 2 1 0
20020501 0 0 0 0 0 0 0 0 0 0 0 0 0 0 1.3 0 0 NA 0 0 0 0 0
20020502 0 0 0 0 0 0 0 0 0 0 0 0 0 0 1.2 0 0 NA 0 0 0 0 0
20020503 0 0 0 0 0 0 0 0 0 0 0 0 0 0 1.1 0 0 NA 0 0 0 0 0
20020504 0 0 0 0 0 0 0 0 0 0 0 0 0 0 0.9 0 0 NA 0 0 0 0 0
20020505 0 0 0 0 0 0 0 0 0 0 0 0 0 0 0.7 0 0 NA 0 0 0 0 0
20020506 0 0 0 0 0 0 0 0 0 0 0 0 0 0 0.5 0 0 NA 0 0 0 0 0
20020507 0 0 0 0 0 0 0 0 0 0 0 0 0 0 0.3 0 0 NA 0 0 0 0 0
20020508 0 0 0 0 0 0 0 0 0 0 0 0 0 0 0.2 0 0 NA 0 0 0 0 0
20020509 0 0 0 0 0 0 0 0 0 0 0 0 0 0 0 0 0 NA 0 0 0 0 0
