20021202 5.3 0 0 0 0 0 0 0 0 0 0 0 0 0 2.2 0 0 NA 1.4 2.4 0 0.6 0
20021203 10.3 0.6 0 0.7 0.2 0 0.2 0 0 0 0 0 0.1 0 2.3 0 20 NA 15.5 13 0.9 0.8 0
20021204 14.5 1.1 0 1.4 0.4 0 0.3 0 0 0 0 0 0.3 0.1 2.4 0 40 NA 30.4 23.7 1.8 0.8 0
20021205 19.2 1.8 0 2.2 0.5 0 0.5 0 0 0 0 0 0.5 0.2 2.5 0 60 NA 43.6 34.3 2.6 0.9 0
20021206 20 1.8 0 2.1 0.5 0 0.4 0 0 0 0 0 0.9 0.1 2.7 0 63.8 NA 45 33 2.9 0.9 0
20021207 20.8 1.6 0 1.8 0.5 0 0.4 0 0 0 0 0 1.5 0.1 2.5 0 61.5 NA 47.3 32.8 3.7 1 0
20021208 20.4 1.4 0 1.5 0.5 0 0.3 0 0 0 0 0 1.8 0 2.5 0 61.5 NA 47.5 31 3.8 1.1 0
20021209 20.4 1.2 0 1.2 0.4 0 0.2 0 0 0 0 0 2.1 0 2.5 0.1 59.1 NA 47.5 27.8 4.1 1 0
20021210 19.3 1 0 1.2 0.3 0 0.2 0 0 0 0 0 2.2 0.1 2.4 0.1 51.1 NA 45.3 29.2 3.1 1 0
20021211 19.1 0.8 0 1 0.2 0 0 0 0 0 0 0 2.2 0.1 2.5 0 45.7 NA 40 32.9 2.1 1 0
20021212 18.3 0.6 0 0.9 0.1 0 0 0 0 0 0 0 2.3 0.2 2.5 0 37.6 NA 37.8 34.1 1.1 1 0
20021213 16.6 0.4 0 0.8 0.1 0 0.2 0 0 0 0 0 2.7 0.2 2.6 0 41.2 NA 40.1 37.9 1.2 1.4 0
20021214 13.3 0.3 0 0.7 0 0 0.2 0 0 0 0 0 2.9 0.1 2.8 0 38.7 NA 45.4 39.1 1.2 1.6 0
20021215 9.4 0.2 0 0.5 0 0 0.5 0 0 0 0 0 3.3 0.1 2.9 0 38.2 NA 45.5 42.4 1.3 1.9 0
20021216 6.8 0 0 0.4 0 0 0.5 0 0 0 0 0 3.6 0 3 0 38.7 NA 47.3 41.2 1.3 2 0
20021217 7.3 0 0 1 0 0 0.2 0 0 0 0 0 3.2 0.1 2.9 0 30.9 NA 43.7 39.8 2.1 1.8 0
20021218 7.4 0 0 1.5 0 0 0.2 0 0 0 0 0 2.9 0.1 2.7 0 23.1 NA 42.6 39.4 3.2 2 0
20021219 7.7 0 0 2.1 0 0 0 0 0 0 0 0 2.5 0.2 2.6 0 16.3 NA 38.9 37.9 4.1 1.8 0
20021220 11 0.4 0 1.6 0 0 0.3 0 0 0 0 0 2.8 0.2 2.6 0 14.5 NA 43.4 36.1 3.9 1.7 0
20021221 13.5 0.6 0 1.3 0 0 0.5 0 0 0 0 0 3.1 0.2 2.5 0 10.7 NA 45.9 33.6 3.7 1.8 0
20021222 16.7 0.8 0 0.7 0 0 0.8 0 0 0 0 0 3.4 0.2 2.5 0 5.9 NA 49.4 31.7 3.3 1.7 0
20021223 19.4 1.1 0 0.3 0 0 1 0 0 0 0 0 3.6 0.2 2.5 0 2.9 NA 52.1 29.1 2.9 1.7 0
20021224 21.6 1 0 0.3 0 0 1.1 0 0 0 0 0 3.4 0.3 2.5 0 3.3 NA 51.3 31 4.3 1.8 0
20021225 24.7 0.8 0 0.4 0 0 1 0 0 0 0 0 3.2 0.5 2.5 0 7 NA 48.8 33.8 6 2 0
20021226 27.2 0.7 0 0.5 0 0 1.1 0 0 0 0 0 3.1 0.6 2.5 0 7.3 NA 48 35 7.8 2.2 0
20021227 26.6 14.8 0.7 0.4 0 0 0.9 0 0 0 0 0 2.9 0.6 2.6 0 19.3 NA 46.8 33 6.9 2.1 0
20021228 27.6 34.5 1.4 0.4 0 0 0.7 0 0 0 0 0 2.8 0.5 2.9 0 28.3 NA 45.4 28 4.7 2 0
20021229 26.8 48.1 1.8 0.3 0 0 0.2 0 0 0 0 0 2.5 0.6 3 0.1 39.4 NA 43.3 24.6 3.7 1.7 0
20021230 25.6 61.7 2.5 0.3 0 0 0 0 0 0 0 0 2.4 0.4 3.1 0.1 48.2 NA 40.6 20.4 2 1.5 0
20021231 28.5 58.2 1.8 0.2 0.1 0 0 0 0 0.1 0.3 0 3 0.5 3.2 0.1 42.5 NA 39.7 30 8.1 4.1 0
20030101 31.9 50.1 0.9 0.1 0.3 0 0 0 0 0.1 0.6 0 3.2 0.7 3.6 0.1 39.2 NA 40.6 39.7 14.5 6.8 0
20030102 33.8 46.6 0.2 0.1 0.5 0 0 0 0 0.2 1.1 0 4.2 0.8 3.9 0.1 35.2 NA 40.5 49.2 20.3 9.4 0
20030103 42.1 56 0.7 0.6 1 0.1 1.3 0 0 0.3 5.2 0 5 0.5 3.9 0.1 41.7 NA 47.5 63.7 17.9 13.1 0
20030104 52.9 71.6 1.4 1.2 1.6 0.3 2.1 0 0 0.6 11 0 5.5 0.5 4.3 0.1 46.9 NA 53.9 74.5 18.9 16 0
20030105 61.1 81 1.9 1.7 1.9 0.4 3.4 0 0 0.6 15.4 0 6.6 0.3 4.3 0.1 52.9 NA 60.7 85 16.3 19.6 0.1
20030106 69.2 93.5 2.5 2.1 2.2 0.5 4 0 0 0.7 19.9 0 6.7 0.1 4.3 0.1 58.6 NA 65 97.3 13.2 21.7 0.1
20030107 59.4 86 3.8 2.2 1.9 0.5 3.7 0 0 0.6 13.2 0 6.7 0.5 4.4 0.1 57.3 NA 63.3 96.2 13.7 19.2 0.1
20030108 49.4 81 5.3 2.3 1.6 0.3 3.5 0 0 0.4 8 0 8 0.9 4.6 0.1 56 NA 63.7 94 15.5 16.1 0.1
20030109 37.9 75.9 6.7 2.4 1.3 0.3 3.1 0 0 0.3 2.7 0 8.2 1.4 4.6 0.1 57.3 NA 62.2 93.2 16 13.7 0
20030110 50.6 76.5 12.4 6.7 2.6 0.5 3.5 0 0 0.5 9.5 0 12.4 1.6 5.7 0.4 66.8 NA 60.7 91.8 18.1 14.7 0.1
20030111 59.4 77.6 20.5 12.1 4.3 0.6 4.3 0.4 0.3 0.8 17.8 0 16.4 2 6.8 0.9 72.8 NA 59.5 93.6 20.8 16.3 0.1
20030112 72.5 74.7 25.5 15.4 5.4 0.8 4.5 0.4 0.3 0.9 22 0 20.7 2.3 7.7 1.2 81.9 NA 57.9 92.1 22.7 17 0.1
20030113 82.9 74.8 31.2 19.6 6.6 1 4.6 0.4 0.3 1.2 28.5 0 23.8 2.5 8.4 1.5 88.7 NA 55 91 23.1 17.9 0.1
20030114 86.3 81.2 38.2 22.4 6.3 1.5 6.6 2.4 0.3 1.2 28 0.1 24 2.6 8.6 1.2 91.6 NA 61.2 93.6 23.7 22.8 0.5
20030115 90.8 85.7 46.7 27.5 6.8 2.5 9.4 4.4 0 1.2 29 0.2 26.8 2.8 8.8 1.1 92.9 NA 68 96.1 26.1 28.1 1.4
20030116 95.9 90.4 52.8 30.6 6.5 3 11.4 6.1 0 1.3 28.7 0.4 27 2.9 9 0.8 95 NA 73.5 98.3 26.7 32.7 1.8
20030117 96 90.4 62.5 36.2 8.9 4.3 15.7 8.7 1.3 2.8 32.1 0.4 29.7 3.2 9.7 0.9 95 NA 78.2 98.7 37.4 34.2 1.6
20030118 97.2 94.2 71.5 40.6 10.3 5.3 19.5 11.1 2.5 4.1 35.2 0.6 32.6 3.6 10.5 1.2 99.9 NA 84.5 98.7 45.6 34.9 1.4
20030119 97.3 94 80.9 47.1 12 6.5 23.2 13.7 3.8 5.6 38.2 0.6 35.1 3.9 11.1 1.3 99.9 NA 89.2 99.1 51.8 36.2 1.2
20030120 97.3 94.4 89.2 51.2 13.3 7.4 26.5 15.5 5.1 6.8 40.4 0.6 36.8 4.2 11.5 1.4 99.9 NA 91.9 99 59.8 36.6 0.9
20030121 97.3 97 92.2 69.6 16.2 7 28.3 14.8 4.3 5.8 45.1 1.5 47.9 4.8 11.7 2.8 99.9 NA 91.4 99.4 69.4 41.4 2.2
20030122 97.6 96.9 92.6 83.1 16.6 6.8 31.8 15.6 4.2 5 50 3.1 57.4 5.5 11.9 3.8 100 NA 89.4 99.5 78.6 43.9 4.3
20030123 97.7 98.2 94.1 95.2 19.3 6.4 33.5 14.9 3.4 4 54.7 4 68.1 6.1 12.2 5.1 100 NA 88.2 100 91.2 48.4 5.6
20030124 97.4 98.2 94.1 95.2 21.4 10.2 38.7 16.5 3.3 3.4 56 4.5 71.4 6 12.1 8.4 100 NA 90.9 100 92.6 53.8 7.3
20030125 99.3 98.3 94.7 95.7 23.7 14.2 43.3 17.1 3.6 3.3 58 5.9 74.7 6.4 12.4 12.6 100 NA 92.7 100 96.5 62.3 9.3
20030126 98.9 98.3 94.7 95.3 24.7 18.3 48.5 18.8 3.2 2.5 58.2 6.4 77.7 6.2 12.2 15.5 100 NA 95.3 100 97.8 67.6 10.8
20030127 98.6 98.3 95 95.5 26.4 21.8 53.2 19.6 2.9 1.8 58.6 7.2 79.9 6.3 11.9 19.1 100 NA 97.5 100 98.8 75 12.5
20030128 99 97.4 94.3 95.5 23.6 17.6 49.6 20.8 4.9 4.7 61.4 6.1 81.3 11.6 14.9 21 99.8 NA 97 100 98.8 71.4 10.7
20030129 97.8 96.5 93.5 96.9 21.9 14.6 47.2 21.4 7.8 8.4 62.8 4.9 83 19.6 18.3 22.5 99.6 NA 96.9 100 95.2 68.8 9.9
20030130 98.1 95.3 92.6 96.9 18.7 10.6 43.2 22.1 9.8 11.3 65.4 3.6 83.5 25.2 21.4 24.2 99.4 NA 96 100 95.2 62.5 8
20030131 98.3 95.8 93 96.9 19.1 13.4 42.8 21.2 8.6 9.4 67.6 2.8 84.2 24.8 21.6 24.4 98.5 NA 95.2 100 95.2 62.1 7.1
20030201 98.5 96.8 94 96.9 19.6 16 44.9 20.4 6.8 7.9 72.9 2 86 24 22.7 25.5 98 NA 95.7 100 99.1 62.7 6.3
20030202 98.3 93.7 93.3 95.5 18.6 17.8 43.8 18.7 5.3 5.6 74.6 1.2 82.5 23.6 22.6 25.7 97.1 NA 94.6 100 99.1 61 5.1
20030203 98.4 94.4 93.9 95.5 18.7 20.3 44.3 17.7 3.9 3.6 75.8 0.6 83.3 22.7 22.5 26 96.3 NA 94.2 100 99.1 61.3 4.7
20030204 97.1 90.9 93.4 95.5 24.8 17.2 48.6 18.5 3.9 5.9 72.7 0.9 76.5 21.5 21.1 25.4 96.4 NA 95.2 100 98.9 65.1 4.1
20030205 95.8 88.3 89.2 92.9 29.5 15.4 52.7 19.5 4.2 8 75.4 1 67.9 20.8 20.4 24.2 97 NA 94.5 100 98.4 69 2.8
20030206 93.9 83.6 88.5 92.8 35.7 12.3 57.6 20.1 4.6 10.6 72 1.2 61.1 19.7 19.2 23.5 97 NA 95.5 100 98.1 73.1 2.1
20030207 94.8 86.1 88.9 92.9 32.5 13.8 61.6 21.6 5.8 9.9 71.7 2.3 63.3 17.8 19.1 22.8 96.1 NA 95.7 100 98.1 70.1 3.2
20030208 96.9 89.9 94.3 96.4 30.3 15.1 64.9 22.1 6.9 10.7 69.7 3.3 66 17.4 21.4 23.7 94.6 NA 97.7 100 99.1 69.4 4.2
20030209 97.8 92.3 94.6 95.4 26 15.2 66.2 23.6 7 9.5 68.4 3.8 66.8 15.5 21.3 22.4 93.7 NA 97.6 100 98.8 65 4.5
20030210 98.5 94.7 95.1 95.4 22.2 16.5 68.2 24.2 8.1 8.6 64.7 4.9 68.7 14.2 21.8 22.2 92.6 NA 97.6 100 98.8 61.6 5.6
20030211 98.5 89.7 93.3 94.4 32.6 21.2 70.8 24.6 8.6 9.8 71.1 4.8 68.5 16.3 27.8 25 94.9 NA 95.8 100 98.8 68.8 5.4
20030212 97.7 82 91.4 93.8 41.8 25.6 74.9 25.1 9.5 13 72.7 5.4 67.6 18.4 34.2 28.2 97.2 NA 93.1 100 98.9 75.9 5.9
20030213 97.7 76.3 89.2 93 52.5 30.3 76.8 24.5 10 14.2 79.4 5.4 66.9 20.3 39.8 30.8 99 NA 91.8 100 98.9 82.2 5.8
20030214 97.7 81.8 90.9 93.8 60.4 42.1 78.9 24.2 12.6 21.2 82.7 7.9 73.2 37.8 52.5 40 99 NA 93.5 100 98.9 86.1 13.8
20030215 98.5 85.4 91.9 95.3 73 59.6 82.2 24.9 15.2 30.9 89 10.1 82.4 59.9 68.3 53.1 99.5 NA 95.9 100 100 89.8 23.4
20030216 98.5 90.8 93.7 96.1 80.9 71.4 83.9 24.5 17.8 37.9 91.4 12.7 88.7 77.4 80.9 62.3 98.7 NA 97.6 100 100 93.7 31.4
20030217 98.5 95.3 95.2 96.8 91.4 86.3 85.2 24.8 20.4 46.3 96 14.9 96.1 96.1 95 72.8 99 NA 98.3 100 100 97.2 38.8
20030218 98.5 94.9 94.6 96.8 84.9 66.7 81.9 27 17.8 38.3 97.2 12.3 95.6 92.1 87.4 61.7 99 NA 92 100 100 94.2 35.8
20030219 98.3 94.8 94.6 96.7 79.6 50 78.9 26.4 15.9 31.4 94.9 11.2 95.4 88.5 81.4 52.4 99.7 NA 86.2 100 98.8 90.7 35.7
20030220 98.3 93.9 93.4 96.7 72.7 32.9 75.6 28.9 13.6 24 95.5 8.6 94.9 83 74 41.9 99.7 NA 80.3 100 98.8 87 32.8
20030221 98.3 92.4 90.8 92.5 76.6 39.3 72.6 22.7 10.9 27.9 95.5 6.4 83 83.2 79 48.8 99.5 NA 82.5 100 98.8 89 25.4
20030222 99.9 92.3 90.2 87.2 80.3 47.9 71.5 16.7 8.7 32 97.5 5.2 73.7 85.4 85 59.8 99.3 NA 86.3 100 99.9 91.9 17.9
20030223 99.9 91 88.3 84.4 81.1 53 65.7 9.5 5.4 34.4 95.7 3.1 59.3 82.8 88.8 64.9 97 NA 86.9 100 99.9 92.6 9.8
20030224 99.9 90.4 86.9 78.9 84 58.8 63.9 3.3 2.8 37.8 95.7 0.3 50 84.1 93.9 72.7 96.9 NA 89.1 100 99.9 94.9 2.3
20030225 99.9 92.3 90.3 84.4 86.7 68.2 73.9 13.6 5.8 40 95.7 17 62.9 82.9 93.5 78.5 97.1 NA 92.3 100 99.9 95.2 14.8
20030226 99.8 93.2 92.4 89.2 91.6 80.1 82.9 27.4 9.5 40.5 97.3 30.6 75.6 83.1 94.2 85.3 99.7 NA 95 100 100 96.4 26.6
20030227 99.7 94.7 95.1 96 95.3 91.5 93.3 37.7 12.5 42.4 97.4 47.3 89.6 80.6 93.7 92 100 NA 97.5 100 100 96.7 39.7
20030228 99.8 94.7 95.1 96 95.3 92.2 94.1 39.2 15.1 42.2 97.4 36.2 88.2 84.1 94 92.5 100 NA 97.6 100 100 96.7 34.5
20030301 99.8 95.2 95.3 97 95.4 93.5 94.2 37.8 18.7 43.7 97.8 25 86.8 87.9 94.7 94 100 NA 97.7 100 100 96.9 28.9
20030302 99.9 95.2 95.3 96.8 95.4 94.2 94.9 39.2 20.9 42.8 97.5 13.3 84.3 91.4 95 94.4 96.7 NA 97.7 100 99.9 96.9 22.6
20030303 100 95.2 95.3 96.8 95.4 95.2 95.3 38.2 23.7 43.2 97.5 2.1 82.3 95 95.5 95.1 96.7 NA 97.8 100 99.9 96.9 16.6
20030304 99.9 95.1 95.3 96.8 95.4 95.2 95.3 36.8 21.8 44.4 97.5 2.1 80.5 95 95.5 95.1 96.2 NA 97.8 100 99.9 96.9 15.9
20030305 99.9 94.9 95.3 96.8 95.4 95.2 95.3 37.1 21.2 48 97.5 1.5 78.6 95 95.5 95.1 95.5 NA 97.8 100 99.9 96.9 13.7
20030306 99.8 94.8 95.3 96.8 95.4 95.2 95.3 35.2 18.9 49 97.5 1.5 76.9 95 95.5 95.1 95 NA 97.8 100 99.9 96.9 13
20030307 99.9 95 95.4 96.9 95.4 95.2 95.3 34.3 17.3 50.8 98 0.9 73.6 95 95.6 95.2 97.8 NA 97.8 100 99.9 97 10.9
20030308 99.8 94.8 95.4 96.9 95.4 95.2 95.3 34.6 15.9 53.4 98 0.9 72.1 95 95.6 95.2 97.2 NA 97.8 100 99.9 97 10
20030309 99.8 94.7 95.4 96.9 95.4 95.2 95.3 32.7 14.5 55.4 98 0.6 70 95 95.6 95.2 96.5 NA 97.8 100 99.9 97 8.4
20030310 99.7 94.5 95.4 96.9 95.4 95.2 95.3 32.3 12.9 57.3 98 0.3 68.4 95 95.6 95.2 96 NA 97.8 100 99.9 97 7.2
20030311 99.6 88.3 93.9 95.6 93.1 95.2 93.2 29.8 9.2 51.2 97.9 0.4 66.4 82.4 94.6 94.7 96.3 NA 93.7 100 99.9 95.7 5.6
20030312 99.6 82.6 91.5 94.4 90 95.2 91.4 27.9 5.5 45.7 97.8 0.4 66.2 72.3 93.2 94.3 96 NA 90.4 100 99 93.6 3.9
20030313 99.4 77.5 90.2 93.4 86.9 95.2 89.9 25 2 39.2 97.5 0.4 63.4 62.2 92.1 94 96.3 NA 87.1 100 99 91.8 2.3
20030314 98.8 79.6 91.2 94.1 87 95.2 87.1 23.5 2.6 35.3 97.5 0.4 69.1 72.3 92.3 92 95.2 NA 83.8 100 99 91.9 4.4
20030315 97.9 81.9 91.8 94.9 88 95.3 83.7 20.7 3.1 31.7 97.8 0.4 77.1 77.3 91.4 89.2 94.1 NA 79.5 100 100 92.8 6.7
20030316 97.3 82.9 89.3 93.3 84.6 90.7 78.2 16.9 3.4 25.2 96 0.4 82.1 85.9 89.5 86.4 92.5 NA 73.3 100 100 92.7 8.7
20030317 96.4 82.9 89.7 93.5 84.1 90.7 74.4 14.9 3.9 21.5 95.9 0.3 87.8 91.3 88.6 83.5 91.4 NA 68.9 100 100 92.3 10.8
20030318 97.4 79.7 85.7 86.1 80 80 77.9 12.8 3.3 24.2 91.2 0.2 75.4 88.3 87 82.6 88.6 NA 73.4 100 100 92.4 8.9
20030319 98.7 74.8 84.6 80.4 77.5 71.4 83.2 10.5 3.5 26.8 85.6 0.2 60.9 88.3 85.7 79.8 84.8 NA 77.9 100 100 91 7.3
20030320 99.7 71.4 81.2 73.5 73.2 62.1 85.8 8.4 2.8 29.5 81.3 0.2 48.6 84.9 83.7 77.6 82 NA 81.4 100 100 89.9 5.7
20030321 99.8 70.6 81.2 74.9 71.6 60 81.8 7.7 2.2 28.4 84.4 0.3 48 86.4 83.6 75.1 74.6 NA 74.7 100 100 90.2 5.1
20030322 99.9 68.8 82.3 76.8 72.8 60.4 78.9 6.7 1.6 27.4 85.3 0.3 42.7 86.2 84.5 73.8 71.7 NA 68.3 100 100 90.4 3
20030323 99.8 65.5 78.5 77.8 69.3 56.9 72.8 5.2 0.6 25.3 88.8 0.3 38.9 86.4 83.5 69.8 65.2 NA 62.1 100 100 89.1 1.6
20030324 99.8 62.9 79.3 79.1 69.8 56 69 4.2 0 23.4 89.9 0.3 36 85.5 83 68 57.6 NA 54.4 100 100 88.9 0.3
20030325 99.8 62.5 79.3 81.4 64.9 66.6 66.9 4.5 0.1 21.4 92.3 0.2 36 68.8 82.2 72.1 60.5 NA 57 100 100 87.4 0.3
20030326 99.4 59.5 81 84.1 61.2 74.1 64.9 5.4 0.1 19.6 92.5 0.2 37.3 51.5 82 72.8 66.1 NA 58 100 98.8 86.6 0.4
20030327 99.3 58.4 80.1 84.7 54.9 81.8 61.4 5.8 0.2 17.4 94.1 0.1 38.6 33.9 80.5 74.4 69.9 NA 58.9 100 98.8 84.7 0.6
20030328 97.1 46.2 66.8 77.3 46.9 69.3 51.2 4.3 0.2 16.9 85.9 0.1 38 31.6 72.3 68.8 55.6 NA 45.8 99.9 98.4 83.2 0.5
20030329 93.1 31.2 55.2 66.8 35.7 57.9 38.1 3.3 0.1 16.9 77.2 0 35.5 21.2 63.1 62 35.7 NA 31 99.8 99.4 81.7 0.3
20030330 91 20.1 44.1 60.5 25.5 47.4 29.4 1.7 0.1 16.4 69.4 0 35.4 18.6 55.2 57 22.9 NA 20.5 99.7 99.2 78 0.2
20030331 87.4 7.6 31.8 49.9 16 35.7 16.5 0.1 0 15.1 60.3 0 32.7 11.7 45.7 49.3 5 NA 5.8 99.6 98.9 76.3 0
20030401 90.6 6.8 35.2 53.6 16.8 34.1 17.6 0.1 0 14.3 64.8 0 32 12.8 49.7 55.3 5 NA 5.8 99.7 99.4 78.4 0.1
20030402 93.9 4.8 34.8 59.2 17.9 32.9 14.6 0 0 11.6 70.3 0 27.9 13.9 53 60.9 5 NA 0.9 99.7 98.4 81.3 0.2
20030403 95.9 3.9 36.5 62.1 18.1 31.7 15.9 0 0 10.1 74.7 0 25.9 14.4 55.2 64.6 5 NA 0.7 99.8 98.7 82.4 0.4
20030404 94.6 3.9 28.3 51 18.7 27.4 14.4 0 0 10.7 69.6 0 21.2 13.5 49.4 66.7 5 NA 0.7 99.8 98.2 85 0.4
20030405 92.7 3.9 21.4 41.7 19.6 22.9 11.6 0 0 11.7 64.3 0 18.9 12.4 44.7 68 5 NA 0.4 99.9 98.9 86.5 0.2
20030406 90 0 10.1 28.6 18.1 17 8.6 0 0 11.4 56.6 0 12.5 6.2 35.2 69.4 0 NA 0.2 100 97.8 88 0.1
20030407 87.9 0 3.3 19.3 18 11.2 6 0 0 12.1 50.3 0 7.9 5.2 30.6 69.8 0 NA 0 100 97.7 89.6 0
20030408 83.5 0 3.8 17 18.4 9.7 5 0 0 10.4 45.9 0 8.2 13.9 30.9 64 0 NA 2.4 99.9 96.8 87.8 0
20030409 77.7 0 4.6 17.3 22.6 12 8.5 0 0 9 42.9 0 8.6 21.1 32.6 55.1 0 NA 11.1 99.8 94.8 84.7 0
20030410 71.6 0 5.3 15.5 25.1 11.1 8 0 0 7.2 38.7 0 8.9 33.3 33.7 48.7 0 NA 13.6 99.7 93.8 82.9 0.1
20030411 69.5 0 4.7 16 22.4 9.2 7.5 0 0 6.1 37.2 0 8.3 29.7 29.4 42.6 0 NA 11.1 99.1 93.4 80.1 0.1
20030412 68.6 0 4.2 11.3 16.2 8.9 7 0 0 5.8 34.3 0 7.9 18.9 24.5 35.4 0 NA 8.7 98.3 91.3 76 0
20030413 63.4 0 3.1 9.5 9.9 3 1.7 0 0 3.6 29.3 0 7.1 15.2 17.9 27.9 0 NA 2.5 97.8 90.2 72.2 0
20030414 61.9 0 2.6 6.9 4.9 1.1 1.1 0 0 2.5 26 0 6.3 6.6 12.4 21 0 NA 0.1 97.1 88 68.5 0
20030415 56.4 0 2.2 6.1 4.1 1.1 1 0 0 2.3 22.4 0 5.7 6.5 11.9 18.7 0 NA 0.1 95.7 83.4 65.1 0
20030416 43.7 0 2 5.2 3.8 0.9 0.8 0 0 1.8 19.1 0 4.5 6.4 11.2 15.9 0 NA 0.1 92.8 78 61.3 0
20030417 38.1 0 1.6 4.3 2.9 0.8 0.6 0 0 1.6 15.5 0 3.9 6.2 10.6 13.8 0 NA 0.1 91.4 73.4 56.3 0
20030418 30 0 1 2.6 2 0.6 0.5 0 0 1 10.6 0 2.4 1.2 8 10.8 0 NA 0.1 89.8 64.9 53.2 0
20030419 24.6 0 0.6 1.7 1.1 0.5 0.4 0 0 0.7 7 0 1.8 1.1 7.4 8.5 0 NA 0 87.1 60.1 49.2 0
20030420 12.2 0 0.3 0.9 0.5 0.4 0.1 0 0 0.4 2.8 0 0.6 0.9 6.6 5.2 0 NA 0 85.5 53.9 46 0
20030421 6.2 0 0 0 0 0.3 0 0 0 0 0.1 0 0 0.8 6.1 3.6 0 NA 0 83.5 50.2 41.3 0
20030422 3.9 0 0 0 0.1 0.2 0 0 0 0 0.1 0 0 1 6.5 3.3 0 NA 0 80.8 43.3 40.4 0
20030423 2.3 0 0 0 0.3 0.1 0 0 0 0 0 0 0 1.1 6.8 3 0 NA 0 73.8 35.3 39.5 0
20030424 0 0 0 0 0.4 0.1 0 0 0 0 0 0 0 1.3 7.2 2.8 0 NA 0 71.9 29.6 37.5 0
20030425 0 0 0 0 0.3 0 0 0 0 0 0 0 0 1.3 6.4 2.8 0 NA 0 62.9 21.6 35 0
20030426 0 0 0 0 0.3 0 0 0 0 0 0 0 0 1.4 5.9 2.4 0 NA 0 59.4 19.2 30.1 0
20030427 0 0 0 0 0.2 0 0 0 0 0 0 0 0 1.3 5.1 2.1 0 NA 0 51.8 10.6 27.4 0
20030428 0 0 0 0 0.1 0 0 0 0 0 0 0 0 1.4 4.3 1.9 0 NA 0 44 3.3 23.7 0
20030429 0 0 0 0 0 0 0 0 0 0 0 0 0 1.2 4.7 2 0 NA 0 37.4 2.3 20.3 0
20030430 0 0 0 0 0 0 0 0 0 0 0 0 0 1.2 5.1 1.9 0 NA 0 29.8 1.5 17.3 0
20030501 0 0 0 0 0 0 0 0 0 0 0 0 0 1 5.5 2 0 NA 0 22.2 0.6 13.6 0
20030502 0 0 0 0 0 0 0 0 0 0 0 0 0 0.8 4.9 1.6 0 NA 0 19.1 0.6 11.5 0
20030503 0 0 0 0 0 0.1 0 0 0 0 0 0 0 0.6 4.4 1.4 0 NA 0 12.8 0.6 9.2 0
20030504 0 0 0 0 0 0 0 0 0 0 0 0 0 0.4 3.8 1.1 0 NA 0 9.7 0.2 7.1 0
20030505 0 0 0 0 0 0 0 0 0 0 0 0 0 0.1 3.3 0.8 0 NA 0 5 0.2 5 0
20030506 0 0 0 0 0 0 0 0 0 0 0 0 0 0.2 3.1 0.7 0 NA 0 5 0.2 5 0
20030507 0 0 0 0 0 0 0 0 0 0 0 0 0 0.4 2.8 0.4 0 NA 0 0 0 0 0
20030508 0 0 0 0 0 0 0 0 0 0 0 0 0 0.5 2.6 0.3 0 NA 0 0 0 0 0
20030509 0 0 0 0 0 0 0 0 0 0 0 0 0 0.4 2.2 0.2 0 NA 0 0 0 0 0
20030510 0 0 0 0 0 0 0 0 0 0 0 0 0 0.4 1.8 0.2 0 NA 0 0 0 0 0
20030511 0 0 0 0 0 0 0 0 0 0 0 0 0 0.4 1.3 0.1 0 NA 0 0 0 0 0
20030512 0 0 0 0 0 0 0 0 0 0 0 0 0 0.2 0.9 0.1 0 NA 0 0 0 0 0
20030513 0 0 0 0 0 0 0 0 0 0 0 0 0 0.3 1 0.1 0 NA 0 0 0 0 0
20030514 0 0 0 0 0 0 0 0 0 0 0 0 0 0.2 1.1 0.2 0 NA 0 0 0 0 0
20030515 0 0 0 0 0 0 0 0 0 0 0 0 0 0.3 1.2 0.2 0 NA 0 0 0 0 0
20030516 0 0 0 0 0 0 0 0 0 0 0 0 0 0.2 1.1 0.1 0 NA 0 0 0 0 0
20030517 0 0 0 0 0 0 0 0 0 0 0 0 0 0.1 0.9 0.1 0 NA 0 0 0 0 0
20030518 0 0 0 0 0 0 0 0 0 0 0 0 0 0.1 0.7 0.1 0 NA 0 0 0 0 0
20030519 0 0 0 0 0 0 0 0 0 0 0 0 0 0 0.6 0 0 NA 0 0 0 0 0
20030520 0 0 0 0 0 0 0 0 0 0 0 0 0 0 0.7 0 0 NA 0 0 0 0 0
20030521 0 0 0 0 0 0 0 0 0 0 0 0 0 0 0.7 0 0 NA 0 0 0 0 0
20030522 0 0 0 0 0 0 0 0 0 0 0 0 0 0 0.7 0 0 NA 0 0 0 0 0
20030523 0 0 0 0 0 0 0 0 0 0 0 0 0 0 0.7 0 0 NA 0 0 0 0 0
20030524 0 0 0 0 0 0 0 0 0 0 0 0 0 0 0.7 0 0 NA 0 0 0 0 0
20030525 0 0 0 0 0 0 0 0 0 0 0 0 0 0 0.7 0 0 NA 0 0 0 0 0
20030526 0 0 0 0 0 0 0 0 0 0 0 0 0 0 0.6 0 0 NA 0 0 0 0 0
20030527 0 0 0 0 0 0 0 0 0 0 0 0 0 0 0.6 0 0 NA 0 0 0 0 0
20030528 0 0 0 0 0 0 0 0 0 0 0 0 0 0 0.4 0 0 NA 0 0 0 0 0
20030529 0 0 0 0 0 0 0 0 0 0 0 0 0 0 0.3 0 0 NA 0 0 0 0 0
