20041202 0 0 0 0 0 0 0 0 0 0 0 0 0 0 0.7 0 0 NA 0 0 0 0 0
20041203 0 0 0 0 0 0 0 0 0 0 0 0 0 0 0.8 0 0 NA 0 0 0 0 0
20041204 0 0 0 0 0 0 0 0 0 0 0 0 0 0 0.9 0 0 NA 0 0 0 0 0
20041205 0 0 0 0 0 0 0 0 0 0 0 0 0 0 1 0 0 NA 0 0 0 0 0
20041206 0 0 0 0 0 0 0 0 0 0 0 0 0 0 1 0 0 NA 0 0 0 0 0
20041207 0 0 0 0 0 0 0 0 0 0 0 0 0 0 1 0 0 NA 0 0 0 0 0
20041208 0 0 0 0 0 0 0 0 0 0 0 0 0 0 1.2 0 0 NA 0 0 0 0 0
20041209 0 0 0 0 0 0 0 0 0 0 0 0 0 0 1.2 0 0 NA 0 0 0 0 0
20041210 0 0 0 0 0 0 0 0 0 0 0 0 0 0 1.2 0 0 NA 0 1 0 0 0
20041211 0 0 0 0 0 0 0 0 0 0 0 0 0 0 1.3 0 0 NA 0.3 3.9 0.2 0.5 0
20041212 0 0 0 0 0 0 0 0 0 0 0 0 0 0 1.3 0 0 NA 0.3 4.7 0.2 0.5 0
20041213 0 0 0 0 0 0 0 0 0 0 0 0 0 0 1.3 0 0 NA 0.3 5.7 0.2 0.5 0
20041214 1.6 0.1 0 0 0 0 0 0 0 0 0 0 0.3 0.1 1.6 0 0.4 NA 4.9 8.4 0.2 0.7 0
20041215 5.4 0.3 0 0 0 0 0 0 0 0 0 0 1 0.3 2 0 0.8 NA 11.6 13.5 0.4 0.7 0
20041216 7 0.4 0 0 0 0 0 0 0 0 0 0 1.3 0.3 2.4 0 1.3 NA 16.2 15.7 0.4 0.9 0
20041217 10.8 2.3 0 0.4 0.1 0.1 0.8 0 0 0.3 1.5 0 1.6 0.5 2.3 0 12.6 NA 22.3 25 2.3 2.4 0
20041218 17.9 6.2 0 1.3 0.4 1 3.2 0 0 1.3 5.6 0 3.7 0.6 2.7 0.1 32.7 NA 30.1 35 4.6 5.9 0.1
20041219 20.8 8.5 0 1.8 0.6 1.2 3.9 0 0 1.6 6.4 0 4 0.9 2.7 0.1 43.9 NA 35.5 41.7 6 7.5 0.1
20041220 23.7 9.8 0 2.3 0.6 1.3 4.6 0 0 1.9 7.9 0 4.3 0.8 2.6 0.1 55.2 NA 41 50.8 8 9 0.1
20041221 28 22.7 0 2.3 0.8 1.5 4.8 0 0 1.6 7.7 0 4.7 1 2.9 0.1 64.6 NA 48.8 62.4 7.5 9.9 0.1
20041222 29.7 38.2 0.1 2.3 0.8 1.6 4.2 0.6 0.4 1 5.4 0 4.6 1.1 3 0.1 79.8 NA 55.5 72.1 7.7 11.1 0.2
20041223 33.2 52.2 0.1 2.2 0.9 1.8 4.2 0.6 0.4 0.7 5.2 0 5 1.2 3.3 0.1 90.1 NA 61.3 82.2 6.7 12.1 0.2
20041224 43.7 61.7 0.5 2.5 1.1 1.6 5.6 2.2 0.6 0.9 8.2 0 5.4 1.6 4.1 0.1 91.8 NA 60.6 83.5 6.7 14.7 0.3
20041225 55.3 73.5 1.5 2.6 1.4 1.5 7.7 4.2 1 1.7 11.5 0 6.1 2.2 5.5 0.1 95 NA 62.2 87.9 6.8 17.6 0.4
20041226 64.6 81.9 1.9 2.7 1.5 1.3 8.8 5.5 0.9 1.9 14.2 0 6.5 2.5 6.1 0.1 96.8 NA 61.1 89.3 6.9 20.1 0.5
20041227 75.6 91.2 2.3 2.8 1.7 1.2 10.2 7.1 1.2 2.1 16.6 0 6.7 2.8 6.8 0.1 96.8 NA 60.9 90.4 6.6 22.1 0.6
20041228 69.3 86.2 3.9 2.7 3 1.6 9.5 5 0.9 1.8 17.6 0 6.5 2.2 6.4 0.1 96.3 NA 64.3 91.8 7.6 22.2 0.5
20041229 61.2 76.6 5.7 2.7 4.9 2.2 7.8 2.6 0.5 1 18.8 0 5.1 1.4 5.3 0.1 93.1 NA 66.9 93.4 8.5 22.3 0.3
20041230 50.5 69.1 7 2.6 6 2.5 6.3 0.6 0.1 0.5 18.4 0 4.8 0.6 4.8 0.1 92.5 NA 69 95 9.8 21.8 0.1
20041231 44.5 62.9 5.1 2.4 4.9 2.2 4.7 0.6 0.1 0.5 17.6 0 4.6 1 4.5 0.1 85.6 NA 64.6 92.3 9.7 20.2 0.1
20050101 40.4 59.6 4.3 2.2 4 1.9 4 0.7 0.5 0.9 17.7 0 5.6 1.7 4.6 0.6 78 NA 59.9 87.5 11.2 19.2 0.3
20050102 32.1 53.4 2.1 1.9 2.5 1.2 2 0.6 0.5 0.8 16.9 0 5.5 1.8 4.3 0.6 71 NA 54.8 84 11.1 16.7 0.3
20050103 27.6 47.5 0.5 1.7 1.6 0.7 0.7 0.6 0.5 0.8 15.3 0 5.3 2.2 4.1 0.6 61.3 NA 48.8 79.3 10.9 15 0.3
20050104 44.8 46.5 0.5 1.6 2.5 0.9 1.4 0.6 0.5 1.3 21.7 0 5.5 2.9 5.2 0.6 54 NA 48.9 82.5 15.6 21.9 0.2
20050105 65.7 46.7 0.1 1.3 3.3 1 2.5 0.9 0.7 1.5 26.9 0 5.1 3.4 6.4 0.4 46 NA 50.5 89.2 20.1 29.3 0.2
20050106 80.1 45.5 0.1 1.2 3.9 1.1 3.1 0.9 0.8 1.8 32.9 0 5.3 4.2 7.6 0.4 39.5 NA 50.1 92.4 23.3 36 0.1
20050107 81.4 49.6 0.6 1.5 4 1 4.1 0.9 0.7 2.1 30.8 0 5.4 3.9 8 0.4 43.7 NA 59.8 92.3 21.5 31.9 0.1
20050108 90 52 1.1 1.9 4.4 1.1 5.3 1 0.7 2.7 31.7 0 5.5 3.8 8.7 0.5 50.4 NA 70 95.6 18.6 29 0.1
20050109 91.4 55.6 1.6 2.1 4.3 1 6.5 1 0.7 2.9 29.7 0 5.5 3.5 8.6 0.4 51.6 NA 78.5 95.4 16.2 24 0.1
20050110 95.7 57.1 2 2.4 4.7 0.9 7 1 0.6 3.3 28.5 0 5.6 3.1 8.9 0.4 57.3 NA 88.7 97.1 15.1 20.6 0.1
20050111 95.1 50.2 1.4 2 4.8 0.9 5.1 1 0.6 3.6 33.3 0 5.5 6.6 11.3 0.5 49.6 NA 76.7 97.5 17.8 23 0.1
20050112 94.9 42 0.7 1.6 4.5 0.5 2 0 0 3.6 36.7 0 4.8 11 13.6 0.8 39.8 NA 62.5 98 20.8 25.4 0.1
20050113 93.8 36.3 0.1 1.3 4.8 0.6 0.2 0 0 3.8 40.3 0 4.6 13.9 15.8 0.9 34.1 NA 49.2 98.4 22.6 27.3 0.1
20050114 94.8 44.8 0.5 1.5 8.4 1.8 3.2 2 0.2 3.5 46.6 0 5.5 13.5 14.8 1.5 44.9 NA 57.7 98.4 30.2 30.2 0.2
20050115 94.6 53.9 1.3 2.5 13.9 4.3 8.7 5.9 1.5 5 51.9 1.9 7 14.4 14.3 2.7 54.1 NA 68.6 99.7 41.4 34.6 0.8
20050116 94.6 61.7 1.6 2.7 17.8 5.7 12.1 7.9 1.8 4.7 57.3 1.9 9 14.3 13.4 3.3 67.3 NA 77.1 99.7 51.3 37.4 1.1
20050117 95 69.4 2 2.8 21.7 6.8 14.9 9.5 1.8 4.3 63.2 1.9 9 13.6 12.3 3.8 75.2 NA 85.5 99.7 61.2 40 1.1
20050118 95.3 76.5 7 4.1 20.9 7.3 18.9 12 2.1 4.6 58.7 1.9 15.6 14.6 13.9 4.9 80.9 NA 86.2 99.7 69.7 41.5 1.5
20050119 97.3 84.4 13.8 8 20.6 8 24.6 13.9 2.5 4.1 53.9 1.6 23.4 16.5 16.1 6.5 86.5 NA 90.8 99.7 78.1 43.4 2.3
20050120 97.5 93.2 19.3 9.8 19.9 8.7 28.9 15.9 3 4.5 47.1 1.6 30.1 18.2 18 7.8 95 NA 91.1 99.6 84.4 45.1 2.8
20050121 97.5 93.7 35.5 20.6 22 9.9 30.5 16.5 5.3 8.7 53.6 4.5 38.4 17.5 18.5 7.7 95 NA 92.5 99.7 86.9 50.9 5.4
20050122 97.8 96.5 54.2 31.5 23.7 11 33.3 18.8 7.1 12.9 61.8 10.6 47 17.2 19.8 8.5 99.9 NA 95.4 99.7 85.7 58.2 9.9
20050123 97.8 96.9 69.3 40.5 25.9 11.9 34.4 19.3 9.2 16.7 67.1 14.4 54.1 16.4 20.1 8.3 99.9 NA 96.5 99.7 86 62.9 12.8
20050124 97.8 96.9 86.4 51.1 26.7 12.5 35.8 20.8 11.1 20.7 73.9 18.2 62 14.9 20.3 8.2 99.9 NA 97.6 99.8 85.4 68.7 15.4
20050125 96.8 96.9 88.7 59 29.1 14.4 35.9 21.1 9.7 17.8 73.7 16.9 64.6 16.5 19.7 8.2 99.9 NA 97.7 99.8 89.7 71.5 16.8
20050126 95.6 96.8 90.2 65.7 32.7 18 35.2 23.3 9.1 15.8 73.4 15.8 68.2 18.2 18.9 7.7 99.8 NA 97.6 100 90.9 74.8 18.8
20050127 94.3 96.8 91.9 70.7 32.9 18.6 34.4 22.2 7.1 11.7 72.2 14.6 70.3 19.1 17.7 7.3 99.8 NA 97.7 100 94.5 76.6 19.7
20050128 94.9 96.8 91.3 71.6 31.8 20.3 38 21.3 6.6 11.2 73.3 20.1 71 18.2 18 7.7 99.8 NA 97.7 100 94.8 77.3 22.1
20050129 95.6 96.8 90.4 72.2 31.2 22.5 43.1 22.2 6.7 11 74.4 26.9 72.5 16.8 19 8.3 99.9 NA 98 100 95.9 79 26.5
20050130 96.2 96.8 89.7 73.1 29 22.1 46.1 20.5 6.1 10.2 74.7 31.5 71.9 15.2 18.8 8.1 99.9 NA 97.9 100 96.2 77.6 27.3
20050131 97.1 96.8 88.8 74.4 28 24 50 19.8 4.9 9 75.6 35.6 72 13.3 19.3 8.3 99.9 NA 97.9 100 95.6 79.4 29.3
20050201 97.2 96.5 89.6 79.3 29.2 20.4 51.6 17.6 4.7 8.6 72.1 40 72.6 14.1 18.8 8.1 99.9 NA 96 100 95.5 79.7 29.4
20050202 97.2 95.9 90.9 82.8 31.9 16.3 55.6 14.9 3.2 7.4 68.7 42.8 71.4 11 17.4 7.9 96 NA 95.7 100 94.9 78.1 27.9
20050203 97.2 95.4 91.6 85.7 32.6 11.3 54.6 13.1 3.2 7 65.8 45.6 71.4 11.9 16.2 7.4 96 NA 91.8 100 93.8 77.2 27.5
20050204 96.6 95.4 91.6 84.8 28.4 9.9 47.7 12.3 2.7 5.7 63.8 39.3 68.9 9.5 14.1 6.3 95.8 NA 89.5 100 93.8 72.5 23.4
20050205 96.2 96 92.9 88.4 25.5 8.9 40.2 13 2.6 4.8 62.4 33.3 69.3 7.2 12.3 5.3 99.6 NA 84.7 100 95 68.7 20.3
20050206 95.2 95.9 92.9 86.6 19.4 5.7 32.5 11.9 1.3 1.7 59.2 22.5 65.3 3.2 9 2.8 99.5 NA 81.3 100 91.6 62 11.5
20050207 94.7 96.1 93.4 87.9 14.8 4.6 25 10.8 0.6 0.4 57.6 16 63.7 0.7 6.9 1.7 99.3 NA 77.5 100 91.3 57.9 7.4
20050208 93.3 95.8 91.1 81.5 14 5.7 22.3 8.2 0.3 2.3 57.5 13.1 58.5 0.4 6.3 1.8 98.6 NA 77.1 100 77.8 61.3 5.9
20050209 92.8 95.8 89.1 77.7 11.2 4.9 17.1 6.4 0.3 4.3 59.1 7.8 53.7 0.3 6 2.1 97.8 NA 77.7 100 68.4 65.3 3.9
20050210 91.8 95.5 86.4 70.2 10.2 6 14.6 3.9 0 6.4 59.6 4.9 48.4 0 5.4 2.2 97.1 NA 77.5 100 54.9 69.9 2.4
20050211 92.9 92.9 81.3 57.2 13.4 5.6 15.9 3.4 0 5.9 58.8 4 45.5 0 5.5 2.4 97.8 NA 74.6 100 60.4 70.1 2.3
20050212 93.5 90.6 77.3 46.5 19.2 6.1 18.4 3.9 0.1 6.5 62.2 6.1 43.6 4.3 7.6 4.2 98.5 NA 72.5 100 66.4 70.9 3.6
20050213 94.6 88.1 72.7 33.5 22.6 4.9 18.9 3.4 0.1 6 60.6 5.2 38.2 4.3 7.5 4.5 98.9 NA 69.7 100 71.8 71 3.4
20050214 95.1 85.1 68 19.8 24.6 4.3 19.2 2.7 0.1 5.6 60.7 4 34.8 4.3 7.5 4.8 99.6 NA 67.7 100 76.8 71.1 3.1
20050215 94 83.7 72.7 19.7 21.8 3.9 18 2.7 0.1 5.9 62.2 4.1 33.9 4.3 7.7 4.6 96.9 NA 69.6 99.9 73.5 65.1 3.3
20050216 91.3 81.3 75.7 16.5 19.2 2.4 15.2 2 0.8 6 61.9 3.7 35.4 3.5 6.8 3.4 93.8 NA 72.1 99.8 66.5 58.9 2.8
20050217 89.9 79.1 78 15.9 15.8 1.9 13.5 1.9 0.8 6.4 63.4 3.9 34.7 3.5 6.8 3 90.1 NA 75.3 99.7 62.9 51.9 3
20050218 90.5 83.8 82.6 20.2 16.9 1.7 21.1 1.9 0.8 6 61.3 3.6 37.5 11.5 10.8 6.4 92.7 NA 81.6 99.8 68 54.6 2.5
20050219 94 87.5 86.2 24.2 19.1 1.9 28.6 2 0.8 5.8 61.8 3.9 38.4 19.4 15.1 10.7 94.8 NA 87.5 99.9 81.3 58.5 2.9
20050220 94.5 90.3 89.7 27.4 20 1.5 35.7 1.1 0 5 59.1 3.4 40.3 26.1 18.8 14.1 97.3 NA 92.3 99.9 86.4 60.8 2.4
20050221 96.6 94.9 93.6 31.4 20.9 1.4 41.6 1 0 4.8 58.3 3.2 40 33.8 22.1 17.2 99.4 NA 96.6 100 94.9 63.9 2.1
20050222 97.2 93.8 91.2 38 23.5 4.7 41 1 0 6.6 59.5 3.2 48.3 40.4 25.7 19.1 99 NA 96.2 100 94.9 71.2 2.9
20050223 97.6 91.1 88.5 43.6 26.6 10.4 39.6 1.4 0.6 9.4 64.3 1.9 54 46.2 30.1 20.8 96.8 NA 96.3 99.9 95.6 77.5 3.1
20050224 98 90 85.9 47.7 29.2 14.4 37 1.3 0.6 11.2 63 1.9 60.6 52 33.3 22.3 96.5 NA 95.8 99.8 95.7 83 3.8
20050225 97.7 88.6 86.7 54.3 27.3 14.7 37.8 1.3 0.6 10.2 64.3 1.9 61.8 52.1 30.9 22.7 96.5 NA 94.3 99.9 90.8 80.7 3.8
20050226 97.8 87 87.3 59.8 25.5 17.4 39.6 1.4 0.9 9.5 64.3 2.2 64.2 52.7 29.1 24.3 97.9 NA 92.2 99.9 86.9 79.2 4.3
20050227 97.3 85 87.9 65.3 22.9 16.9 39.5 1.3 0.7 8.3 65 2.2 63.5 51.1 26.6 24.1 97.8 NA 90 100 81.4 75.7 4.1
20050228 97 83.4 88 70.9 21 17.8 40.8 1.3 0.7 6.9 64.8 2.2 64.7 51.3 24.6 25 97.9 NA 87.8 100 77.1 73.3 4
20050301 96.6 83.7 88.8 74 22.6 18.6 39.1 1.7 0.9 9.7 70.8 4.3 60.4 60.3 26.8 23.7 95.6 NA 90.5 100 83.4 75.1 5.6
20050302 96.1 81.1 89.1 74.9 25.1 18.6 37.9 2.6 1.5 13.5 78.1 6.3 55.3 68.8 28 22.8 94.1 NA 92.8 100 90.3 77 6.6
20050303 95.8 79.6 89.7 76.5 26.9 19.3 34.9 3.3 1.9 16.1 83.3 7.8 50.7 78.9 29.9 20.6 89.6 NA 94.1 100 94.8 78.4 7.7
20050304 96.5 78.5 90.6 76.3 33.4 16.6 43.6 2.6 1.5 16.9 84.3 6.3 47 65.2 27.4 17.8 90.6 NA 94.1 100 93.2 74.5 6.1
20050305 97.9 78.7 92.5 77.7 39.4 12 55 2.8 1.6 17.7 83.3 5.1 43.1 50.9 24.1 16.6 90.8 NA 96.7 100 92.6 72.7 4.8
20050306 98.6 77.8 93.4 77.2 44.9 8.4 62.5 2 1.2 16.6 80.6 2.7 39 35.6 19.3 13.5 91.6 NA 96.7 100 90.9 69.4 2.4
20050307 98.9 76.5 94.8 77.2 50.3 4.6 72.3 1.6 1.1 17.1 79.4 2 35.9 18.8 16 11 91.9 NA 97.8 100 89.4 65.5 1.2
20050308 96.2 67.4 91.7 78.8 48.2 7.7 65.2 1.6 1.1 15.3 75.2 2.1 47.1 37.2 22.5 15.5 93.2 NA 94.3 100 91.7 76.8 1.7
20050309 93.5 56.3 86.8 80.1 45.6 12.2 59.5 1.7 1.1 14.1 74.9 1.9 61.4 56.7 31.6 21.5 89 NA 91.8 100 93.5 85.9 2.8
20050310 90.8 42.9 82.4 82.9 42.3 14.4 50.3 1.7 1.1 11.6 69.9 2.1 71.8 77.5 38.6 25.4 88.7 NA 88.1 100 95.8 93.8 3.5
20050311 92.8 35.2 81.2 86.3 41.8 13 51.5 1.7 1.1 14.1 70.8 1.9 66.9 73.3 42 27.6 89.8 NA 82.8 100 95.8 91.2 3.2
20050312 94.4 30.8 80.5 89.4 39.9 11.6 53.6 1.8 1.2 16.1 72.8 2.1 63.9 70.5 46.5 30.6 93.8 NA 78.4 100 96.2 88.5 3.2
20050313 96.4 23.1 79.2 91.8 38.2 9.2 54 1.4 0.8 17.7 72.5 1.5 57.9 66.2 49.3 32.1 93.6 NA 72.9 100 96.1 86.6 2.1
20050314 98.4 16.6 77.5 94.7 35.2 6.8 54.9 1.4 0.8 19.4 72.8 1.5 53.6 61.2 52.6 34 94.6 NA 67.8 100 96.1 83.4 1.9
20050315 98.3 18.2 78.8 91.4 37 7 53.2 1.4 0.8 15.6 71.3 1.5 48.2 67.9 56.3 37.8 90.1 NA 67.4 99.9 96.1 84.4 1.5
20050316 98.2 20.1 79.3 88.4 39.6 6.6 53.5 0 0 11.1 70.4 1.8 42.2 72.3 59.6 41.7 83.1 NA 66.7 99.7 99.1 85.9 1
20050317 98.1 21.2 80.1 85.6 41.1 6.7 51.8 0 0 7.6 68.4 1.8 37.9 76.3 61.4 43.9 77.8 NA 65.6 99.6 99.1 87.3 0.8
20050318 98 16.6 77 86.7 32.9 6.1 45.6 0 0 7.3 58.5 1.8 39 69.6 50.6 35.7 72.7 NA 65.8 99.6 98.9 86.3 0.8
20050319 98 12.2 75.3 87.3 27.1 7.9 40 0 0 7.9 51.7 1.8 42.5 68 42 29.5 70.5 NA 66 99.6 98.8 85.7 0.9
20050320 97.9 7.6 72.8 88.3 17.8 7.6 33.7 0 0 7.5 42.5 0 43.4 62.8 31.6 21.1 64.4 NA 66.1 99.6 95.1 85.1 0.4
20050321 97.8 5.3 70.4 89.2 10.4 6.9 28.1 0 0 7.4 33.7 0 45 57.9 21.6 13.8 61.6 NA 66.7 99.6 95 83.8 0.4
20050322 97.3 5.2 65.9 87.3 10.8 6.7 28.2 0 0 6.1 31.9 0 42.8 56.9 22.5 14.2 62.5 NA 63.9 99.6 95 83.6 0.4
20050323 96.8 2.6 61.3 85 12 5.8 29 0 0 5.6 29.3 0 38.3 57.1 24.4 14.7 61.8 NA 60.5 99.7 95 82.5 0.1
20050324 96.3 2.5 56.3 82.3 13.2 5.3 28.6 0 0 4.7 27.4 0 34.6 53 24.9 15.4 62.7 NA 57.1 99.7 94.9 81.2 0.1
20050325 95.4 2.5 52.7 73.3 12.3 5 26.2 0 0 4 27.5 0 34.2 47 22.1 14.8 56.7 NA 57.4 99.7 91 82.1 0.1
20050326 94.5 3.1 49.3 64.9 13.7 5.4 24.6 0 0 4 27.7 0 33.6 41.8 19.7 14.9 50.6 NA 57.8 99.7 91 83.3 0.3
20050327 92.6 1.7 44.3 58.3 12.4 4.1 20.7 0 0 2.5 28 0 33.1 35.2 15.5 13.4 43.4 NA 56.1 99.6 87.5 83.8 0.3
20050328 91.4 1.7 40.2 49.4 12.1 3.8 18.1 0 0 2.1 27.6 0 31.6 30.5 12.8 12.8 35.8 NA 56.3 99.6 84.5 85.1 0.3
20050329 90.2 1.7 39.3 45.4 11.4 4.1 17.3 0 0 2.1 30 0 27.4 22.8 13.8 14.1 33.3 NA 55.2 99.6 84.9 85.6 0.3
20050330 90 0.2 36 42.7 9.9 5.1 15 0 0 0.4 33.4 0 21.4 13.1 14.6 15.8 29 NA 52.6 99.6 84.3 86.8 0.1
20050331 88.9 0.2 35.1 38.1 8.8 5.4 13.8 0 0 0.3 36.9 0 17.4 6.8 15.5 16.6 25.1 NA 51.3 99.6 84.7 86.8 0.1
20050401 87 0.2 26.5 29.5 7.7 4.2 11 0 0 0.5 31 0 14.7 6.3 14 13.9 19 NA 45.2 99.4 75 72.1 0
20050402 85.3 0.2 19.7 21.3 7.4 3.9 8.1 0 0 1.3 29.1 0 12.9 6.2 13.4 11 15.8 NA 38.6 99.2 66.3 59.7 0.3
20050403 83.4 0 9.6 10.4 5.7 2.1 3.8 0 0 1.4 21.9 0 9.7 4.3 11.3 6.2 9.7 NA 30.8 99 55.5 46.4 0.3
20050404 80.9 0 1.9 2.6 4.9 1.3 1.4 0 0 1.6 17.7 0 6.1 4 9.6 3 4.9 NA 24.5 98.8 46.1 32.3 0.3
20050405 80.5 0 2.3 3 4.4 1.3 1.6 0 0 1.4 17.9 0 5.5 3.7 8.8 2.4 4.9 NA 23.8 96.9 49.3 32 0.3
20050406 76.9 0 2.7 2.8 3.3 0.1 1.1 0 0 0.7 18 0 2.3 2.3 7.2 1.6 0 NA 19.5 95 53.9 31.8 0
20050407 75.6 0 2.9 3 2.8 0.1 1.2 0 0 0.4 17.3 0 1.7 1.8 6.2 1.2 0 NA 17.3 93 57.6 31.3 0
20050408 65.6 0 2.6 2.8 2.5 0.1 1 0 0 0.4 14.1 0 1.5 1.4 6 1.1 0 NA 12.7 90.7 48.2 31.4 0
20050409 56.9 0 2.4 2.5 2.1 0.1 0.8 0 0 0.4 11.3 0 1.4 1.2 5.6 1.1 0 NA 10.4 89.4 38.9 30.2 0
20050410 48.1 0 1.9 1.5 1.1 0.1 0.3 0 0 0.3 6.9 0 0.4 0.5 4.8 0.5 0 NA 4.8 86.9 29.6 30.2 0
20050411 36.6 0 1.4 1.1 0.8 0.1 0 0 0 0.2 3.8 0 0.2 0.2 4.5 0.4 0 NA 0.3 84.8 17.8 29.6 0
20050412 30.5 0 1.1 1 0.7 0.1 0 0 0 0.2 3.7 0 0.2 0.2 4.5 0.4 0 NA 0.3 78 16.4 29.2 0
20050413 21.9 0 0.3 0.1 0.3 0 0 0 0 0 1.8 0 0 0 4.2 0.1 0 NA 0 69.1 13.5 24.8 0
20050414 13.3 0 0 0 0.2 0 0 0 0 0 1.8 0 0 0 4.3 0.1 0 NA 0 61.2 11 24.2 0
20050415 11.6 0 0 0 0.2 0 0 0 0 0 1.4 0 0 0 4 0.1 0 NA 0 58.8 9.7 23.8 0
20050416 9.8 0 0 0 0.3 0.1 0 0 0 0 1.1 0 0 0 3.8 0.1 0 NA 0 57.1 8.4 24.1 0
20050417 7 0 0 0 0.3 0.1 0 0 0 0 0.4 0 0 0 3.4 0 0 NA 0 54.2 5.5 22.9 0
20050418 5.2 0 0 0 0.2 0.1 0 0 0 0 0 0 0 0 3.1 0 0 NA 0 50.5 4 22.5 0
20050419 4.3 0 0 0 0.2 0.1 0 0 0 0 0 0 0 0 2.9 0 0 NA 0 45.5 3.7 18.4 0
20050420 0.9 0 0 0 0 0 0 0 0 0 0 0 0 0 2.5 0 0 NA 0 36.2 0.3 13.9 0
20050421 0 0 0 0 0 0 0 0 0 0 0 0 0 0 2.4 0 0 NA 0 31.2 0 10.2 0
20050422 0 0 0 0 0 0 0 0 0 0 0 0 0 0 1.9 0 0 NA 0 26.2 0 8.2 0
20050423 0 0 0 0 0 0 0 0 0 0 0 0 0 0 1.5 0 0 NA 0 16.1 0 6.3 0
20050424 0 0 0 0 0 0 0 0 0 0 0 0 0 0 1 0 0 NA 0 11 0 3.6 0
20050425 0 0 0 0 0 0 0 0 0 0 0 0 0 0 0.5 0 0 NA 0 3.4 0 1.2 0
20050426 0 0 0 0 0 0 0 0 0 0 0 0 0 0 0.5 0 0 NA 0 3.4 0 1.1 0
20050427 0 0 0 0 0 0 0 0 0 0 0 0 0 0 0.3 0 0 NA 0 0 0 0.2 0
20050428 0 0 0 0 0 0 0 0 0 0 0 0 0 0 0.3 0 0 NA 0 0 0 0.2 0
20050429 0 0 0 0 0 0 0 0 0 0 0 0 0 0 0.2 0 0 NA 0 0 0 0.2 0
20050430 0 0 0 0 0 0 0 0 0 0 0 0 0 0 0.2 0 0 NA 0 0 0 0.2 0
20050501 0 0 0 0 0 0 0 0 0 0 0 0 0 0 0.1 0 0 NA 0 0 0 0 0
20050502 0 0 0 0 0 0 0 0 0 0 0 0 0 0 0.1 0 0 NA 0 0 0 0 0
20050503 0 0 0 0 0 0 0 0 0 0 0 0 0 0 0.1 0 0 NA 0 0 0 0 0
20050504 0 0 0 0 0 0 0 0 0 0 0 0 0 0 0 0 0 NA 0 0 0 0 0
20050505 0 0 0 0 0 0 0 0 0 0 0 0 0 0 0 0 0 NA 0 0 0 0 0
20050506 0 0 0 0 0 0 0 0 0 0 0 0 0 0 0 0 0 NA 0 0 0 0 0
20050507 0 0 0 0 0 0 0 0 0 0 0 0 0 0 0 0 0 NA 0 0 0 0 0
20050508 0 0 0 0 0 0 0 0 0 0 0 0 0 0 0 0 0 NA 0 0 0 0 0
20050509 0 0 0 0 0 0 0 0 0 0 0 0 0 0 0 0 0 NA 0 0 0 0 0
