20051128 0 0 0 0 0 0 0 0 0 0 0 0 0 0 0.6 0 0 NA 4.6 0 0 0 0
20051129 0 0 0 0 0 0 0 0 0 0 0 0 0 0 0.8 0 0 NA 4.1 0.3 0 0 0
20051130 0.3 0 0 0 0 0 0 0 0 0 0 0 0 0 1 0 0 NA 2.7 2.5 0 0 0
20051201 0.3 0 0 0 0 0 0 0 0 0 0 0 0 0 1.1 0 0 NA 1.9 2.8 0 0 0
20051202 1.4 0 0 0 0 0 0 0 0 0 0 0 0 0 1.2 0 0 NA 1.9 4.9 0 0 0
20051203 4.7 0 0 0 0 0 0 0 0 0 0 0 0 0.4 1.4 0.2 0 NA 2.8 11 1.9 0 0
20051204 5.7 0 0 0 0 0 0 0 0 0 0 0 0 0.4 1.4 0.2 0 NA 2.5 10.7 1.9 0 0
20051205 6.6 0 0 0 0 0 0 0 0 0 0 0 0 0.4 1.4 0.2 0 NA 2.5 14.5 1.9 0 0
20051206 13.4 1.7 0 0.6 0.1 0 0.1 0 0 0 1.3 0 0 0.4 1.7 0.2 0 NA 11.3 21.6 2.5 0.7 0
20051207 19.8 7.6 0 1.8 0.6 0 0.5 0 0 0.2 4.4 0 0.8 0.3 2.2 0.2 5 NA 21.7 30.1 3 2.8 0
20051208 24.6 9.4 0 2.4 0.7 0 0.6 0 0 0.2 5.8 0 0.8 0.3 2.5 0.2 5 NA 30.3 37.5 3.4 3.5 0
20051209 25.3 22.7 0 2 0.6 0 0.5 0 0 0.2 4.4 0 1.5 0.3 2.5 0.2 24.4 NA 28 30.9 4.1 3.8 0
20051210 27.2 35.1 0 1.6 0.5 0 0.4 0 0 0.2 3.5 0 2.1 0.3 2.4 0.2 38.9 NA 26.4 26.2 4.2 3.9 0
20051211 25.8 45.6 0 0.4 0.1 0 0.1 0 0 0 1.3 0 2.5 0 2 0.1 56 NA 22.9 17.6 3.3 3.4 0
20051212 26.3 59.7 0 0 0 0 0 0 0 0 0 0 3.3 0 1.9 0.1 72.7 NA 19.2 9.9 3.6 3.4 0
20051213 27.4 62.3 0.1 0.6 0.1 0.2 0.9 0 0 0 0 0 4.5 0 2 0.1 80.9 NA 32.9 23.3 4.1 4.2 0
20051214 32 65.6 0.4 1.6 0.6 0.6 2.9 0 0 0.2 1 0 6.2 0.4 2.7 0.2 88 NA 46.3 33.9 5.8 7.1 0.1
20051215 32.9 68.6 0.4 2.2 0.6 0.8 3.9 0 0 0.2 1 0 7.4 0.4 2.8 0.2 95 NA 58.2 45.7 6 8.1 0.1
20051216 32.9 66 0.4 2.2 0.6 0.7 3.4 0 0 0.2 1 0 7.2 0.4 2.8 0.2 89.9 NA 57.2 45.9 5.4 7.9 0.3
20051217 33.1 63.4 0.4 2.2 0.6 0.6 2.9 0 0 0.2 1 0 7.1 0.4 2.8 0.2 86.5 NA 56.3 47.1 5.4 7.8 0.5
20051218 31.1 60 0.1 1.6 0.1 0.2 1.7 0 0 0 0 0 6.7 0 2.4 0.1 79.7 NA 55.4 45.9 3.2 6.7 0.8
20051219 31.3 56.1 0 1.6 0 0.1 1.2 0 0 0 0 0 6.5 0 2.4 0.1 76.2 NA 54.4 47 2.8 6.7 1
20051220 31.6 53.4 0 1.5 0 0 0.7 0 0 0 0 0 6.3 0 2.4 0.1 69.4 NA 53.5 47.7 2.5 6.5 1.2
20051221 43.3 64.3 2.5 2.8 1.1 0.4 2.6 0 0 0.7 8.9 0 7.6 0.4 3.2 0.1 81.7 NA 55.3 53.3 2.7 9.1 0.6
20051222 52.1 73.9 4.7 3.2 1.4 0.4 3.6 0 0 1 15.5 0 7.4 0.4 3.4 0.1 92 NA 54.2 54.5 2.4 10.3 0.1
20051223 53 75.2 5.2 3.1 1.2 0.5 3.5 0 0 1 13.1 0 7.4 0.4 3.4 0.1 92.9 NA 54.3 54 2.4 10.1 0.1
20051224 55.2 76.4 5.9 3 1.3 0.9 3.9 0 0 1.1 11.5 0 7.4 0.7 3.4 0.2 93.3 NA 55.3 53.9 3.8 9.3 0.1
20051225 55.7 74.4 6.5 2.2 1 1 3.6 0 0 1 8.4 0 6.4 0.7 3.3 0.2 94.1 NA 53.8 48.5 4 8.9 0
20051226 56.9 75.1 7.1 2.1 0.8 1.3 3.7 0 0 0.9 5.8 0 6.4 0.7 3.2 0.2 94.8 NA 54.1 47.3 3.9 8.1 0
20051227 50.9 69.5 5.7 2 0.8 1.1 3.3 0 0 0.7 6.7 0 6.6 0.7 3.2 0.2 83.7 NA 52.9 48.9 4.1 7.9 0
20051228 44.6 64.2 3.4 1.6 0.5 0.8 2.2 0.2 0.1 0.5 7.3 0 7.9 0.4 3.2 0.1 67.7 NA 50.1 48.8 3.5 6.7 0.1
20051229 37.8 58.5 1.8 1.5 0.5 0.5 1.6 0.2 0.1 0.3 8.2 0 8.2 0.4 3.2 0.1 52.1 NA 49.1 49 3.8 6.1 0.1
20051230 38.4 61.5 1.8 1.5 0.5 0.8 1.5 0.2 0.1 0.3 8.5 0 8.3 0.4 3.1 0.1 59.1 NA 48.8 51.3 3.7 8.8 0.1
20051231 38.2 63.6 1.9 1.3 1.5 1.6 1.8 1.9 1.7 1.8 10.5 0 8.4 0.6 3.2 0.4 64 NA 48.5 51.3 6.1 12.1 0.2
20060101 36.3 66.2 1.8 1.1 1.5 1.8 1.6 1.9 1.7 1.8 10.9 0 8.5 0.6 3.1 0.4 70.8 NA 44.5 54 5.6 14.2 0.2
20060102 35.9 68 1.7 1 1.5 2 1.4 1.9 1.7 1.7 10.3 0 8.4 0.6 3 0.4 75.7 NA 43.7 53.7 5.4 16.4 0.2
20060103 34.1 61.9 1.5 1 1.5 1.7 1.3 1.9 1.7 1.8 9.4 0 8.2 0.6 3.1 0.4 58.5 NA 41.7 61.8 5.6 14.8 0.2
20060104 35.1 54.9 0.8 0.9 0.6 0.7 0.9 0 0 0.4 4.9 0 7.6 0.4 3.2 0.3 37 NA 40.7 63.4 5.1 10.6 0.1
20060105 33.6 48.2 0.5 0.9 0.6 0.3 0.8 0 0 0.4 2.6 0 7.3 0.4 3.3 0.3 21.7 NA 38 68.4 5.2 8.3 0.1
20060106 36.5 51 0.5 1.2 0.9 0.7 1.6 0 0 0.4 5.2 0 7.2 0.4 3.7 0.3 22.8 NA 42 75 6.4 11.7 0.1
20060107 38.9 54.7 0.8 1.6 1.2 1.3 2.5 0 0 0.5 7.5 0 6.7 0.5 4.2 0.4 26 NA 44.2 80 8.2 15.1 0.2
20060108 41.5 56.6 0.8 1.8 1.4 1.6 3.2 0 0 0.4 9.5 0 6.6 0.5 4.5 0.4 26.7 NA 47.6 85.3 8.9 18 0.1
20060109 43 59 0.9 2.1 1.6 2 4.1 0 0 0.4 11.6 0 6.2 0.5 4.8 0.4 29.1 NA 49.8 91.6 10.2 20.8 0.1
20060110 39.2 48.3 0.9 1.6 1.4 1.5 2.9 0 0 0.4 9.2 0 6.6 0.5 4.5 0.4 22.3 NA 45.6 92.7 9.3 19.4 0.1
20060111 35.9 37 0.7 0.9 1.1 0.7 1.2 0 0 0.2 6.2 0 6.7 0.4 4.1 0.3 14.2 NA 42.8 96.4 7.7 18.5 0.1
20060112 32.4 23.2 0.8 0.2 0.9 0.2 0.1 0 0 0.2 4.1 0 7.6 0.4 3.8 0.3 5 NA 38.5 97.4 6.8 17.4 0.1
20060113 30.6 20.4 0.6 0.2 0.9 0.2 0.1 0 0 0.2 4.8 0 6.8 0.4 3.6 0.3 5 NA 36.1 96.7 6.9 21.6 0.1
20060114 30.6 18.2 0.6 0.2 1.4 0.7 0.2 0 0 0.4 6.3 0 7.5 0.7 3.8 0.6 5 NA 36.1 97 8 25.3 0.2
20060115 28.9 14.9 0.3 0.2 1.6 0.6 0.2 0 0 0.4 6.2 0 6.6 0.7 3.6 0.5 5 NA 32.5 96 8.1 29.2 0.2
20060116 27.4 12.9 0.1 0.2 1.5 0.7 0.2 0 0 0.4 7.2 0 6.2 0.7 3.4 0.5 5 NA 31 95.2 8.2 31.5 0.2
20060117 33.5 12.3 0.2 0.5 2.8 0.7 0.6 0 0 0.5 9.8 0 8.5 1.4 4 0.6 5 NA 41.6 96.4 12 29.8 0.2
20060118 39.6 11.3 0.4 0.8 4.4 0.9 1.8 0 0.2 0.9 14.3 0 11.1 2.2 4.7 0.7 5 NA 48.6 97.1 18.4 27.8 0.1
20060119 47.5 10.2 0.4 1.1 5.6 1 2.2 0 0.2 1 17.6 0 13 2.6 5.1 0.8 5 NA 57.8 98.3 24.6 26 0.1
20060120 51.3 9.2 0.4 0.8 4.4 0.8 2.1 0 0.2 1.3 17.7 0 11.5 2.4 4.9 0.7 5 NA 53.2 97.3 18.6 25.1 0.1
20060121 56.4 7.8 0.4 0.7 4.3 1.1 2.8 0 0.2 2.1 19.7 0 10.5 2.4 5 1 5 NA 50.6 96.7 18.1 25.1 0.2
20060122 60 6.4 0.2 0.4 3.1 1 2.7 0 0 2.3 20 0 9 2.1 4.9 1 5 NA 46.6 95.8 11.9 24.2 0.2
20060123 64 5.8 0.2 0.2 2.2 0.8 2.8 0 0 2.5 19.6 0 7.9 1.6 4.4 0.9 5 NA 42.7 94.8 8.6 23.1 0.2
20060124 60 5.9 0.3 0.2 2.7 1 2.5 0 0 2.4 20.3 0 7.2 1.4 4.5 0.9 5 NA 41 94.2 9.4 25.5 0.2
20060125 59.4 6.3 0.4 0.2 3.3 0.9 1.5 0 0 1.6 19.6 0 6 0.7 4.1 0.5 5 NA 39.4 92.4 10.1 28.9 0.1
20060126 55 6.3 0.5 0.2 4.3 1 1.2 0 0 1.4 20.9 0 5.4 0.5 4.1 0.5 5 NA 38.9 91.4 10.6 30.9 0.1
20060127 63 5.7 0.4 0.2 4.2 1 1.2 0 0 1.2 17.1 0 5.3 0.5 4 0.5 5.5 NA 43.4 92.4 11.4 29.1 0.1
20060128 68.8 5.5 0.4 0.3 4.7 1.3 1.7 0 0 1.3 16.5 0 6.1 1.3 4.3 0.7 6.1 NA 45.5 94.6 11.7 27.1 0.3
20060129 75.7 4.9 0.3 0.3 4 1.3 1.6 0 0 0.9 12 0 6 1.3 4.2 0.7 6.7 NA 48.7 95.1 12 24.8 0.3
20060130 81.4 4.6 0.2 0.3 3.9 1.3 1.6 0 0 0.7 9.7 0 5.8 1.3 3.9 0.7 7.4 NA 50.4 96 12.5 22.7 0.3
20060131 75.1 4.6 0.2 0.3 4.9 1.3 1.6 0 0 0.9 15.6 0 6 1.3 4.4 0.7 6.4 NA 44.8 96.7 12.3 26 0.3
20060201 70.6 0 0 0 4.3 0.8 0.5 0 0 1.2 20.3 0 5.1 0.4 4.3 0.5 1 NA 37.4 97.3 11.4 28.6 0.1
20060202 63.3 0 0 0 5.1 0.8 0.5 0 0 1.4 24.2 0 5.2 0.4 4.6 0.5 0 NA 30.3 97.9 10.7 31.4 0.1
20060203 58.4 0 0 0 4.4 0.8 0.5 0 0 1.1 20.4 0 7.2 0.6 4.4 0.5 0 NA 30.7 97.2 10 29.3 0.1
20060204 57.7 4.7 0.4 0 3.7 1 1 0 0 1.3 17 0 9.7 1.5 5.1 0.6 5 NA 29.3 96.3 9.2 28 0.3
20060205 52.8 4.7 0.4 0 2.6 0.8 0.8 0 0 1 13.1 0 12.1 1.5 4.8 0.2 5 NA 29.3 95.5 8.5 26.1 0.3
20060206 50.5 4.7 0.4 0 2 0.8 0.8 0 0 0.8 10.1 0 13.6 1.8 4.7 0.2 5 NA 28 94.7 7.8 24.1 0.3
20060207 68.3 4.7 0.4 0.2 5.2 1.2 1.9 0 0 1.4 24.8 0 11.3 1.8 5.8 0.3 5 NA 39.9 96.6 27.5 34.5 0.3
20060208 82.5 4.6 1.2 3.2 9.2 2 3.8 1 0.5 2 39 0.1 8.7 1.7 6.4 0.8 5 NA 52.5 98.1 49.7 44.9 0.2
20060209 95.4 4.6 1.2 3.4 11.7 2.3 4.7 1 0.5 2.4 49.7 0.1 6 1.7 7.2 0.9 5 NA 63.5 99.5 65.1 54.5 0.2
20060210 93.4 6.3 1.2 3.4 11.8 2.3 5 1 0.7 2.4 48.4 0.1 6.2 2.2 7 0.8 30 NA 63.3 99.5 57.8 55.1 0.2
20060211 90.9 8.6 1.4 3.5 12.2 2.4 6.2 1.3 1.5 3.5 48.7 2.9 7.6 4.8 7.2 1.1 50 NA 63.3 99.5 52.1 57.3 1.5
20060212 88.2 9.5 1.3 3.2 12.1 2.3 6.9 1.2 1.5 3.5 47.1 2.9 7.7 5 6.8 1 70 NA 63 99.5 44.6 57.4 1.5
20060213 85.6 11.8 1.3 3.2 12.3 2.3 7.7 1.2 1.8 3.6 46.1 2.9 7.9 5.5 6.8 0.9 90 NA 62.9 99.5 37.8 57.9 1.5
20060214 87.4 10.9 1.3 3.3 11.5 2.3 8.7 1.2 1.5 3.7 40.7 2.9 9.3 5.7 8.8 1.6 89 NA 66.5 99.2 42.3 51.3 1.5
20060215 91.1 9.3 0.2 1.7 10.1 2.4 8.7 0 0.4 2.7 35.2 0 8.6 5.4 11.4 2.2 88.5 NA 68.5 98.9 44.5 43.4 0.1
20060216 93.3 7.9 0.2 1.8 8.7 2.4 9.6 0 0.1 2.6 28.1 0 10.3 5.4 13.9 2.7 87.4 NA 72.6 98.6 48.7 35.2 0.1
20060217 93.5 15.6 0.8 5.2 7.8 2.7 10.9 2.8 0.7 3 29.4 0.1 11.2 5.2 12.7 2.7 87.8 NA 73.4 98.9 55.5 40 0.6
20060218 93.3 23.9 2.8 11.3 7.7 3.6 11.9 7 2.6 4.8 33.2 1 14 6 11.8 3.5 88.5 NA 73 99 64.1 45.1 1.8
20060219 93.1 28.3 3.4 14.1 6.8 4.1 13.4 8.4 3 5 33.5 1.1 13.8 5.8 10.3 3.7 85.6 NA 73.1 99.3 73 49.5 2.3
20060220 93.2 34.7 4 17 6.6 4.7 14 11.2 3.7 5.6 35.6 1.1 14.3 5.9 9 3.9 85.9 NA 71.3 99.4 81.4 54.3 2.7
20060221 94.2 39.8 6.8 15.9 7.3 4.8 12.2 8.5 3 5.5 40.4 1.1 17.1 5.9 9.6 3.7 89.4 NA 70.1 99.4 84.1 50 2.4
20060222 96.5 41.5 11.4 16.3 8.1 4.4 10.6 5.3 1.7 4.4 46.1 0.6 20.6 5.4 10.2 3 92.4 NA 66.1 99.5 82 44.5 1.4
20060223 97 45.2 14.4 14.1 8.1 4.2 8.1 1.9 0.9 3.9 49.4 0.5 21.9 5 10.3 2.7 94.1 NA 63.4 99.6 82.7 38.9 0.8
20060224 97.1 42.1 13.6 17.1 8.4 6.1 10.3 1.9 0.8 3.9 46.1 0.5 28.9 4.9 11.1 2.5 80.3 NA 59.2 99.6 84.1 43.1 1
20060225 97.4 35 11.2 16.7 10 9.2 12.8 1.9 0.8 3.8 43.7 0.5 32.9 5.9 11.7 2.4 67.6 NA 56 99.7 90.4 49.3 1.8
20060226 97.4 30.6 10.1 19.4 9.7 10.2 14.3 1.7 0.5 3.8 39.9 0.2 39.5 5.6 12.5 1.9 55 NA 51.7 99.7 91.6 52.9 1.7
20060227 97.6 24.7 7.8 20.2 10 12 15.9 1.7 0.4 3.7 37.3 0.2 43.6 5.5 12.9 1.8 39.8 NA 49.5 99.7 94.1 58.1 2
20060228 97.2 29.8 12.2 18.3 10.1 10.8 16 2.2 0.5 3.4 42.8 0.2 51 8.5 18 2.5 54.8 NA 59.6 99.7 92.3 60.6 2.2
20060301 97.2 36 18.8 17.9 10.3 8.7 14.7 2 0.4 3.2 48.1 0.3 58.2 10.5 23.2 3.5 69.1 NA 67.5 99.6 91.3 61 2.4
20060302 96.4 39.6 22.6 16 10.3 7.8 14.3 2.3 0.5 2.8 52.3 0.3 65.3 12.9 27.4 4.2 81.2 NA 75.2 99.6 89.6 61.5 2.8
20060303 96.3 37.9 20.8 20 9.9 6.9 14.1 1.9 0.4 2.7 52.9 0.3 56.9 13.6 25.6 5.4 79.7 NA 76.1 99.5 90.5 60.2 2.5
20060304 97 28.1 19.1 22.7 9.8 5.4 13.3 1.6 0.4 2.9 53.1 0.3 47 15.6 23.9 6.1 78.2 NA 75.2 99.7 90.8 59.5 1.8
20060305 96.8 26.4 17.5 27.4 8.5 4.2 12.6 0.9 0.1 2.1 52.8 0.2 37.5 15.9 21.7 6.9 75.4 NA 75.4 99.6 91.6 57.7 0.9
20060306 97 19.7 17.1 30.2 8.4 3 11.9 0.6 0 2 52.9 0.2 29.1 16.9 19.5 7.6 73.4 NA 73.8 99.6 91.8 57.2 0.4
20060307 96.9 15.5 16.4 30.7 7.9 5 13.9 0.4 0 2 53.2 0.2 32.1 14 18.2 7.1 62 NA 75.3 99.6 91.5 59.9 0.4
20060308 96.8 11 12 28 7.2 7 15.4 0.1 0 2 54.3 0.2 34.2 10.9 16.9 7.4 48.5 NA 76.1 99.6 91.5 59.8 0.4
20060309 96.6 5 11.6 26.6 6.4 8.5 16.5 0 0 1.9 53.9 0.2 36.4 7 15.3 7 31.7 NA 77.7 99.6 91 61.5 0.4
20060310 95.2 5 9.9 22.5 6.1 7.7 16 0 0 1.6 52.1 0.2 33.5 6.4 13.9 6.1 24.3 NA 68.8 99.6 89.7 57.5 0.4
20060311 93.8 5 8.4 18.8 5 8.1 15.2 0 0 1.7 47.8 0.3 31.2 5.8 11.6 4.6 19.1 NA 62.2 99.6 87.3 53.7 0.7
20060312 90.3 5 6.8 15.2 4.5 6.8 13.7 0 0 1.3 44.7 0.3 28.3 5.1 9.9 3.4 13.2 NA 53.3 99.6 81.8 48.3 0.8
20060313 88.7 5 4.3 10.8 3.6 6.1 12.6 0 0 1.1 40.5 0.3 25.9 4.5 8 2.3 6.4 NA 43.6 99.6 79.1 44.6 0.8
20060314 83.3 5 3.9 9.1 5.2 5.2 9.2 0 0 1.3 32.5 0.3 23.7 4.2 7.8 2.1 5 NA 34.6 99.4 68.1 39.6 0.8
20060315 73.5 0 0.2 3 7.2 2.3 4 0 0 1.3 20.6 0 19.7 1.4 7.9 1 1.4 NA 22.7 98.6 52.9 32.5 0.1
20060316 67.7 0 0 1.2 8.1 1.3 0.7 0 0 1.3 12.7 0 16.6 0.9 7.3 0.9 0 NA 10.4 98.4 42.7 28.2 0.1
20060317 65.5 0 0 1.1 7.5 1.5 1 0 0 1.3 13.1 0 14.2 0.9 7.3 0.9 0 NA 10.5 97.5 53.7 29.5 0.1
20060318 63.9 0 0 1.2 6.8 2.5 1.7 0 0 1.3 10.5 0 13 1.1 7 0.9 0 NA 10.9 97.3 61.5 32.3 0.4
20060319 58.6 0 0 1.2 5.9 2.6 2 0 0 0.8 10.3 0 10.6 1.1 6.3 0.8 0 NA 11 96.5 73.3 33.6 0.4
20060320 56.7 0 0 1.2 5.2 2.9 2.3 0 0 0.8 9.1 0 8.5 1 6 0.8 0 NA 11.1 95.6 81 34.3 0.4
20060321 53.9 0 0 1 4.7 2.5 2 0 0 1.1 8.7 0 8.2 1 6.2 0.8 0 NA 11.3 95.9 70.8 34.7 0.4
20060322 55.8 0 0 0.5 3.7 1.6 1.3 0 0 1.2 8 0 6.9 0.4 5.8 0.5 0 NA 11.8 94.5 55.2 33.7 0
20060323 52.6 0 0 0.4 3.2 1.1 1 0 0 1.6 7.1 0 6.6 0.4 6 0.5 0 NA 11.5 94.6 42.3 34.5 0
20060324 52.4 0 0 0.3 3.3 1.1 1.1 0 0 1.2 6.9 0 5.9 0.4 5.8 0.5 0 NA 10.1 91.3 41.9 33.5 0
20060325 47.8 0 0 0.3 3.6 1.4 1.4 0 0 1.2 5.5 0 5.2 0.9 6.1 0.9 0 NA 9.2 89.3 41.7 31.9 0.1
20060326 47.6 0 0 0.2 3.8 1.3 1.5 0 0 0.7 4.9 0 4.4 0.9 5.8 0.9 0 NA 7.8 87.2 41.3 30.6 0.1
20060327 45 0 0 0.2 3.6 1.2 1.5 0 0 0.4 4 0 3.4 0.9 5.6 0.9 0 NA 6.3 84.5 40.9 29.1 0.1
20060328 46 0 0 0.2 3.8 1.3 1.5 0 0 0.4 4.3 0 3.4 0.9 5.7 1 0 NA 6.3 85.8 44.6 29.4 0.1
20060329 49.4 0 0 0.2 4.2 1 1.1 0 0 0.5 2.9 0 2.5 0.5 5.2 1 0 NA 2.9 86.4 51.2 29.1 0
20060330 51 0 0 0.2 4.7 1 1.1 0 0 0.6 3.3 0 2.3 0.5 5.3 1.2 0 NA 3.2 87 58.1 29.1 0
20060331 39.6 0 0 0.2 3.7 1 1.1 0 0 0.5 3.1 0 2.1 0.5 5 1 0 NA 2.5 81.3 50.2 27.5 0
20060401 29.3 0 0 0.2 3.7 1.3 1.1 0 0 0.5 2.6 0 1.8 0.5 4.9 1 0 NA 2.5 77.8 44.8 26 0
20060402 18.8 0 0 0.1 2.5 1.3 0.9 0 0 0.2 2.3 0 1.5 0.3 4.4 0.6 0 NA 1 72.8 37.8 24 0
20060403 8.9 0 0 0.1 1.8 1.3 0.9 0 0 0.2 1.7 0 1.2 0.3 4.1 0.5 0 NA 0.5 67.6 29.4 22.2 0
20060404 8.5 0 0 0.1 1.7 1.5 1 0 0 0.2 1.5 0 1.2 0.3 4 0.5 0 NA 0.5 69.7 26.1 21.2 0
20060405 7.8 0 0 0 1.1 1.4 0.9 0 0 0.1 1 0 0 0.2 3.7 0.2 0 NA 0 73.4 20.3 19.9 0
20060406 7.3 0 0 0 1.1 1.6 1 0 0 0.1 0.8 0 0 0.2 3.6 0.2 0 NA 0 73.9 15.3 18.9 0
20060407 6.9 0 0 0 1.1 1.3 0.8 0 0 0.1 0.8 0 0 0.2 3.4 0.2 0 NA 0 69.3 15.7 17.7 0
20060408 5.9 0 0 0 1.1 1 0.7 0 0 0.1 0.8 0 0 0.2 3.4 0.2 0 NA 0 61.6 16.8 16.6 0
20060409 1.3 0 0 0 0.3 0.4 0.3 0 0 0 0.1 0 0 0 3 0.1 0 NA 0 55.6 16.3 14.3 0
20060410 0.3 0 0 0 0.3 0.2 0.1 0 0 0 0.1 0 0 0 2.9 0.1 0 NA 0 48 16.6 12.9 0
20060411 0.3 0 0 0 0.2 0.2 0.1 0 0 0 0.1 0 0 0 2.8 0.1 0 NA 0 45.5 16.8 12.2 0
20060412 0 0 0 0 0.1 0.2 0.1 0 0 0 0 0 0 0 2.6 0.1 0 NA 0 41.1 19.4 11.3 0
20060413 0 0 0 0 0.1 0.2 0.1 0 0 0 0 0 0 0 2.4 0.1 0 NA 0 39 21.5 10.7 0
20060414 0 0 0 0 0.1 0.2 0.1 0 0 0 0 0 0 0 2.4 0 0 NA 0 32.5 15.3 8.8 0
20060415 0 0 0 0 0.1 0.2 0.1 0 0 0 0 0 0 0 2.5 0 0 NA 0 24 14.4 7.2 0
20060416 0 0 0 0 0 0.1 0 0 0 0 0 0 0 0 2.5 0 0 NA 0 14.1 7.6 5.1 0
20060417 0 0 0 0 0 0.1 0 0 0 0 0 0 0 0 2.5 0 0 NA 0 6.3 3.4 3.1 0
20060418 0 0 0 0 0 0.1 0 0 0 0 0 0 0 0 2.4 0 0 NA 0 5.5 3.3 2.7 0
20060419 0 0 0 0 0 0 0 0 0 0 0 0 0 0 2.1 0 0 NA 0 2.6 0.1 1.1 0
20060420 0 0 0 0 0 0 0 0 0 0 0 0 0 0 2 0 0 NA 0 1.8 0 0.6 0
20060421 0 0 0 0 0 0 0 0 0 0 0 0 0 0 1.7 0 0 NA 0 1.8 0 0.5 0
20060422 0 0 0 0 0 0 0 0 0 0 0 0 0 0 1.4 0 0 NA 0 1.8 0 0.5 0
20060423 0 0 0 0 0 0 0 0 0 0 0 0 0 0 1 0 0 NA 0 0 0 0.2 0
20060424 0 0 0 0 0 0 0 0 0 0 0 0 0 0 0.7 0 0 NA 0 0 0 0.1 0
20060425 0 0 0 0 0 0 0 0 0 0 0 0 0 0 0.5 0 0 NA 0 0 0 0.1 0
20060426 0 0 0 0 0 0 0 0 0 0 0 0 0 0 0.4 0 0 NA 0 0 0 0 0
20060427 0 0 0 0 0 0 0 0 0 0 0 0 0 0 0.2 0 0 NA 0 0 0 0 0
20060428 0 0 0 0 0 0 0 0 0 0 0 0 0 0 0.1 0 0 NA 0 0 0 0 0
20060429 0 0 0 0 0 0 0 0 0 0 0 0 0 0 0.2 0 0 NA 0 0 0 0 0
20060430 0 0 0 0 0 0 0 0 0 0 0 0 0 0 0.1 0 0 NA 0 0 0 0 0
20060501 0 0 0 0 0 0 0 0 0 0 0 0 0 0 0.1 0 0 NA 0 0 0 0 0
20060502 0 0 0 0 0 0 0 0 0 0 0 0 0 0 0.1 0 0 NA 0 0 0 0 0
20060503 0 0 0 0 0 0 0 0 0 0 0 0 0 0 0 0 0 NA 0 0 0 0 0
20060504 0 0 0 0 0 0 0 0 0 0 0 0 0 0 0 0 0 NA 0 0 0 0 0
