20091207 0 0 0 0 0 0 0 0 0 0 0 0 0 0 0.6 0.1 0 NA 1.7 3.3 0.3 0 0
20091208 0.3 0 0 0 0 0 0 0 0 0 0 0 0 0 0.7 0.1 0 NA 1.8 5.9 0.7 0 0
20091209 0.6 0 0 0 0 0 0.1 0 0 0 0 0 0 0 0.5 0 0 NA 0.7 6.6 0.9 0 0
20091210 2.5 1.6 0 0.3 0 0 0.1 0 0 0 0 0 0.5 0.1 1 0 4.9 NA 4 8.7 1.2 0.1 0
20091211 5.5 2.6 0 0.7 0 0 0.1 0 0 0 0 0 1 0.2 1.3 0 10 NA 7.5 11 1.5 0.2 0
20091212 11.7 4.9 0 1.3 0 0.1 0.2 0 0 0.2 0 0 3.1 0.6 2.3 0 18.4 NA 13.2 16.6 2.4 1.6 0.1
20091213 14.7 5.9 0 1.7 0 0.2 0.2 0 0 0.2 0 0 3.6 0.7 2.7 0 23.5 NA 17 18.9 2.7 1.7 0.1
20091214 16.5 7.4 0 1.9 0 0.2 0.2 0 0 0.2 0 0 4 0.7 3.1 0 27.2 NA 19.5 21 3 1.8 0.1
20091215 17.7 14.4 0 1.9 0.1 0.2 0.4 0 0 0.2 1.2 0 4.2 1.8 3.1 0 39.2 NA 29.7 25.5 5 2.7 0.1
20091216 19 24.9 1.1 2.1 0.6 0.5 1.2 0 0 0.2 4.5 0 4.7 3.4 4 0.8 51 NA 40.9 31.4 10.5 4.6 0.2
20091217 19.1 31.9 1.1 2.1 0.7 0.5 1.3 0 0 0.2 5.6 0 4.8 4.1 4 0.8 63.1 NA 48.3 35.8 11.9 5.4 0.2
20091218 20.5 30.7 1.1 2.1 0.7 0.5 1.2 0 0 0.2 6.9 0 4.8 3.2 4 0.8 57.8 NA 47.5 35.7 11.8 5.5 0.2
20091219 21.6 30.2 1.1 2.2 0.7 0.5 1.2 0 0 0.2 8.2 0 4.9 2.6 4.2 0.8 54.3 NA 47.9 37.6 11.1 5.6 0.2
20091220 22.8 29 1 2.2 0.7 0.5 1.1 0 0 0.2 9.2 0 4.9 1.3 4.2 0.8 49.8 NA 47.2 37.4 11 5.3 0.2
20091221 24.1 27.2 1 2.2 0.7 0.5 1 0 0 0.2 10.2 0 4.9 0.5 4.2 0.8 43.7 NA 47.4 37.7 10.3 5.5 0.2
20091222 25 26.6 1 2.2 0.7 0.6 1.2 0 0 0.2 8.3 0 5.5 0.5 4.2 0.8 39.2 NA 45.6 39.7 10.5 6.2 0.2
20091223 26 23.9 0.5 2.2 0.9 0.9 1.6 0 0 0.2 7.1 0 6.4 0.5 3.7 0.8 34 NA 44.2 43.3 9.9 6.9 0.3
20091224 27 23.7 0.5 2.2 0.9 0.9 1.7 0 0 0.2 5.4 0 6.8 0.5 3.6 0.8 29.7 NA 41.8 46.8 9.9 7.7 0.3
20091225 28.4 21 0.5 2.1 0.8 0.9 1.6 0 0 0.4 5 0 6.9 0.5 3.6 0.8 23.3 NA 38.1 49.6 9.7 7.4 0.3
20091226 29.9 19.7 0.7 2 1.2 1 1.4 0 0 0.6 5 0 6.8 0.5 3.6 0.8 18.7 NA 34.9 51.6 8.9 7 0.3
20091227 30.7 16.9 0.6 1.7 1.1 0.8 0.4 0 0 0.7 3.3 0 6.3 0.5 3.3 0.5 12.3 NA 29.6 53.8 8.1 6.2 0.2
20091228 31.7 14.6 0.5 1.6 1 0.7 0.2 0 0 0.8 3 0 6.3 0.4 3.2 0.5 5.6 NA 24.9 54.9 7.2 5.8 0.2
20091229 36.6 26.6 0.6 1.9 1 0.9 0.7 0 0 0.7 4.2 0 6.4 0.4 3.4 0.5 16.6 NA 33.3 55.5 9.1 8.3 0.4
20091230 41.6 42.5 0.9 3.2 1.4 1.2 1.7 0.7 0.6 1.3 6.8 0.1 7 3.2 4.3 0.9 31.4 NA 42.5 55.6 10.8 11.1 0.7
20091231 45.5 57.1 1 3.5 1.4 1.3 2.1 0.7 0.6 1.3 7.5 0.1 6.9 3.2 4.5 0.9 45.5 NA 51.1 55.5 12.5 13.4 0.9
20100101 51.3 63.1 2.3 4.9 1.7 1.6 3.8 1.7 1.2 1.7 12.4 0.2 7.9 3.6 4.8 1 52.6 NA 55.4 59.9 13 14.7 1
20100102 57.9 70.1 3.9 6.2 1.9 2.1 6 3 1.9 2.2 18 0.2 8.8 4.1 5.3 1 62.1 NA 61 66 13 16.4 1.2
20100103 62 78 7.3 9.5 2.3 3.1 9.1 5.3 3.2 3.5 22.7 2 10.5 4.5 6 1.4 73.9 NA 68.7 70.8 13.7 19 2.5
20100104 69.7 83 8.4 11.5 2.6 3.4 10.5 6 3.5 3.8 28.3 2.1 12.2 4.7 6.2 1.4 80.1 NA 72 75.6 14.1 20.1 2.6
20100105 74.4 90 10 12.5 2.8 3.8 12.6 7.3 4.2 4.3 32.2 2.1 12.9 5.3 6.7 1.4 88.7 NA 77.5 81.2 14.3 21.8 2.8
20100106 79.5 90 8 6.8 3.4 3.2 9.5 13.3 5.3 6.3 39.9 2.1 11.1 5.8 5.9 1.7 88.7 NA 76.6 82.3 14.9 25.5 1.5
20100107 83.9 92.1 17.2 7.3 3.8 2.8 11.3 13 4.5 6 40.8 2.7 12.8 7.5 6.4 1.8 92.5 NA 78.6 84.1 14.1 23.4 1.5
20100108 82.7 90.1 17.2 11.2 3.5 3.3 12.9 9 4.1 4.5 36.8 3.4 17.1 5.7 7.1 1.6 90.3 NA 79.6 90 14.8 23.3 2.4
20100109 87 88.2 22.6 6.2 3 1.6 10.7 9.2 2.8 3.1 35.4 2.8 20.8 3.3 6 0.7 88.7 NA 77.3 97.6 11.3 22 0.6
20100110 87.3 89.3 15.4 12.9 3.3 2 12.4 9.4 2.9 3.8 39 1.5 18.1 0 4.4 0.4 100 NA 77.1 99.3 15.2 25.2 1.2
20100111 91.5 94.1 39.2 19.8 6 3.2 16.6 15.9 5.6 5.7 38.2 1.7 10.7 5.9 8.7 2 94.3 NA 83.4 96.6 20.5 27.7 0.3
20100112 93.1 95.5 51 28.7 6.7 3.4 19.9 19.4 6.2 5.6 36.2 0 0 4.8 9.5 1.9 97.7 NA 85.9 95 25.9 29.1 0
20100113 94.7 95.5 52.2 17 4.7 2.6 19.7 16.5 2.9 3.3 16.7 1 0 7.8 9.5 2.7 97.5 NA 88.1 95.7 18.6 33.9 0.3
20100114 94.7 79.6 46.2 21.7 8.9 2.9 15.2 15.9 2.6 3.3 23 6 23.8 7.4 9.4 3.4 97.8 NA 83.7 93.9 21.3 27.4 5.5
20100115 92.6 89.8 45.4 25.6 6.4 3.3 17.2 17.3 5.5 5.3 32.5 0 4 4.9 9.1 1.9 96.8 NA 79.5 93.7 23.7 28 0.2
20100116 92.9 82.5 37.7 21.5 6.3 3.2 14.7 14.8 4.7 4.9 28.3 0 7.1 5 8.7 1.8 95.6 NA 74.5 92.8 20.1 26.3 0.3
20100117 93.3 75.4 29.3 17.2 6 3.7 12.9 11.8 3.3 4 23.2 3.5 14.6 5.7 8.4 2.4 94.5 NA 67.9 91.7 17.9 25 2.2
20100118 92.1 68.1 22.3 13.1 5.7 3.6 9.9 9.1 2.5 3.6 18.4 3.5 17.8 5.9 8.1 2.3 93.3 NA 60.5 90.3 14.3 23.2 2.4
20100119 92.3 62.4 15.9 10 5.4 3.5 7.4 6.9 1.6 3.2 14.6 3.5 21.7 5.9 7.6 2.2 92.4 NA 54.9 89.6 11.6 22.1 2.5
20100120 90.1 63.8 14.3 15.2 5.5 3.6 8.9 8.1 2.4 3.2 25.1 4 19.3 6.5 10.2 3.3 93 NA 57.8 94.5 23 30.3 2.5
20100121 87.5 65.2 12.3 19.6 5 3.5 8.9 8.5 2.4 2.8 35.9 4 16.7 6.7 12.1 4 93.5 NA 59.9 99.1 35.6 38.4 2.1
20100122 85 62.2 12.1 18.1 4.7 3.2 7.4 9.9 4.6 3.2 29 3.9 15.8 6.1 10.8 3.7 94.1 NA 60.2 99.1 29.3 34.3 2.1
20100123 83.8 60.2 12.7 16.5 4.6 3.7 7.9 10.8 6.8 4.2 23.5 3.8 15.1 5.6 9.7 3.3 94.2 NA 61.2 99.1 23.2 31 2.1
20100124 81.4 57.3 11.7 14.6 4.2 3.2 6.4 10.3 7.6 4.4 16.7 1.9 13.6 4 7.4 1.9 92.8 NA 60.6 99 16.9 27.9 1
20100125 79.7 55 12.1 12.7 3.9 2.9 4.9 10.9 9.1 4.6 10.4 1.8 12.8 3.3 6.3 1.6 92.8 NA 60.3 99 11.9 24 1
20100126 85.7 64.3 21.6 11.3 4.7 2.9 5.7 11.1 8.1 5.3 18.9 1.8 12.6 4.1 7.3 1.6 93.4 NA 63 98.4 12.5 27.4 1
20100127 89.8 73.7 31.1 10.1 6.2 2.2 5 10.6 5.8 5.6 26 3.3 13.5 6.5 9.1 2.6 96 NA 61.4 98.4 13 30.1 2
20100128 94.4 80.8 39.4 9.6 6.7 2.3 5.8 10.5 4.3 5.9 33.9 3.3 13.1 7.1 10 2.6 96.5 NA 63.7 97.1 13.5 32.9 2
20100129 93.6 82.9 52 16.5 7.7 2.6 6.6 11.7 3.9 5.8 37.4 3.3 22 8.4 10.7 2.8 96.6 NA 62.7 97.2 15.8 34.4 2.1
20100130 94.5 87.6 66 24.1 8.9 3 7.6 13.2 3.7 5.9 39 3.5 29.6 8.9 11.4 3 96.9 NA 62 97.1 18.7 36.1 2.2
20100131 93.7 88.3 75.3 29.2 10.1 3.2 8.4 14.5 3.4 6 41.5 3.5 36 10.9 12.3 3.1 97 NA 60.9 95.8 20.7 37.2 2.2
20100201 92.8 91.8 89.8 37.3 11.2 3.6 9.2 15 2.8 5.3 43.3 3.5 43.4 11.4 12.6 3.3 97.2 NA 60.1 95.8 23.5 38.9 2.2
20100202 94.5 93.1 91.5 46.4 12.5 5.4 15.6 16.6 4.1 5.9 52.6 3.5 47 15 15 4.2 97.2 NA 68.6 97.2 48 40.8 2.9
20100203 95.3 93.4 93.1 55.5 14.1 8 22.6 17.8 5.7 6.4 61.5 4 51 16.7 16.8 5 97.2 NA 77.5 97.6 69.1 42.5 4
20100204 96.5 94.5 93.9 62.7 15.2 9.8 29.3 19.5 6.6 6.5 69.3 4 54 18.6 18.5 5.6 97.2 NA 85.8 99 86.4 44.2 4.6
20100205 96.5 94.5 93.7 71 14.5 10.4 27.8 20.5 7.9 7 69.7 5.6 58.9 16.5 18.3 5.6 97.2 NA 86.1 99 89 49.3 4.2
20100206 96.7 95.2 93.1 78.3 15.8 11.4 27.4 22.6 9.1 6.4 69.8 6.9 65.2 14.9 18.9 5.6 99.5 NA 87.4 99.5 91.4 53.8 4.2
20100207 96.6 95.2 93.2 85.2 15.2 11.8 25.7 22.8 9.8 6.1 70.5 7.6 70.6 11.9 18.1 5.2 99.5 NA 87.5 99.4 93.5 58.7 3.1
20100208 96.7 95.2 92.5 93.5 14 12.4 23.7 24 11.1 6 69.4 9.2 75.7 9.8 18 5.1 99.5 NA 87.8 99.4 96 63.3 2.9
20100209 96.5 95.2 92.5 93.5 13.3 11.4 24 23.5 10.3 6.3 66.1 8.5 71.6 10.4 18.2 5.3 99.4 NA 86.5 99.4 96 64.2 2.9
20100210 96.3 93.4 92.4 92.6 13 10.6 24.4 23.1 9.7 6.4 64.5 8.1 68.5 10.7 18.2 5.6 99 NA 86 99.4 96 65.4 2.9
20100211 96.2 93.4 92.4 92.6 13 9.9 24.4 22.8 9.2 6.6 62.4 7.6 65.2 11.8 18.2 5.7 98.9 NA 84.2 99.4 96 66 3
20100212 96 94.6 92.9 92.7 11.8 8.7 24.6 22.2 7.4 7.3 59.3 6.6 59 12.7 18 5.9 96.8 NA 83.3 99.4 95.1 66.4 2.6
20100213 95.8 91.1 92.1 90.2 11.1 8 25.2 21.5 6.9 7.6 56 6.1 56.1 13.4 18.5 6.2 95.9 NA 81.5 99.4 95.1 68.2 2.7
20100214 95.7 91.1 92.1 90.2 10.7 7.3 25.6 21.4 6.3 7.7 54.6 5.7 52.8 13.7 18.4 6.4 95.7 NA 81 99.4 95.1 69 2.7
20100215 95.5 91.1 92.4 90.6 10.5 6.2 25.4 20.8 5.5 7.9 52.2 5 48.2 14.4 18.2 6.6 95.7 NA 79 99.4 95.1 70.5 2.7
20100216 95.1 90.9 91.7 83 9.8 6.3 25.9 16.5 4.4 6.7 47.2 4.5 43 13.8 16.4 5.8 94.4 NA 81.7 99.3 91.4 71.6 2.4
20100217 94.6 88.8 89.2 72.8 8.8 6.1 27.1 12 3.2 5.3 40.4 4.5 38.6 12.4 14 4.9 93.3 NA 86.2 99.1 87.6 73.8 2.8
20100218 94 87.4 87.7 63.2 8 6.1 27.8 7.6 2 4 34.7 3.9 33.7 11.7 12.3 4.1 91.8 NA 89 99 84.2 74.1 2.5
20100219 94.2 81.9 80.8 61.5 7.6 5.8 23.4 7.6 2.1 4 35.3 3.9 33.8 26.1 18.9 4.7 90.9 NA 84.2 98.7 85.2 68.1 2.4
20100220 95.2 77.3 76.5 62.1 7.3 5.3 19.3 7.3 2.1 3.8 37.2 3.9 34.3 44.4 26.5 5.4 90 NA 80.1 98.3 86.1 62.2 2.5
20100221 95.3 70.4 67.4 57.9 6 4.8 15 6.9 2.2 3.8 36.9 3.5 34.4 62.7 33.6 5.8 88.6 NA 73.9 97.4 86.6 55.8 2.3
20100222 95.5 64.3 62 58.2 5.5 4.2 9.8 6.7 2.2 3.7 37.8 3.5 34.7 81.3 40.9 6.3 87.6 NA 68.8 97 87.5 48.7 2.2
20100223 96.1 64.9 60.5 62 5.7 3.8 10.8 6.2 2.2 4.6 36.5 3.5 37.2 61.8 32.8 5.3 87.5 NA 69.1 97.7 88.1 48.4 2.2
20100224 96.4 66.1 60.9 68.5 5.9 2.7 10.5 5.1 1.9 4.8 35.1 3.8 39.4 35.7 24.6 4 86.8 NA 69 98.7 87.8 47.6 1.7
20100225 96.8 67.6 59.2 71.6 6.2 2.4 11.2 4.7 1.8 5.5 33.8 3.8 40.4 12.1 15.4 2.9 86.8 NA 69.1 99.3 87.9 47.2 1.7
20100226 94.3 63.9 55.4 69.8 5.9 2.4 10.3 4.5 1.8 4.9 30.4 3.8 36.3 12.7 15 2.8 87.1 NA 67.7 98.7 86.1 44 1.7
20100227 92 60.1 54 70.6 5.8 2.4 9.4 4.4 2 4.6 27.7 4.1 33.3 13.5 14.6 2.7 87.5 NA 66.3 98.2 84.4 42.5 2.1
20100228 89.9 56.5 50.3 68.9 5.3 2.3 8.2 3.8 1.7 3.7 23.9 3.9 29.4 13.9 14.1 2.5 87.9 NA 64.6 97.2 82.8 39.4 2
20100301 87.5 50.9 45.6 66.8 5.1 2.3 7.4 3.6 1.7 3.2 20.4 3.9 24.6 14.6 13.6 2.4 88.3 NA 63 96.6 81.5 35.7 2
20100302 87.3 51.3 45.9 67.3 5.3 2.3 7.4 3.8 1.7 3 20.3 3.9 23.2 17.2 17.1 2.7 88.1 NA 63.2 96.9 82.8 35.9 2
20100303 86.4 50.5 45.5 67.8 5.3 2.5 7.1 3.8 1.6 2.9 20.2 3.5 19.9 20.9 22.3 3.8 88 NA 63.8 96.9 83.6 33.7 1.8
20100304 86 50.4 45.3 68.1 5.4 2.5 6.9 3.9 1.6 2.8 20.1 3.5 18.2 22.8 25.4 4 87.4 NA 63.7 97.1 84.5 33 1.8
20100305 85.8 50.2 44.6 69.1 5.3 2.5 7.2 4 1.6 2.8 19.8 3.5 18.1 21.2 23 4.4 85.9 NA 63.4 96.7 85.8 33 1.8
20100306 85.5 49.2 46.1 70.6 5.2 2.6 7.5 4.1 1.6 2.9 19.5 3.5 17.8 19.3 19.9 4.5 85.3 NA 63.4 96 87.3 33 1.8
20100307 85.3 50.2 46.9 72 5.4 2.4 8.6 4.5 1.7 2.5 18.4 1.5 16.2 17.5 15.8 4 86.1 NA 65.4 95.3 88.7 33 0.9
20100308 84.2 50.2 44.7 73.4 5.5 2.5 9.1 4.4 1.7 2.6 18.1 1.5 15.8 14.7 12.4 4.1 83.4 NA 65.6 94.8 90.2 33 0.9
20100309 84.4 49.5 45.4 74.5 5.3 2.5 9.3 4.6 1.7 2.6 17.9 1.5 15.8 13 9.5 4.3 82.9 NA 66 94.3 91.4 33 0.9
20100310 85.3 46.6 48.9 72 4.7 3.1 10.2 5.1 1.7 2.6 18.3 1.6 15.4 5.6 9.1 3.3 77.1 NA 61.3 94.4 91 33.7 0.9
20100311 84.2 44.8 50.3 74.6 4.5 2.8 9 5.4 1.7 2.2 16.5 2.7 14.4 5.5 8.8 3 73.4 NA 63.2 95.2 82.6 33.9 1.3
20100312 85.1 52.1 55 75.5 4.5 3.6 8.8 9.8 6.7 7.5 22.8 1.5 14.9 8.6 8.5 3.7 85.7 NA 70 95.2 90.9 34 1
20100313 84.8 51.9 60.6 75.3 1.2 2.9 5.7 12.6 10 10 23 0 10.8 0 5.4 1.2 84.8 NA 70.8 95.3 87.7 31.2 0.3
20100314 84.8 52 60.6 75.3 1.2 3 5.8 12.6 10 10 22.9 0 10.7 0 5.4 1.2 84.8 NA 70.5 95.5 87.9 31.2 0.3
20100315 80.2 31.5 41.4 44.6 3.1 3.4 5.9 8 6.1 6.8 16.8 0 10.5 3.8 7.4 2.9 55 NA 57 93 79.3 30.9 0.5
20100316 74.9 8.9 19.8 13.7 3.1 2 4.2 1.9 1.1 1.8 6.5 0 7.3 4 7.4 2.4 26.7 NA 39.6 89.9 69.8 26.8 0.4
20100317 72.3 8 20.4 23.7 3 1.4 3.4 1.8 1.1 1.5 5.6 0 8.7 4.2 7.3 1.9 13.7 NA 38.4 81.1 64.4 27.3 1.1
20100318 74.7 11 20.1 21.1 3.2 1.7 4.2 2.2 1.1 1.5 5.7 0 8.2 4.2 7.2 1.9 20.4 NA 43.3 76.7 67.9 26.7 1.1
20100319 69 8.1 17 12.6 2.9 2 3.9 1.8 1.1 1.8 6.4 0 6.4 3.9 7.1 2.4 24.7 NA 32.5 82.1 61.2 25.5 0.3
20100320 60.2 7.2 15.2 10.8 2.7 1.9 3.5 1.8 1.1 1.8 6.2 0 5.6 3.8 6.6 2.4 22.1 NA 25.2 73.5 53 23.4 0.3
20100321 53.2 6.4 10.1 9.4 3.2 1.1 2.6 2.7 1.7 1.9 5.1 0 3.4 5 7.2 2 18.5 NA 18 64.4 45.1 21 0.2
20100322 45.1 5.6 7.1 7.5 3 1.1 2.2 2.6 1.7 1.9 5 0 2.6 4.9 6.7 1.9 15.8 NA 10.9 56.9 35.8 18.8 0.2
20100323 39.2 5 4.8 6.3 2.8 1.1 1.9 2.6 1.7 1.9 4.9 0 1.9 4.9 6.4 1.9 13.3 NA 5.4 48.7 30 17.2 0.2
20100324 32.3 4.7 3.7 5.5 2.7 1.2 2 2.4 1.7 1.8 3.8 0 4 4.1 5.6 2 12.5 NA 5 37.3 26.3 16.4 0.3
20100325 35.9 5.1 4.7 5.9 2.4 1.1 2 2 1.2 1.4 3.3 0 3.2 4.6 5.1 1.6 10 NA 5 30.7 10.5 14.3 0.2
20100326 32.2 5 4.4 6.1 2.7 1.1 1.9 2.5 1.7 1.9 4.7 0 1.9 4.9 6.2 1.9 12.2 NA 5.4 43.4 26.9 15.8 0.2
20100327 26.2 5 4 5.7 2.7 1.1 1.8 2.5 1.7 1.9 4.5 0 1.9 4.9 6.1 1.9 10 NA 5.1 35.1 20.7 14.5 0.2
20100328 19.1 4.9 4.5 5.5 2.1 1 1.6 1.9 1.4 1.6 3.9 0.2 2.1 4.5 5.2 1.8 8.9 NA 5.1 29.7 17.5 13.4 0.1
20100329 11.5 4.9 4.1 5.3 2 1 1.6 1.9 1.4 1.6 3.8 0.2 2 4.5 5 1.8 6.7 NA 5.1 24.4 11.9 11.9 0.1
20100330 5.2 4.9 3.7 5 2 1 1.5 1.9 1.4 1.6 3.5 0.2 2 4.5 4.9 1.7 5 NA 5 18.1 7.4 10.9 0.1
20100331 5.1 5 3.9 5 2.1 1.2 1.6 1.9 1.4 1.6 3.6 0.2 2.1 4.6 4.9 1.8 5 NA 5 16.2 6.8 10.4 0.2
20100401 5 5 2.6 4.2 2 1.2 1.4 0 0.1 1.2 3.6 0 1.9 4.4 4.3 1.7 5 NA 5 14.4 6.3 9.7 0.2
20100402 5 5 2.6 4.2 2 1.2 1.4 0 0.1 1.2 3.6 0 1.9 4.4 4.2 1.7 5 NA 5 12.5 6 8.4 0.2
20100403 5 5 2.6 4.2 2 1.2 1.4 0 0.1 1.2 3.6 0 1.9 4.4 4.1 1.7 5 NA 5 9.4 5.6 6.8 0.2
20100404 0 0 0 0 1.1 0.1 0 0 0 0 0.2 0 0 2 3.4 0.9 0 NA 0 7.6 5.1 5.1 0
20100405 0 0 0 0 1.1 0.1 0 0 0 0 0.2 0 0 2 3.3 0.9 0 NA 0 5 4.8 3.6 0
20100406 0 0 0 0 1.1 0.1 0 0 0 0 0.2 0 0 2 3.1 0.9 0 NA 0 5 4.8 3.6 0
20100407 0 0 0 0 0 0.1 0 0 0 0 0 0 0 3.5 3.2 1.1 0 NA 0 5 5 2.9 0
20100408 0 0 0 0 0 0.1 0 0 0 0 0 0 0 3.5 3 1.1 0 NA 0 5 5 2.9 0
20100409 0 0 0 0 0 0.1 0 0 0 0 0 0 0 3.5 2.8 1.1 0 NA 0 5 5 2.9 0
20100410 0 0 0 0 0 0.1 0 0 0 0 0 0 0 3.5 2.5 1.1 0 NA 0 5 5 2.9 0
20100411 0 0 0 0 0 0 0 0 0 0 0 0 0 0 1 0 0 NA 0 0 0 0 0
20100412 0 0 0 0 0 0 0 0 0 0 0 0 0 0 0.8 0 0 NA 0 0 0 0 0
20100413 0 0 0 0 0 0 0 0 0 0 0 0 0 0 0.6 0 0 NA 0 0 0 0 0
20100414 0 0 0 0 0 0 0 0 0 0 0 0 0 0 0.8 0 0 NA 0 0 0 0 0
20100415 0 0 0 0 0 0 0 0 0 0 0 0 0 0 0.7 0 0 NA 0 0 0 0 0
