20121129 0 0 0 0 0 0 0 0 0 0 0 0 0 0 2.3 0 0 NA 0 0 0 0 0
20121130 0 0 0 0 0 0 0 0 0 0 0 0 0 0 1.9 0 0 NA 0 0.8 0 0 0
20121201 0 0 0 0 0 0 0 0 0 0 0 0 0 0 1.8 0 0 NA 0 1.7 0 0 0
20121202 0 0 0 0 0 0 0 0 0 0 0 0 0 0 1.5 0 0 NA 0 2.5 0 0 0
20121203 0 0 0 0 0 0 0 0 0 0 0 0 0 0 1.2 0 0 NA 0 3.3 0 0 0
20121204 0 0 0 0 0 0 0 0 0 0 0 0 0 0 1 0 0 NA 0 4.2 0 0 0
20121205 0 0 0 0 0 0 0 0 0 0 0 0 0 0 0.9 0 0 NA 0 4.6 0 0 0
20121206 0 0 0 0 0 0 0 0 0 0 0 0 0 0 1.1 0 0 NA 0 10.3 2.1 0.1 0
20121207 0 0 0 0 0 0 0 0 0 0 0 0 0 0 1.2 0 0 NA 0 14.5 1.1 0.2 0
20121208 0 0 0 0 0 0 0 0 0 0 0 0 0 0 1 0 0 NA 0 7.4 1.2 0 0
20121209 0 0 0 0 0 0 0 0 0 0 0 0 0 0 2.3 0 0 NA 0 7.8 1.2 0 0
20121210 0 0 0 0 0 0 0 0 0 0 0 0 0 0 2.3 0 0 NA 0 14.3 1.3 0.2 0
20121211 0 0 0 0 0 0 0 0 0 0 0 0 0 0 1.3 0 0 NA 2.5 11.3 1.6 0.4 0
20121212 0 0 0 0 0 0 0 0 0 0 0 0 0 0 1.7 0 0 NA 1.8 12.8 2 0.1 0
20121213 0.5 0 0 0 0 0 0 0 0 0 0 0 0 0 1.8 0 0 NA 0.5 13.4 1.8 0.2 0
20121214 0.9 0 0 0 0 0 0 0 0 0 0 0 0 0 1.8 0 0 NA 0 14 1.2 0.6 0
20121215 3 0 0 0 0 0 0 0 0 0 0 0 0 0 2.7 0.1 0 NA 0 34.3 2.8 1 0
20121216 0 0 0 0 0 0 0 0 0 0 0 0 0 0 3 0.1 0 NA 0 34.9 5.2 1.1 0
20121217 0 0 0 0 0 0 0 0 0 0 0 0 0 0 2.5 0 0 NA 0 24.7 3.9 0.5 0
20121218 0.5 0 0 0 0 0 0 0 0 0 0 0 0 0 1.5 0 0 NA 0.6 12.7 1.1 0.1 0
20121219 1.1 0 0 0 0 0 0 0 0 0 0 0 0 0 1.8 0 0 NA 0 13.7 1.2 0.3 0
20121220 1.5 0 0 0 0 0 0 0 0 0 0 0 0 0 2.2 0 0 NA 0 12.8 1.6 0.2 0
20121221 3 0 0 0 0 0 0 0 0 0 0 0 0 0 2.2 0 0 NA 0 13 1.4 0.2 0
20121222 2.9 0 0 0 0 0 0 0 0 0 0 0 0 0 2 0 0 NA 0 14.9 1.7 0.3 0
20121223 4.3 0 0 0 0 0 0 0 0 0 0 0 0 0 2.1 0 0 NA 0 15.4 1.8 0.3 0
20121224 6.5 0 0 0 0 0 0 0 0 0 0 0 0 0 2 0 0 NA 1.5 13.7 1.3 0.6 0
20121225 12.2 0 0 3.9 0.1 0 0 0 0 0 0.6 0 4.2 0.4 2.3 0.1 0.1 NA 7 10.8 0.1 0.8 0
20121226 13.4 0 0 0.8 0.1 0 0 0 0 0 0.1 0 6.3 1.5 3 0.1 0.5 NA 15.8 17.6 1.7 2.1 0
20121227 14.1 0 0 2 0.1 0 0.4 0 0 0 0 0 5.8 3.5 3.3 0.1 22.3 NA 21.2 20.4 0.9 1.9 0
20121228 16.9 0 0 1.8 0.1 0.3 0.2 0 0 0 0.2 0 5.1 3 3.7 0.1 11.8 NA 27.4 18.8 1.1 2.7 0
20121229 25.4 0 0 1.9 0.7 0.3 0 0 0 0.2 4.7 0 3.5 3.3 4 0.1 36.4 NA 45 38.2 2.5 5.6 0.1
20121230 24.3 0.6 0 1.9 0.9 0.3 0.1 0 0.1 0.1 1.6 0 2.7 3.7 4.4 0.1 33.5 NA 38.1 36.3 4.5 5.2 0.3
20121231 24.8 0.9 0 1.9 0.3 0.7 0.2 0 0 0 0.9 0 3.7 1.5 3.4 0.1 34 NA 35.1 36.8 3.9 11.7 0
20130101 19.6 1.2 0 2.7 0.7 0.5 0.4 0 0 0 0 0 3.1 0.6 3 0.1 34.9 NA 44.5 45.4 8.2 5.3 0.1
20130102 30.4 0.9 0 1.6 0.4 0.2 0.3 0 0 0 3.3 0 3 2 4.2 0.1 33.5 NA 45.3 50.9 6.9 7.5 0
20130103 30 27.2 0 1.8 0.3 0.6 1 0 0 0.1 4.3 0 3.3 7.1 4.3 0.2 83.4 NA 56.8 50.6 9.8 11.4 0
20130104 29 35.6 0 2 0.2 0.7 0.3 0 0 0 1.4 0 5 0.9 3.6 0.1 71.6 NA 50.3 50.2 2.8 9.9 0
20130105 34.7 54.5 0.2 2.9 0.6 0.7 1.8 0 0 0.1 2.9 0 5.7 1.3 3.5 0.1 90 NA 51.7 53.3 5 9.9 0.1
20130106 36 50.8 0.1 2.8 0.8 0.7 2.1 0 0 0.1 3.5 0 4.9 2.4 4.2 0.1 90 NA 56 53.6 4.9 11.8 0.1
20130107 38.4 29 0 1.7 0.6 0.7 0 0 0 0.1 1.2 0 4.7 2.4 4.1 0.1 53.4 NA 38.2 53.3 4.9 9 0.1
20130108 30.4 27.2 0.1 2.9 0.2 0.3 0 0 0 0 0.3 0 4.5 0 2.8 0.1 49.4 NA 36.1 50.6 1.5 6.3 0.1
20130109 28.5 11.8 0 2.1 0.1 0.2 0 0 0 0 0 0 4.2 0.5 2.7 0.1 39.5 NA 28.8 47.3 2.2 5.7 0.1
20130110 22.3 8.5 0 2 0.1 0.5 0.1 0 0 0 0.1 0 4.2 0.9 3.1 0.1 25.1 NA 26.1 50.6 2.4 6 0.1
20130111 26.2 6.4 0 1.5 0.1 0.3 0 0 0 0 0.4 0 4.1 0 2.4 0.1 24.6 NA 24.9 43.5 1.2 5.3 0.1
20130112 28.1 13.3 0 1.8 0 0 0 0 0 0 0.5 0 4.2 0 2.4 0.1 23 NA 42.1 43.1 1.5 8.1 0.1
20130113 25.7 8.8 0 1.7 0.3 0 0 0.2 0 0 0 0 4.3 0 3.2 0.1 18.6 NA 28.2 49.6 1.6 8.2 0.1
20130114 35.6 8.7 0 1.5 0.3 0 0 0 0 0.1 0 0 4 1.4 3.4 0.1 19.4 NA 32.5 48.2 2.5 8 0.1
20130115 25.2 9.9 0.1 0.8 0 0.2 0 0 0 0 0 0 2.2 1.3 3.6 0.1 8.6 NA 35 47.2 2.7 4.3 0.1
20130116 49.4 3.4 0 0.2 0.4 0.1 0.7 0 0 0.2 1.4 0 2.2 1.6 4.2 0.1 3.2 NA 41.9 34.3 5.5 4.5 0.1
20130117 51.2 4 0.2 0 0.1 0.1 0.6 0 0 0.3 1.2 0 2.7 1.2 4.7 0.2 0.4 NA 37.2 36.5 5.4 5.4 0.1
20130118 81.3 0.2 0 0 1.9 1 2.9 0 0 2.3 7.5 0 3 1.2 4.8 0.2 28.9 NA 55.3 73 12.2 24 0.1
20130119 81.5 0.2 0.1 0.8 1.8 1 3.6 0 0 1 7 0 4.3 2.9 10.4 0.3 28.7 NA 55.4 74.8 10.2 20.2 0.1
20130120 81.4 0.1 0 0.7 1.5 0.7 1.5 0 0 0.7 15.8 0 4.3 4.8 10.7 0.4 2.7 NA 41.1 80.4 14.2 19.5 0.1
20130121 86.5 0.1 0 0 5.3 0.6 1.6 0.5 0 1.4 24.3 0 2.2 1 8.1 0.6 0 NA 36.2 86.5 25.6 19 0
20130122 95.4 75.1 3.4 8.5 9.7 4.1 8.6 10.8 1.9 3.8 30.9 0 5.3 7 11.7 0.6 95 NA 57.1 99.4 36.1 42.5 0
20130123 90.8 90.2 16.2 22.9 13.2 4.9 16.1 11.5 1.5 2.1 36.9 0 23 8.9 11.9 3.9 90 NA 63.2 96.7 61.1 43.7 1.6
20130124 95.2 92.3 14.9 28.8 14 6 18.8 15.3 4.1 4.3 62.8 1.9 25 3.4 11.2 1.8 95.9 NA 64.3 98.4 77.2 45.5 4.8
20130125 91.2 90.2 28.2 12 9.6 7.3 20.7 17.5 1.7 6.9 52.4 0.5 22.4 4.6 16.1 4.8 92.4 NA 74.4 97 49.1 46.8 2.1
20130126 91.2 90.2 27.9 24 9.6 7.1 20.1 11.7 1.4 6.5 55.3 1.9 35.5 5.3 12.5 5 92.4 NA 74.3 97 79.5 45 3.7
20130127 98.4 90.3 30.9 41.2 11 16.7 28.7 16.4 2.4 5.5 55.7 0.7 47.7 15 16.1 4.8 100 NA 84.2 100 83.8 51.5 0.1
20130128 98.4 90.3 28.9 37.8 4.9 12.2 25.9 3.5 0.3 0.2 42.1 0.2 45.7 8.5 14.6 1.2 100 NA 84.3 100 24.8 46.6 1.5
20130129 96.6 63.2 9.4 19.1 4 3.9 7.1 4.1 0.6 0.1 40.4 0 35.2 4.7 15.1 1.1 99.9 NA 56.7 100 23.7 35.1 0.4
20130130 90.7 50 7.6 13.1 5.5 1.8 2.4 0.1 0 0.9 46.5 0 21.8 3.5 12.6 0.2 79.1 NA 50.3 100 18.3 33 0.1
20130131 92.3 45.6 3.8 0.9 5.4 2 2.2 0.2 1.2 3.7 47.4 0 13.6 1.3 7.3 0.4 85.4 NA 45.2 100 21 31.3 0
20130201 97.5 30.7 4.6 3.3 6.8 2.4 2.6 15.3 4.2 8 52.2 0 14.1 8 10 1.4 87.3 NA 47.1 99.9 41.2 40 0
20130202 98.1 23.4 5.3 3.8 13 2.9 3.2 14.8 2.6 5.3 46.5 0 16.2 9.2 17.4 6.4 87.3 NA 48.7 100 74.3 51.6 0.7
20130203 96.9 29.5 5.5 3.6 11.1 3 4 15.2 2.8 5.4 52.7 0 16.8 7.1 18.4 10.6 87.1 NA 67.9 100 83.6 55.7 0.6
20130204 97 75.5 10.2 4.6 13 7.7 13.3 12.9 2.7 1.9 42.2 0 26.1 4.3 16.9 7.4 96 NA 77.3 100 88.1 60.1 0.3
20130205 98.5 90.4 77.6 48.6 16.1 18.2 31.1 19.7 5.3 6.2 50.8 0.7 27.3 26.4 30 12.5 95.3 NA 90.3 100 90.1 64.9 1.4
20130206 98.2 83.6 72.6 25 11.7 8.8 20.8 9.8 4 5.1 47.8 0.1 23.9 18.2 25 10.9 95.4 NA 86.7 100 91.4 51 0.4
20130207 97.7 90.2 76.5 44.1 16.1 11.3 22.1 8.7 3.4 6.4 46 1.2 34.9 23.4 25.2 10.4 97 NA 88.7 100 95.6 67.2 2.2
20130208 99.7 87.3 65.9 28.5 6.6 11.2 11.7 9 3.6 2.5 46.3 1 30.9 16.3 21.3 11.3 93.5 NA 71.2 100 81.2 45 1
20130209 99.3 91.9 74.8 29.9 6.8 12.4 16.1 7.8 3.5 9 62 2.4 52 14.1 34.3 19.7 89.9 NA 71.8 100 93.8 60.4 4.2
20130210 99.1 85.7 87.4 58.6 16.8 14 27.2 8.4 3.3 7.7 58.2 2.4 56.1 14.2 30.5 17.4 94.4 NA 91.4 100 89.9 68.7 6.6
20130211 97.3 85.2 71.7 49.4 4.2 6.8 12.2 0.6 0 0.4 35.9 1.5 49 8.3 13.7 6 94.4 NA 72.7 100 66.3 45.9 5
20130212 89.4 90.4 58.4 8.5 4.1 1.1 5.5 0 0 2.3 24.3 0 32.3 5.6 15.1 3.3 93.6 NA 69.4 100 68.2 35 0
20130213 88 48.5 55 9.7 4.5 1.2 10.8 0.5 0 3.5 36.3 0 26 3.5 12.3 4.9 83.1 NA 68.6 100 65.5 38.7 0
20130214 90 46.7 51.8 6.3 4.1 1.3 11.8 0.2 0 0.6 33.7 0 30.1 6.5 12.4 8.1 90.1 NA 65.8 100 87.7 40.7 1.5
20130215 88.4 33.8 46.5 4.7 9.5 1.7 10.3 0.3 0 0.8 35.4 0 30.1 6.9 11.9 6.7 82.5 NA 60.5 100 83.3 37.8 0.7
20130216 94 32.1 47 4.7 9 1.7 4 0.5 0.1 3.5 35.3 0 24.9 17.5 16.6 7.9 82.5 NA 57.5 100 81.9 36.3 0.5
20130217 94.7 66 70.7 22.9 10.4 11.1 16.1 2 0.9 3 56 1 44.2 76.4 55.1 14.2 92.3 NA 79 99.8 94.3 58.6 1.3
20130218 97.9 83.4 83.4 39.6 38.2 32.8 35.7 17.9 6.9 10.3 73.2 2.3 67.9 38.9 40.7 27.6 96.8 NA 93.9 100 97.2 62 6.2
20130219 92.4 89.6 83.5 32.5 26 24 22.9 0.9 0.1 1.5 45.8 1.1 51.1 20.5 18.9 14.8 97 NA 93.1 100 97 60.7 1.1
20130220 87.2 60.8 59.3 13.8 13.7 5.6 22.9 8.2 1.1 5 36.8 0 29.7 14.8 15.3 8 82.8 NA 81.2 100 77 41.1 0.8
20130221 92.3 75 61.1 15.5 15.6 5.7 24.6 9.4 2.5 5.5 40.9 0 51.8 14.8 17.3 11.5 91.3 NA 83.2 100 89.1 43.9 2.5
20130222 94.7 84.9 85.1 77.1 28.2 30.1 30.5 13.7 3.2 4.1 56.2 1.2 59.7 23.1 17.2 14.9 94.4 NA 86.9 100 76.8 68.8 4.7
20130223 97.7 82.3 84.7 77.1 12.5 10.8 26.9 19.2 2.3 7.6 61.7 1.8 67 15.1 14.7 15.3 93.8 NA 91.2 100 69.8 63.9 6.6
20130224 97.7 77.9 79.6 44.3 17.8 6.8 25.6 18.8 3.1 7.5 60.9 0 34.2 18.9 15.3 20.2 93.7 NA 80.4 100 92.6 53.3 0.1
20130225 96.1 54.1 78.7 52.6 14.2 2.7 21.9 3.3 0.1 3.7 53.5 0 34.3 11.5 16.9 11.8 92.4 NA 74.2 100 91.4 47.3 0.1
20130226 97.4 54 77.2 38.9 16.6 2.6 31.7 3.4 0 1.2 55 0 39.1 19.7 20.1 10.9 93 NA 90.3 100 90.3 46.7 0.1
20130227 94.2 76.2 76.7 36.5 6.4 4.2 12.2 1.7 0 2.7 51.2 0 38.4 14.7 12.7 7.1 79.4 NA 72.7 100 82.8 45 0.1
20130228 83 72.6 74.6 37.4 4.4 3.4 11.2 0.9 0 3.5 33.9 0 35.5 12.5 12.1 5.2 67.2 NA 67.1 99.6 67.9 43.1 0.1
20130301 84.9 62 72.1 32 4.8 2 2.2 0.8 0 2.7 38.6 0 37.8 5.9 9.4 3.7 77.7 NA 46.9 99.6 65 41.5 0.3
20130302 84.8 48.4 62.7 31.1 5.7 4.1 4.1 0 0 3.9 43.5 0 33.8 5.2 9.6 4.8 68.8 NA 58.2 99.6 76.3 44.5 0.4
20130303 91.9 78.4 74.7 46.9 7.6 10 14.9 0.3 6.2 10.7 60.8 0.2 52.7 89.2 40.4 15.2 84 NA 78.6 99.4 92.5 56.6 1.6
20130304 96.3 58.9 71.6 29.8 15.3 7.5 19.9 5.5 4.9 9.7 41.7 0 42.1 21.6 14.8 10.4 73.4 NA 83 99.7 79.9 65.6 0.1
20130305 98 58.2 75 57.1 12.4 5.5 19.4 0.3 0.4 2.4 58 0 29.9 18.5 15.1 14.1 78.2 NA 82.3 99.9 94 75.7 0.1
20130306 96.1 59.2 73.7 45 9.7 3.1 13.2 0.3 0.5 3 57.7 0 33.4 31.2 14.3 11.8 70.1 NA 74 100 91.1 64.8 0.4
20130307 98.2 54.7 76.3 42.7 9.6 3.2 14.2 1.8 0.9 8.8 54.6 0 34.7 24.8 22.9 11.1 63.7 NA 78.9 100 89.7 63.1 0.2
20130308 96.2 39.4 35.2 21.8 6.7 0.7 14.7 0.4 1.4 5 42.9 0 19.3 20.2 17.1 11 63.1 NA 81.2 100 82.2 57.3 0.6
20130309 96.9 52.3 38.5 19 8.2 1.2 9.1 0.4 0 2.3 42.4 0 19.9 14 15.6 7.6 63.8 NA 67.4 100 86.1 46.3 0.8
20130310 91.8 50.1 37.3 27.1 9.2 1.2 9.1 1.5 0 0.5 34 0 20.4 9.5 10.5 11.6 69.1 NA 66.1 100 86.1 45.6 0.4
20130311 92.1 27.7 30.9 23.4 9.7 2.4 8.1 1.4 0 0.5 31.4 0 20.9 8.1 10.5 5.4 42 NA 66.8 100 87.5 36.5 0.2
20130312 84.2 25.7 31.5 22.9 6.6 1.4 7.4 1.2 0 1.5 32.6 0 24.8 9.3 10.9 3.4 50.7 NA 67 100 67.4 37.2 0
20130313 81.8 12.6 5.2 2.8 7.5 0.5 5.2 0.8 0 2.2 29.9 0 16.7 9.2 13 6.1 38.6 NA 49.3 100 70.9 34.8 0
20130314 83.2 0.1 2.3 2.6 5.7 0.8 1.7 0.9 0 1.6 28.1 0 11.3 5 11.2 5.5 7.1 NA 41.6 99.1 73.7 34.3 0.1
20130315 83.2 0.2 0.5 2.4 6.3 0.8 4.9 0.2 0 1.6 28.3 0 9 20.6 14.2 7.1 3.1 NA 41 99.6 64.7 39.4 0
20130316 83 0 0 2.6 5.6 1 2.4 0.1 0 1.6 28.8 0 8.9 18.5 14 5.6 2.7 NA 44.2 100 64.3 37.8 0.1
20130317 81.3 0.1 0 2.4 5.6 0.7 1.7 0 0 0.5 39.8 0 8.9 16 21.7 6.5 4.6 NA 44.7 99.4 92 34.3 0
20130318 91.5 0 0 2.9 8.9 0.8 1.2 0 0 2.1 37.4 0 12.9 41.1 25.8 13.1 0 NA 37.5 99 91.7 44.5 0.1
20130319 91.5 0 0 2 6.4 0.4 3.2 0 0 1 33.9 0 9.6 23.4 15.1 10.4 1 NA 51.7 100 61.4 37.5 0
20130320 79.2 0 0 1.5 5.9 0.4 2.3 0.5 1.3 2.2 33.3 0 12.3 9.5 12 6 1.6 NA 54.6 99.8 60.6 32.8 0.1
20130321 81.6 2.1 0 3.7 9.9 0.5 3.5 0.3 1.2 2.7 31.1 0 10.9 14.7 14.1 6.4 55.4 NA 54.3 99.8 69.7 31.9 0.1
20130322 85.3 2.5 0 3.5 9.9 0.5 4.9 0 0.2 1.1 37.7 0 8.8 38.6 18.8 7.5 54.6 NA 54.4 99.7 85.8 34.8 0.1
20130323 85.3 2.4 0 3.5 8.2 0.7 4.7 0 0 1.3 38.6 0 10 39.8 16.2 6.9 50 NA 54.6 99.8 81.4 40.2 0.1
20130324 79.7 1 0 3.6 6.8 0.7 2.9 0 0 1 31.3 0 10.7 34.9 13.5 4.3 45.6 NA 50.1 99.8 64.4 36.5 0.1
20130325 85.6 0 1.2 2.3 3.1 0 6.5 0 0 0.4 21.1 0 8.3 13.7 9.5 2.1 33.2 NA 41.7 99.6 57.3 29.6 0
20130326 76.5 0 0 1.3 5.3 0.4 0.7 0 0 0.7 21.8 0 4.7 11.5 8 2.1 0 NA 29.3 99 59.4 25.6 0
20130327 72.6 0 0 1.5 2.4 0.2 0.7 0 0 0.6 17 0 5 5.1 8 1.9 0 NA 28.8 99.6 56.1 26.9 0
20130328 73 0 0 1.3 2.5 0.2 1 0 1.1 0.6 17.2 0 5.7 12.3 8.8 1.9 0 NA 26.3 99.6 57.7 24.2 0
20130329 80.9 0 0 1.4 2.2 0.2 1 0 0 1.1 17 0 7.3 40.7 11.5 5.8 0 NA 26.6 99.6 66 24.1 0
20130330 77.2 0 0 1 2.6 0.1 0.9 0 0 0.8 17 0 5.4 36.9 12.4 3.7 0 NA 21.8 99.3 65.1 24 0
20130331 75.3 0 0 0.8 3 0.2 0.8 0 0 0.8 19.6 0 7.5 22.3 11.1 2.9 0 NA 22.5 99 65.8 24.1 0
20130401 77.9 0 0 0.8 2.5 0.2 0.8 0 0 1.3 18.4 0 6.5 4.6 9.4 2.5 0 NA 20.7 98.3 71.2 23.5 0
20130402 73.7 0 0 0 2.2 0.2 0.2 0 0 0.9 8.9 0 9.7 4.5 5.3 1.5 0 NA 6.1 98.8 49.9 23.9 0.1
20130403 67.3 0 0 0.4 2.2 0.3 0.2 0 0 0.6 9.2 0 7 4.9 6 1.2 0 NA 0 98.8 44.7 23.1 0
20130404 65.1 0 0 0.4 1.7 0.1 0.3 0 0 0.4 9.4 0 0.5 4.9 6.4 1.2 0 NA 0.2 96.5 44.1 23.6 0
20130405 66 0 0 0.3 1.7 0 0.4 0 0 0.4 9.8 0 0.1 4.2 6.7 1 0 NA 0.1 97 45.3 24.3 0
20130406 69.8 0 0 0.3 1.9 0 0.3 0 0 0.2 9.2 0 0.1 5 8.2 1 0 NA 0 99.1 49.3 23.9 0
20130407 69.9 0 0 0.4 2.1 0.4 0 0 0 0.2 9 0 0 2.8 7 1.6 0 NA 0 100 54.1 23.7 0
20130408 63.6 0 0 0.4 1.9 0.2 0 0 0 0 16 0 0 4.8 7.4 1.7 0 NA 0 100 57.4 24.7 0
20130409 64.4 0 0 0 1.4 0 0 0 0 0 14.6 0 0 5.1 6.8 1.1 0 NA 0 97.9 63.6 21.9 0
20130410 58.7 0 0 0 1 0 0 0 0 0 16.6 0 0 2.6 5.8 0.9 0 NA 0 96.2 62.7 21.5 0
20130411 57.2 0 0 0.2 1 0 0 0 0 0 11.3 0 0 0.7 4.9 0.8 0 NA 0 95.7 57.7 22.1 0
20130412 56.4 0 0 0 0.3 0 0 0 0 0 5.4 0 0 0.7 4.6 0.9 0 NA 0 88.1 41.6 19.4 0
20130413 56.7 0 0 0 0.3 0 0 0 0 0.1 5.4 0 0 0.7 4.6 0.9 0 NA 0 87.4 41.2 19.4 0
20130414 57 0 0 0 0.3 0 0 0 0 0.1 6.5 0 0 0.9 4.5 1.4 0 NA 0 88.2 39.7 19.2 0
20130415 57.3 0 0 0 0.2 0 0 0 0 0 1.1 0 0 0.5 4.1 1 0 NA 0 82.1 35.9 20.3 0
20130416 56.7 0 0 0 0.2 0 0 0 0 0 1.6 0 0 0.5 4.2 1 0 NA 0 82 36.1 20 0
20130417 58.7 0 0 0 0.3 0 0 0 0 0 0.6 0 0 0.5 4.5 0.9 0 NA 0 86.6 46.6 18.9 0
20130418 56.8 0 0 0 0.1 0 0 0 0 0 0.4 0 0 0.7 4.1 0.6 0 NA 0 86.3 45.4 19.3 0
20130419 47.3 0 0 0 0.2 0 0 0 0 0 0.6 0 0 0.6 4.1 0.7 0 NA 0 82.2 44.9 17.8 0
20130420 30.5 0 0 0 0.1 0 0 0 0 0.3 0 0 0 0 5.4 0.2 0 NA 0 80.8 50.9 18.6 0
20130421 36.6 0 0 0 0.1 0 0 0 0 0 0 0 0 0.1 5 0.5 0 NA 0 81.1 33.4 13.7 0
20130422 32.9 0 0 0 0 0 0 0 0 0 0 0 0 1.1 4.1 0.6 0 NA 0 62.5 25.1 13.8 0
20130423 35.3 0 0 0 0 0 0 0 0 0 0 0 0 1.2 4.3 0.6 0 NA 0 62.5 27.2 12.7 0
20130424 26 0 0 0 0 0 0 0 0 0 0 0 0 0.9 4.3 0.3 0 NA 0 56.4 15.3 13.3 0
20130425 19 0 0 0 0 0 0 0 0 0 0 0 0 1.2 3.6 0.3 0 NA 0 68 15.7 13.1 0
20130426 15.1 0 0 0 0 0 0 0 0 0 0 0 0 0.9 3.6 0.3 0 NA 0 64.2 9.2 10.1 0
20130427 15.7 0 0 0 0 0 0 0 0 0 0 0 0 0.9 3.5 0.2 0 NA 0 60.2 10.9 9.3 0
20130428 7.5 0 0 0 0 0 0 0 0 0 0 0 0 0.9 3.1 0.2 0 NA 0 60.7 10.5 8.8 0
20130429 4.6 0 0 0 0 0 0 0 0 0 0 0 0 0.4 3.4 0.4 0 NA 0 48.1 3.5 7.3 0
20130430 1.9 0 0 0 0 0 0 0 0 0 0 0 0 0.2 3.5 0.4 0 NA 0 47.3 3.2 5.1 0
20130501 0.7 0 0 0 0 0 0 0 0 0 0 0 0 0.3 3.4 0.1 0 NA 0 24.2 3.2 2 0
20130502 0 0 0 0 0 0 0 0 0 0 0 0 0 0.1 3.1 0.1 0 NA 0 7.1 2.3 1.4 0
20130503 0 0 0 0 0 0 0 0 0 0 0 0 0 0.2 3.1 0.1 0 NA 0 7.1 2.1 1.4 0
20130504 0 0 0 0 0 0 0 0 0 0 0 0 0 1.1 3 0.1 0 NA 0 12.4 2.7 2.2 0
20130505 0 0 0 0 0 0 0 0 0 0 0 0 0 0.4 2.8 0.1 0 NA 0 0 0.7 0 0
20130506 0 0 0 0 0 0 0 0 0 0 0 0 0 0 2.8 0 0 NA 0 0.6 0 0 0
20130507 0 0 0 0 0 0 0 0 0 0 0 0 0 0 3 0.1 0 NA 0 0 0 0 0
20130508 0 0 0 0 0 0 0 0 0 0 0 0 0 0 2.9 0.1 0 NA 0 0 0 0 0
20130509 0 0 0 0 0 0 0 0 0 0 0 0 0 0 2.9 0 0 NA 0 0 0 0 0
20130510 0 0 0 0 0 0 0 0 0 0 0 0 0 0 2.7 0 0 NA 0 0 0 0 0
20130511 0 0 0 0 0 0 0 0 0 0 0 0 0 0 2.7 0 0 NA 0 0 0 0 0
20130512 0 0 0 0 0 0 0 0 0 0 0 0 0 0 2.7 0 0 NA 0 0 0 0 0
20130513 0 0 0 0 0 0 0 0 0 0 0 0 0 0 2.3 0 0 NA 0 0 0 0 0
20130514 0 0 0 0 0 0 0 0 0 0 0 0 0 0 2.3 0 0 NA 0 0 0 0 0
20130515 0 0 0 0 0 0 0 0 0 0 0 0 0 0 2 0 0 NA 0 0 0 0 0
20130516 0 0 0 0 0 0 0 0 0 0 0 0 0 0 1.9 0 0 NA 0 0 0 0 0
20130517 0 0 0 0 0 0 0 0 0 0 0 0 0 0 1.8 0 0 NA 0 0 0 0 0
20130518 0 0 0 0 0 0 0 0 0 0 0 0 0 0 1.7 0 0 NA 0 0 0 0 0
20130519 0 0 0 0 0 0 0 0 0 0 0 0 0 0 1.6 0 0 NA 0 0 0 0 0
20130520 0 0 0 0 0 0 0 0 0 0 0 0 0 0 1.7 0 0 NA 0 0 0 0 0
20130521 0 0 0 0 0 0 0 0 0 0 0 0 0 0 1.7 0 0 NA 0 0 0 0 0
20130522 0 0 0 0 0 0 0 0 0 0 0 0 0 0 0.5 0 0 NA 0 0 0 0 0
20130523 0 0 0 0 0 0 0 0 0 0 0 0 0 0 0.5 0 0 NA 0 0 0 0 0
20130524 0 0 0 0 0 0 0 0 0 0 0 0 0 0 0.4 0 0 NA 0 0 0 0 0
20130525 0 0 0 0 0 0 0 0 0 0 0 0 0 0 0.4 0 0 NA 0 0 0 0 0
20130526 0 0 0 0 0 0 0 0 0 0 0 0 0 0 0.3 0 0 NA 0 0 0 0 0
20130527 0 0 0 0 0 0 0 0 0 0 0 0 0 0 0.2 0 0 NA 0 0 0 0 0
20130528 0 0 0 0 0 0 0 0 0 0 0 0 0 0 0 0 0 NA 0 0 0 0 0
