20201122 0 0 0 0 0 0 0 0 0 0 0 0 0 0 0.5 0 0 NA 0 0 0 0 0
20201123 0 0 0 0 0 0 0 0 0 0 0 0 0 0 0.4 0 0 NA 0 0 0 0 0
20201124 0 0 0 0 0 0 0 0 0 0 0 0 0 0 0.5 0 0 NA 0 0 0 0 0
20201125 0 0 0 0 0 0 0 0 0 0 0 0 0 0 0.4 0 0 NA 0 0 0 0 0
20201126 0 0 0 0 0 0 0 0 0 0 0 0 0 0 0.5 0 0 NA 0 1.4 0 0 0
20201127 0 0 0 0 0 0 0 0 0 0 0 0 0 0 0.5 0 0 NA 0 1.3 0 0 0
20201128 0 0 0 0 0 0 0 0 0 0 0 0 0 0 0.4 0 0 NA 0 1.7 0 0 0
20201129 0 0 0 0 0 0 0 0 0 0 0 0 0 0 0.5 0 0 NA 0 1.2 0 0 0
20201130 0 0 0 0 0 0 0 0 0 0 0 0 0 0 0.4 0 0 NA 0 1.2 0 0 0
20201201 0 0 0 0 0 0 0 0 0 0 0 0 0 0 0.7 0 0 NA 0 1.1 0 0 0
20201202 0 0 0 0 0 0 0 0 0 0 0 0 0 0 0.8 0 0 NA 0 1.1 0 0 0
20201203 0 0 0 0 0 0 0 0 0 0 0 0 0 0 0.8 0 0 NA 0 1.2 0 0 0
20201204 0 0 0 0 0 0 0 0 0 0 0 0 0 0 0.5 0 0 NA 0 0.1 0 0 0
20201205 0 0 0 0 0 0 0 0 0 0 0 0 0 0 0.6 0 0 NA 0 0 0 0 0
20201206 0 0 0 0 0 0 0 0 0 0 0 0 0 0 1 0 0 NA 0 0 0 0 0
20201207 0 0 0 0 0 0 0 0 0 0 0 0 0 0 0.9 0 0 NA 0 0.6 0 0 0
20201208 0 0 0 0 0 0 0 0 0 0 0 0 0 0 1 0 0 NA 0 1.9 0.1 0 0
20201209 0 0 0 0 0 0 0 0 0 0 0 0 0 0 0.8 0 0 NA 0 1.3 0 0 0
20201210 0 0 0 0 0 0 0 0 0 0 0 0 0 0 0.9 0 0 NA 0 1.3 0 0 0
20201211 0 0 0 0 0 0 0 0 0 0 0 0 0 0 0.9 0 0 NA 0 2.3 0 0.1 0
20201212 0 0 0 0 0 0 0 0 0 0 0 0 0 0 0.8 0 0 NA 0 3.3 0 0.1 0
20201213 0 0 0 0 0 0 0 0 0 0 0 0 0 0 1.1 0 0 NA 0 3.3 0 0.1 0
20201214 0 0 0 0 0 0 0 0 0 0 0 0 0 0 1.6 0 0 NA 0 3.8 0 0.1 0
20201215 2.2 0 0 0 0 0 0 0 0 0 0 0 0 0 1.7 0 0 NA 0.2 4.4 0.5 0.4 0
20201216 4.2 0 0 0 0 0 0 0 0 0 0 0 0.3 0.1 2.1 0 0 NA 1.1 7.6 1.2 0.5 0
20201217 5.7 0 0 0 0 0 0 0 0 0 0 0 2.4 0.1 1.9 0 0 NA 1.1 14.5 1.7 0.7 0.1
20201218 9.4 0 0 0 0 0 0 0 0 0 0 0 2.9 0 2 0 0 NA 1.3 16.4 1.9 2 0
20201219 11.7 0 0 0.4 0.1 0 0.1 0 0 0 0 0 3.6 0 2.2 0 0 NA 6.8 23.7 2.4 1.5 0
20201220 7.3 0 0 0.3 0 0 0 0 0 0 0 0 3.7 0.2 2.2 0 0 NA 3.2 22.3 1.2 2.2 0
20201221 4.1 0 0 0 0 0 0 0 0 0 0 0 3.7 0.4 2.1 0 0 NA 1.3 15.6 3 2.2 0.1
20201222 3.9 0 0 0 0 0 0 0 0 0 0 0 3.7 0.1 1.9 0 0 NA 1.3 15.6 3 1.8 0.1
20201223 2.6 0 0 0 0.2 0 0 0 0 0 0 0 3.7 0.1 1.9 0 0 NA 1.4 11.4 2.2 1.4 0.1
20201224 4.1 0 0 0 0.1 0 0.2 0 0 0.1 0 0 2.2 0.2 2.2 0.1 0 NA 0.5 10.1 1.2 1.4 0
20201225 12 0 0 0 0.2 0 0.2 0 0 0 0.2 0 3.1 2 2.7 0.1 0 NA 1.5 16.4 2 2 0.1
20201226 12.9 0 0 0.4 0.2 0.5 0.2 0 0 0 0.2 0 3.1 2.2 2.9 0.1 0 NA 2.1 16.4 2 3 0.1
20201227 21.7 5.8 0 1 0.2 0.4 0.4 0 0 0 0.3 0 3.5 2.6 3.8 0.2 8.7 NA 33.1 39.4 4.5 5.1 0.1
20201228 16.9 2.2 0 1 0 0.4 0 0 0 0 0 0 3.5 0.7 3.3 0.1 1.7 NA 16.5 22.3 1.9 4.7 0.1
20201229 21.5 2.2 0 0.2 0.2 0.4 0 0 0 0 0.9 0 2.6 4 3.1 0.1 1.7 NA 16.5 35.3 5 5.7 0
20201230 22.3 2.2 0 0.5 0.1 0.5 0.4 0 0 0.1 0.1 0 2.6 4 4.5 0.1 0.2 NA 26.8 34.6 3.8 3.6 0
20201231 19.1 1.1 0 0 0.1 0.3 0.2 0 0 0 0 0 2.5 0.2 3 0.1 0.1 NA 24.2 32.6 2.9 3 0
20210101 24.3 0.7 0 0 0.2 0.2 2.9 0 0 0 0.2 0 2.6 2.5 5.4 0.1 0.3 NA 57.2 33.1 5.4 2.8 0.1
20210102 28.2 0.9 0 0.1 0.6 0.1 0.3 0 0 0 4.4 0 3.2 2.2 5.7 0.1 4.2 NA 33.5 39.5 3.9 6 0
20210103 25 0.4 0 0 0.1 0.2 0 0 0 0 0.5 0 3.2 1.2 4.7 0.1 0.6 NA 30.7 43 3.4 4.7 0.1
20210104 26.4 0.4 0 0 0.1 0.2 1.1 0 0 0 0.2 0 3.3 0.2 4.1 0.1 0.2 NA 35.4 35.4 4.2 3.8 0.1
20210105 24.5 0.4 0 0 0.1 0.2 0.1 0 0 0 0.1 0 2.9 1.4 3.8 0.1 0.1 NA 34.3 28.7 1.4 3 0
20210106 30.6 0.4 0 0 0.4 0.2 0.1 0 0 0.1 0.6 0 2.9 0.5 3.4 0.1 0.1 NA 34.3 33.9 2.2 3.2 0
20210107 34 0.4 0 0 0.1 0.2 0.1 0 0 0 0.3 0 2.9 0.4 4.3 0.1 0.1 NA 18.7 34.7 1.8 2.8 0
20210108 34.2 0 0 0 0.4 0.1 0.1 0 0 0.1 1.7 0 3.1 3.5 6.7 0.1 0.5 NA 14.8 35.7 1.7 6.3 0.1
20210109 27.2 0.3 0 0.4 1.7 0.3 0.4 0 0 0.1 2.9 0 3.5 1.8 5.6 0.1 0.2 NA 29.4 57.5 2.2 10.6 0.1
20210110 26.7 0 0 1 0.3 0.3 0.6 0 0 0 0 0 5.6 0.4 4.1 0.1 0.1 NA 32 47.2 3.5 5.9 0.1
20210111 28.5 0.2 0 1.5 0.4 0.1 0.2 0 0 0 0.1 0 4.8 0.7 3.9 0.1 0.1 NA 37.4 62.3 3.6 7.5 0.1
20210112 27.3 0 0 0.4 0.4 0.2 0 0 0 0 0.1 0 5.1 0 3.2 0.1 1.5 NA 28.6 62.3 3.6 4 0.1
20210113 20.5 0.4 0 0 0.1 0.1 0 0 0 0 0.1 0 5.1 1.2 3.2 0.1 0.1 NA 30.6 34.3 3.2 3.9 0.1
20210114 27.8 0.4 0 0 0.2 0.1 0 0 0 0 0.1 0 5 1.5 3.2 0.1 0.1 NA 30.6 38 3.2 3.9 0.1
20210115 20.3 0.2 0 0 0.3 0.2 0 0 0 0 0 0 4.8 0 3 0.1 0.1 NA 23.5 36.8 3.8 4.4 0.1
20210116 19.6 0.2 0 0 0.2 0.1 0 0 0 0 0 0 4.5 0 2.5 0.1 0.7 NA 11.4 32.6 2.6 3.9 0.1
20210117 21.9 0 0 0 0.2 0.1 0 0 0 0 0 0 2.9 0 2.5 0.1 0.4 NA 8.4 23.6 1.2 2.9 0.1
20210118 17.8 0 0 0 0.1 0.1 0 0 0 0.2 0 0 3.2 0 3.1 0.1 0.2 NA 25.8 34 2 4.7 0.1
20210119 16.7 0 0 0 0.1 0.2 0 0 0 0 0 0 3.2 0 3.3 0.1 0.2 NA 25.8 34 2 6.9 0.1
20210120 18.2 5 2 2.7 2.9 1.8 2.1 0 0 0 0 1 5.5 4.8 6.3 2.3 5.2 NA 28 35.6 6.8 9.3 0.4
20210121 25 1.8 0 0 0.2 0.3 0.3 0 0 0 0.3 0 3.4 0.5 3.4 0.1 10.5 NA 39 34.5 4.4 6.8 0.1
20210122 41.7 0.4 0 0 0.3 0.3 0.7 0 0 0.3 3.1 0 3.8 0.3 3.8 0.1 2.5 NA 51.8 42 9.8 5.4 0
20210123 45.5 0.5 0 0 0.6 1.1 2.5 2.3 1.7 1.3 4 0 4 2.6 7.1 0.6 30.5 NA 50.2 42.3 9.1 16.7 0
20210124 71.7 34.5 1.3 2.2 5.4 1.9 12.1 2.6 0.3 1.4 7.1 0 4.5 7.1 11.3 0.7 36.9 NA 67.1 82.3 17.9 27.7 0
20210125 66.2 48.2 0.6 2 4.5 0.6 9.6 2.6 0.2 1 7.5 0 4.8 2.5 7.5 0.1 33.5 NA 67.6 84.3 17.1 21.2 0.1
20210126 62.7 19.6 0 2.1 4.5 0.6 9.6 2.6 0 0.8 7.5 0 8.6 2.4 7.5 0.1 24.9 NA 67.6 85.3 16.9 13.6 0.1
20210127 81.9 13.8 0 1.5 5.3 1.1 7.6 1 0.7 0.9 18.6 0 8.2 5 8 0.3 15.4 NA 63.2 79 16.4 16.9 0.1
20210128 82.7 64.4 0.2 1.3 2.1 1.2 8.4 1.7 1.2 2 22.8 0 8.2 10.9 11.8 0.6 65.2 NA 63.4 96.1 13.3 30.7 0.1
20210129 84.4 57.1 1.3 2.6 3.3 1.5 5.3 4.5 2.1 3.2 14.6 0 7.7 22.4 17.2 1 44 NA 56.5 90.7 17.6 29.4 1.5
20210130 94.1 88.9 10.9 4.8 6.4 1.9 10.9 2.7 0 1.7 40.3 0 18 13.5 18.3 5 87.5 NA 68.9 96.5 35.2 42.8 1.9
20210131 92.6 90.1 7.5 7.9 8 5.3 10.1 1.3 0.1 0.4 36.6 1 15.6 7 11.4 1.4 87.1 NA 63.7 93.6 32.9 44.2 2.3
20210201 88.6 47.4 2.4 6.7 3.5 3.1 8.9 2.3 1.6 1 23.2 0.1 17.7 3 11.1 1.2 64.9 NA 58.9 93.4 39.6 32.3 1.3
20210202 88.9 69 2 8 4.9 2.8 10.8 2.3 1.4 1.1 30.7 0.1 18 3.9 11.6 0.9 78.2 NA 75.7 94.5 35.9 35.3 0.6
20210203 90.4 62.5 2.8 4.9 4.6 2.7 6.1 3.8 1.6 2.2 40.7 0.1 15.7 7.1 8.5 1.1 77.7 NA 78.1 96.5 37.1 35.1 0.4
20210204 90.9 65.9 6.1 4.7 4.2 2.4 9.8 4.8 0.2 0.7 36.6 0.1 15.6 6.6 10.7 1.3 90.8 NA 83.8 96.5 37.1 36.3 0.4
20210205 83.1 58.1 2.4 5.1 2.8 0.5 2.6 8.9 0.9 0.8 22.5 0 12.2 2.2 6.6 0.4 52.5 NA 57.3 98.1 12 20.5 0.1
20210206 79.8 78 27.3 7.5 7.4 0.7 11.8 10 2 5.3 26.5 0 17 5.1 8 2.2 84.2 NA 78.4 85 17.5 19.3 0.1
20210207 93.1 91.7 41.7 16.3 10.4 0.9 23.6 20.4 1.8 3.6 34.1 1.6 22.8 7.1 10.3 3.9 92.9 NA 91.8 91 34.8 28.9 8.2
20210208 95.1 91.8 44.1 13.9 9.3 2.6 13 26 3.9 5.2 35.3 1.7 21.4 8.4 12.6 4.6 92.9 NA 90.4 86.8 35.5 33.4 5.2
20210209 95 91.8 85.8 53 12.8 7.2 31.9 21.4 2.9 4.4 41.6 9.6 22.7 10.5 15.9 5.2 94.6 NA 85.9 94.2 48.1 44.3 5.4
20210210 95 95.1 82.3 39.3 11.3 7.7 29.6 22.6 2 1.3 37.2 1.7 25.8 8.3 16.4 5.9 94.6 NA 82 94 66.2 48.4 4.3
20210211 94.2 95.1 82.2 34.8 12.1 7.7 29.8 26.1 4.2 2.5 54.3 2.9 38.9 9.6 17.3 9.6 95.4 NA 84.1 96.9 91.3 56.7 5.1
20210212 95 93.3 77.9 39.4 15.7 20 23.3 30 10.2 6.6 81.9 9.1 39 16.6 25.3 18.3 93.8 NA 75 97.2 85.9 65.1 4.8
20210213 94.5 95.1 80.7 48.1 11.6 14.3 27.5 28.2 7.9 8 63.6 10.9 45 53.7 31.8 18.5 95.4 NA 82.5 98.4 89.8 65.6 6.7
20210214 94.8 95 80.3 52.6 20.3 22.6 39.9 24 6.4 9.1 63.2 4.5 59.5 47.8 34.2 22.5 95.4 NA 92 98.4 93.9 71.4 7.9
20210215 94.3 95.2 81.4 69.3 26.9 14.5 29.3 28.9 8.2 13.3 62.1 6.1 56.7 58 39.3 19.6 95.4 NA 85.6 98.4 94 68 11.4
20210216 94.5 95.2 81.9 63.6 24.5 18.2 28.6 29.3 9.1 14.4 69.1 2.7 56.6 91.2 55.8 23.4 95.4 NA 87.2 98.4 93.9 70.1 9.4
20210217 99.6 92.9 82.6 51.4 15.8 8.7 31 27.6 13.9 17 63.3 4.4 52.6 85.5 50.7 23.3 95.4 NA 92.8 98.5 95.1 63.2 5.6
20210218 99.6 95.3 83.8 60.2 23.3 5.8 39.2 34.3 13.9 17 78.4 7.5 63.1 90.4 60 24 95.4 NA 95.8 98.5 95.3 62.5 11.6
20210219 99.6 95.2 79.2 63.7 36.6 15 33.5 34.9 10 13.2 78.6 13.4 57.9 82.1 63.3 31.2 95.4 NA 95.7 98.5 95.1 70 9.5
20210220 99.5 92.5 87.6 71.4 34.2 13.4 37.9 23.5 5.2 8.5 71.8 4.7 64.7 83.2 67.7 23.3 99.1 NA 90.7 97.8 95.6 74.7 8.2
20210221 99.6 89.5 87.3 48.6 20.9 5.6 40.9 30.4 8.4 9.1 61.9 2 65.8 81.9 64.5 24.8 99.5 NA 87.3 98.6 95.4 69.3 1.7
20210222 99.5 81.7 77.2 31.4 6.7 2.3 22.6 15.4 2.1 2.7 58.1 0.6 38 79.1 53.2 19.4 99.5 NA 79.7 98.6 82.4 59.3 0.2
20210223 97.2 78.8 77.7 22.4 6.5 2.3 22.6 13 0.2 1.1 38.2 0.5 28.1 37.8 50.4 19.2 99.5 NA 79.7 98.6 81.5 45.6 0.1
20210224 97.9 67.6 71.2 28.4 6.4 1.7 27.9 10 0 1 41.9 0.1 27.5 9.8 44.8 14.9 98.9 NA 89.3 98.6 81.5 38.3 0.3
20210225 99.1 63.8 66.2 21.7 9.9 1.2 11.7 6.2 0 1.7 48.5 0.2 22.6 7.6 41.7 12.4 96.2 NA 77.7 98.6 95.5 45.3 0.2
20210226 94 54.1 52.8 16.6 7.6 0.7 8 3.7 0 1.4 38.1 0 28.5 7.2 33.2 18.8 93.5 NA 59 100 87.5 47.8 0.1
20210227 94.4 55.2 52.5 15.2 4 0.6 5.8 2.7 0 0.4 32.7 0 19 6.1 26.8 4.8 88.3 NA 60.1 100 64.1 36.4 0.1
20210228 94.2 52.6 50 18.4 3.2 0.9 5.9 3.4 0.5 0.1 39.2 0 19 5.6 18.9 4.2 91.7 NA 62.7 100 62.6 34.2 0.1
20210301 89.2 37.9 39.6 19.7 2.7 0.6 5.6 2.9 0.6 0.6 29.6 0 17.8 1.4 10.2 3.5 77.2 NA 50.2 100 62.1 29.6 0.1
20210302 90.7 27.8 48.2 9.6 11.4 1.9 4.9 1 0 1.1 41.4 0 21.5 2.6 14.6 9.2 69.2 NA 57 99.8 87.6 34.8 0.1
20210303 87.4 20.3 44.5 14.6 3.9 0.8 2 0.4 0 0.3 24.5 0 21.1 0.6 13 11.3 70.9 NA 60.6 99.8 67.8 41 0.1
20210304 84.5 19.9 39.8 13.3 3.4 1.9 1.7 0.6 0 1.9 36.1 0 24.7 1.8 11.2 11.7 71.1 NA 61.2 99.8 73.3 37.9 0.1
20210305 95.6 16.8 18.3 13.8 3.3 1.7 2 0.5 0 2.6 46.2 0 13.7 5.5 12.1 13 64.2 NA 59.1 99.7 77.9 50.6 0.1
20210306 82.5 12.1 9.9 9.7 2.9 0 2.1 0.8 0 0.8 28.5 0 19.2 10.2 11.2 6.5 54.3 NA 46.8 99.6 71.5 47.3 0.1
20210307 82.8 16.2 13.1 9.9 2.7 0.9 1.2 1.4 0 0.2 31.5 0 47.8 14 15.4 18.2 54 NA 46.8 99.6 86 54 1.3
20210308 89.3 13.2 53.5 21.2 2 4.5 7.1 1.4 0 0.1 34.4 0 48.8 16.8 15.2 10.4 44.6 NA 49.8 99.6 91.5 56.1 4
20210309 90.4 9.8 18.6 23 3.4 1.3 7.2 0.6 0 0 34.5 0 47 7.5 14.9 10.6 55.8 NA 57.7 99.7 75 41.8 2.8
20210310 84.5 8.8 11.5 19.1 2.3 1.2 3 0.7 0 0 32.4 0 36.2 5.4 13.9 7.8 48.1 NA 53.4 99.4 59.7 37.9 0.3
20210311 78 2.7 5.7 18.7 1.7 0.9 2.2 0.1 0 0 22.4 0 17.9 4.2 11.3 7.3 7.9 NA 36.5 99.4 45.2 33.1 0
20210312 73.5 1.6 2.2 13.8 2.9 0 1.1 0 0 0.5 21 0 13.4 0 6 3.1 2.8 NA 34.7 99.4 42.3 26.1 0
20210313 69.9 0.9 1.5 10.9 2.6 0.8 1.1 0.1 0 0.5 22.2 0 12.3 0.2 5.8 3.6 1.8 NA 26.7 97.4 57.4 29.1 0
20210314 68.2 0.7 0.7 8.3 2.3 1.6 1.3 0.1 0.1 0.6 23.9 0 11.1 0.4 5.6 4.1 1 NA 20.1 95 71.2 32.5 0
20210315 63.5 0.3 0 5.4 2.1 2.5 1.4 0.2 0.1 0.6 25.8 0 10.4 0.7 5.6 4.8 0 NA 13.7 93.1 86.1 35.4 0
20210316 53.5 0 0 5.4 1.6 2.5 2.6 0 0 0 31.9 0 10 0.8 6.2 4.4 0 NA 14.6 93.5 82.5 36.9 0
20210317 55.5 0 0 6.2 2 1.1 3.8 0 0 0.3 26.5 0 9.6 1.2 6 4.4 0 NA 2.8 95.8 70.7 33.2 0
20210318 51.2 0 0 7.9 2.9 0.4 3.8 0 0 0.1 27.5 0 10 0 5.1 3 0 NA 1.3 92.6 71.4 33 0
20210319 52.1 0 0 4.5 3.5 0.4 0.1 0 0 0.8 30.6 0 10.9 0.2 4.6 9.9 0 NA 0.2 91.5 90.9 32.6 0
20210320 41 0 2.1 5 4.7 0.2 0.3 0 0 0.1 22.9 0 11.4 0.1 5 5.1 0 NA 0 87.2 71.8 24.3 0
20210321 42.3 0 2.3 20.8 2.9 0.3 0.3 0 0 0 17.6 0 6.4 0 4.6 2.4 0 NA 0 86.4 64.4 23.7 0
20210322 29.2 0 0 2.5 0.7 0 0.2 0 0 0 11 0 5.5 0 4.3 0.9 0 NA 0 88.3 43.1 21.6 0
20210323 13.2 0 0 1.9 1.2 0 0.3 0 0 0 12.3 0 5.7 0 4.1 0.8 0 NA 0 89.9 39.5 21 0
20210324 13.8 0 0 0.8 1.2 0 0.3 0 0 0 16.8 0 5.5 0 3.8 0.8 0 NA 0 92 42.2 20.5 0
20210325 8.6 0 0 0 0.4 0 0.1 0 0 0 11.8 0 3 0 3.7 1 0 NA 0 87.5 35.4 18.3 0
20210326 8.2 0 0 0 1 0 0 0 0 0 15.6 0 4.4 0 2.9 1 0 NA 0 67.8 28.5 18 0
20210327 5.7 0 0 0 0.5 0 0 0 0 0 6.3 0 0 0 3 0.4 0 NA 0 47.8 29.2 16.9 0
20210328 5.3 0 0 0 0.5 0 0 0 0 0 7.9 0 0 0 2.8 0.4 0 NA 0 39.9 33.3 15 0
20210329 1.7 0 0 0 0.3 0 0 0 0 0 4 0 0 0 2.8 0.7 0 NA 0 39.6 25.5 11.9 0
20210330 2.1 0 0 0 0.1 0 0 0 0 0 0.4 0 0 0 2.6 0.2 0 NA 0 38.3 21.1 11.7 0
20210331 0.2 0 0 0 0.2 0 0 0 0 0 0.1 0 0 0 2.6 0.1 0 NA 0 34.2 19.7 9.5 0
20210401 0 0 0 0 0.2 0 0 0 0 0 0 0 0 0 2.6 0.1 0 NA 0 33.8 19.9 7.1 0
20210402 0 0 0 0 0 0 0 0 0 0 0 0 0 0 2.3 0.1 0 NA 0 23.1 19.6 4.7 0
20210403 0 0 0 0 0 0 0 0 0 0 0 0 0 0 2.2 0 0 NA 0 21.8 11.6 4.6 0
20210404 0 0 0 0 0 0 0 0 0 0 0 0 0 0 2.2 0 0 NA 0 19.3 18.3 4.6 0
20210405 0 0 0 0 0 0 0 0 0 0 0 0 0 0 2.2 0 0 NA 0 18 17.2 4.7 0
20210406 0 0 0 0 0 0 0 0 0 0 0 0 0 0 2.3 0 0 NA 0 13.7 12.2 3.8 0
20210407 0 0 0 0 0 0 0 0 0 0 0 0 0 0 2.3 0.1 0 NA 0 9.1 6.2 3 0
20210408 0 0 0 0 0 0 0 0 0 0 0 0 0 0 2.2 0.1 0 NA 0 6.1 4 2.2 0
20210409 0 0 0 0 0 0 0 0 0 0 0 0 0 0 2.1 0 0 NA 0 4.3 1.9 1.4 0
20210410 0 0 0 0 0 0 0 0 0 0 0 0 0 0 2.1 0 0 NA 0 0 1 0 0
20210411 0 0 0 0 0 0 0 0 0 0 0 0 0 0 2.1 0 0 NA 0 0 0 0 0
20210412 0 0 0 0 0 0 0 0 0 0 0 0 0 0 2.1 0 0 NA 0 0 0 0 0
20210413 0 0 0 0 0 0 0 0 0 0 0 0 0 0 1.9 0 0 NA 0 0 0 0 0
20210414 0 0 0 0 0 0 0 0 0 0 0 0 0 0 1.9 0 0 NA 0 0 0 0 0
20210415 0 0 0 0 0 0 0 0 0 0 0 0 0 0 1.9 0 0 NA 0 0 0 0 0
20210416 0 0 0 0 0 0 0 0 0 0 0 0 0 0 1.5 0 0 NA 0 0 0 0 0
20210417 0 0 0 0 0 0 0 0 0 0 0 0 0 0 1.2 0 0 NA 0 0 0 0 0
20210418 0 0 0 0 0 0 0 0 0 0 0 0 0 0 1.2 0 0 NA 0 0 0 0 0
20210419 0 0 0 0 0 0 0 0 0 0 0 0 0 0 1.1 0 0 NA 0 0 0 0 0
20210420 0 0 0 0 0 0 0 0 0 0 0 0 0 0 0.4 0 0 NA 0 0 0 0 0
20210421 0 0 0 0 0 0 0 0 0 0 0 0 0 0 0.4 0 0 NA 0 0 0 0 0
20210422 0 0 0 0 0 0 0 0 0 0 0 0 0 0 0.4 0 0 NA 0 0 0 0 0
20210423 0 0 0 0 0 0 0 0 0 0 0 0 0 0 0.4 0 0 NA 0 0 0 0 0
20210424 0 0 0 0 0 0 0 0 0 0 0 0 0 0 0.3 0 0 NA 0 0 0 0 0
20210425 0 0 0 0 0 0 0 0 0 0 0 0 0 0 0.2 0 0 NA 0 0 0 0 0
20210426 0 0 0 0 0 0 0 0 0 0 0 0 0 0 0.1 0 0 NA 0 0 0 0 0
20210427 0 0 0 0 0 0 0 0 0 0 0 0 0 0 0.1 0 0 NA 0 0 0 0 0
20210428 0 0 0 0 0 0 0 0 0 0 0 0 0 0 0 0 0 NA 0 0 0 0 0
20210429 0 0 0 0 0 0 0 0 0 0 0 0 0 0 0 0 0 NA 0 0 0 0 0
