20211126 0 0 0 0 0 0 0 0 0 0 0 0 0 0 0 0 0 NA 0 0 0 0 0
20211127 0 0 0 0 0 0 0 0 0 0 0 0 0 0 0.4 0 0 NA 0 0 0 0 0
20211128 0 0 0 0 0 0 0 0 0 0 0 0 0 0 0.3 0 0 NA 0 0 0 0 0
20211129 0 0 0 0 0 0 0 0 0 0 0 0 0 0 0.3 0 0 NA 0 1.5 0 0 0
20211130 0 0 0 0 0 0 0 0 0 0 0 0 0 0 0.5 0 0 NA 0 1.5 0 0 0
20211201 0 0 0 0 0 0 0 0 0 0 0 0 0 0 0.5 0 0 NA 0 1.5 0 0 0
20211202 0 0 0 0 0 0 0 0 0 0 0 0 0 0 0.3 0 0 NA 0 1.1 0 0 0
20211203 0 0 0 0 0 0 0 0 0 0 0 0 0 0 0.4 0 0 NA 0 1.1 0 0 0
20211204 0 0 0 0 0 0 0 0 0 0 0 0 0 0 0.9 0 0 NA 0 1.1 0 0 0
20211205 0 0 0 0 0 0 0 0 0 0.2 1.2 0 0 0 1.2 0 0 NA 0 0.9 0 0 0
20211206 2.1 0 0 0 0 0 0 0 0 0.3 1.7 0 0 0 1.1 0 0 NA 0 0.9 0 0 0
20211207 0.4 0 0 0 0 0 0 0 0 0 0 0 0 0 1.3 0 0 NA 0.9 6.7 0.3 0 0
20211208 8.1 0 0 0 0.1 0 0 0 0 0 0.3 0 0 0.1 1.8 0 0 NA 2.3 10.7 1.6 0.1 0
20211209 5.3 0 0 0 0.1 0 0 0 0 0 0 0 0 0 1.8 0 0 NA 2.3 10.7 1.6 0.3 0
20211210 5.3 0 0 0 0.1 0 0 0 0 0 0 0 0 0 2 0 0 NA 2.3 10.7 1.6 0.3 0
20211211 5.4 0 0 0 0.2 0 0 0 0 0 0 0 0 0 2.2 0 0 NA 8.9 8.3 1 0.4 0
20211212 5.7 0 0 0 0.2 0 0 0 0 0 0 0 0 0 2.2 0 0 NA 9.5 9.1 1.4 0.5 0
20211213 5.7 0 0 0 0.2 0 0 0 0 0 0 0 0 0 2.2 0 0 NA 10.6 9.1 1.4 4.3 0
20211214 5.5 0 0 0 0.1 0 0 0 0 0 0 0 0 0 2 0 0 NA 0.3 8.4 0.6 1.7 0
20211215 5.2 0 0 0 0 0 0 0 0 0 0 0 0 0 1.9 0 0 NA 0.2 7.2 0.7 0.1 0
20211216 1 0 0 0 0 0 0 0 0 0 0 0 0 0 1.7 0 0 NA 0.2 2.3 0.2 0 0
20211217 0.5 0 0 0 0 0 0 0 0 0 0 0 0 0 1.6 0 0 NA 0.2 2.3 0.2 0 0
20211218 1.8 0 0 0 0 0 0 0 0 0 0 0 0 0 1.7 0 0 NA 0.2 2.8 0.5 0 0
20211219 2.3 0 0 0 0 0 0 0 0 0 0 0 0 0 1.6 0 0 NA 0.1 2.8 0.2 0 0
20211220 3.2 0 0 0 0.1 0 0 0 0 0 0 0 0 0 2 0.1 0 NA 0.3 9.1 0.6 1.1 0
20211221 12 0 0 0 0.1 0 0 0 0 0 0 0 0 0 2.2 0.1 0 NA 0.3 9.1 0.6 0.2 0
20211222 12.5 0 0 0 0.1 0 0 0 0 0 0 0 0 0.4 2.6 0.1 0 NA 0.3 10.5 2 0.3 0
20211223 13.6 0 0 0 0.1 0 0.3 0 0 0.1 1.5 0 0.1 1.1 2.7 0.1 0.7 NA 8.8 25.4 3.8 1.6 0
20211224 20.8 0 0 0.4 0.1 0 0.4 0 0 0 1.3 0 3 1.7 3 0.1 1.7 NA 11.4 27.5 4.7 3.5 0
20211225 21.5 0 0 0 0.1 0 0.3 0 0 0.1 1.3 0 3 0 3.1 0.1 1.7 NA 6.9 27.5 4.7 2.9 0
20211226 19.6 0 0 0 0.4 0.2 0 0 0 0.5 2.2 0 1.7 0 2.9 0.1 0 NA 7 28.3 2.1 3.2 0
20211227 17.6 0 0 0 0.4 0.2 0 0 0 0.5 2.1 0 1.7 0 2.8 0.1 0 NA 6.2 28.3 2.3 3.2 0
20211228 19.7 0 0 0 0 0.2 0 0 0 0 1.1 0 1.6 1.6 2.6 0.1 0 NA 6.1 25.8 2.8 3.1 0
20211229 20.7 0 0 0 0 0 0 0 0 0 0.3 0 1.6 1.2 2.6 0.1 0 NA 6.1 25.8 2.8 3.4 0
20211230 31.6 0 0 0 0.1 0 0 0 0 0.3 1 0 1.6 1.7 4.1 0.1 0 NA 6.4 27.6 2.6 2.6 0
20211231 35.1 0 0 0 0.1 0 0.1 0 0 0.3 0.1 0 1.6 2.2 4.1 0.1 0 NA 13.5 35.6 1.4 3.3 0
20220101 34.5 0 0 0 0 0 0.1 0 0 0.5 5.4 15.4 5 2.5 4.1 0.1 0 NA 13.5 36 3.7 3.4 0.7
20220102 39.6 0 0 0 0 0 0.1 0 0 0.6 3.6 0 5 2.9 4.1 0.1 0 NA 13.2 41.4 3.7 4.4 0
20220103 62.3 0 0 0 2.2 1.1 2.6 0.3 0.8 3.1 14.8 0 3.6 4.8 7.6 0.9 0 NA 38.5 47.6 7.2 11.4 0
20220104 44.2 0 0 0 0.3 0.1 2.2 0 0 0.1 0.3 0 3.3 5.2 6.5 0.1 2.4 NA 46.8 48.2 5.7 5.8 0
20220105 45.6 0 0 0 0.6 0 2 0 0 0.4 2.9 0 7 1.2 5.1 0.4 2.4 NA 45.5 56.8 4.5 5.9 0.1
20220106 52.1 0 0 0.7 0.6 0 1.4 0 0 0.5 13.8 0 8 1.2 4.5 0.3 10.6 NA 47.3 56.1 4.2 10.4 0.1
20220107 70.9 16.8 0 2.5 2.5 1.4 4.7 0.7 0 1.8 31.1 0 3.8 5.6 7.7 0.3 58.1 NA 52.4 88.7 16.7 18.4 0.1
20220108 81.5 36.4 0 2.5 5 2.7 10.2 3.6 1.3 2.9 21.3 0 7.8 13.4 10.5 1.4 82.5 NA 68.4 93.1 15.7 22.4 0.5
20220109 68.9 36.9 0 2.3 2.7 2.7 10.6 0.5 0.1 1.2 10.4 0 6 3.8 6 0.1 82.5 NA 69.3 73.2 11.4 15.7 0
20220110 90.4 30.8 0 0 3.1 2.8 1.1 0.7 0.1 1.7 10.2 0 8 1.7 5.9 0.1 86.1 NA 56.1 59.9 18.6 18.8 0.9
20220111 92.7 71.1 0.9 6.6 12.1 5.7 11.6 8.3 2.9 6.2 33.9 0.6 8.1 8.8 12.7 0.5 90 NA 60.2 93.3 20.8 37.4 3.5
20220112 78.9 70.1 1.4 2.5 6 1.4 7.7 2.3 0.2 1.8 33.1 0.4 9 9.5 9.4 1 90 NA 65.5 87.1 20.1 17.4 1.5
20220113 92.6 71.6 1.6 2.8 10.5 1.4 7.9 1 0.1 2.5 53 0 9.7 7.1 11.1 1.5 90 NA 70.4 96.3 27.3 21.7 0.3
20220114 92.4 69 0.9 2.8 10.9 1.8 6.1 0 0.1 3.5 53.4 0 9.9 1.1 8.5 0.8 60.9 NA 71.9 96.2 55 39.4 0.2
20220115 92.4 72.3 2.6 3.6 12.1 5.7 11.9 0.7 0.5 4.2 56.1 0 9.7 9.1 13.2 3 73.4 NA 68.5 98 69.2 45.1 2.7
20220116 95.4 81.5 5.6 7.6 13.8 2.1 19.7 0.8 1.2 4.5 47 3.1 26.6 4.9 12 3.1 89.7 NA 83.1 98.2 38.9 40.4 4.1
20220117 94.4 86.6 4.2 10.9 19.3 4.2 17.3 2.2 0 4.8 56.2 0 22.6 3.5 8 0.9 84 NA 73.4 100 45.7 39.2 3.2
20220118 94.4 87.3 4.2 6.6 17.3 4.1 11.8 8.2 1.3 4.6 57.5 0 17.4 4.3 10.2 1.1 86.7 NA 72.2 100 46.3 45.8 1.1
20220119 84.3 60.3 5.5 6 6.8 1.1 9.3 2.4 0.1 1.6 50.2 0 15.1 3.4 9.2 0.6 66.4 NA 72.4 93.5 48.4 32 1.1
20220120 92.8 80.6 11.6 6.3 23.7 5.9 12.4 6.5 0.7 3 56.5 0 14.1 8.8 12.6 1.4 84.2 NA 80.4 99.6 57.9 48.5 0.7
20220121 94.3 88.8 21.7 21.6 31.9 11.4 20.4 10.7 7.7 7.7 59.7 6.3 21.2 13.4 17.1 5.3 93 NA 85.1 99.6 62.1 54.2 4.6
20220122 94.2 93.8 20.2 28.7 26.2 7.1 28.6 12.6 2.7 3.3 52.2 18.4 40.6 17 18.6 5.3 93.5 NA 89.7 99.6 76.2 42.6 12.1
20220123 90.1 83.8 28.8 23.3 23.8 9.5 24.6 14.5 2.5 10.4 46.5 4.9 24.9 7.7 14.7 2.8 95 NA 83.1 99.2 44.7 45.8 3.2
20220124 90.1 87.8 32.6 23.3 22.6 8.7 28 17 2.5 11 49.2 4.9 39.4 9.6 16.3 2.9 95 NA 86.6 99.2 84.3 46 4.9
20220125 93.8 89.8 36.2 34.4 27.9 11.5 26.4 14.9 3.3 8.9 58.3 4.2 28.3 9.2 16.5 5.8 94.7 NA 83.5 99.6 91.1 55.4 4.2
20220126 95.5 93.5 49.3 46.8 41.6 30.6 32.8 19.5 7.1 11.9 65.4 9.1 50.4 9.4 21.1 11 94.9 NA 92 99.7 91.1 66 9.4
20220127 93 93.9 55.2 52.3 9.6 5.2 31.3 22.8 4 5.5 54.5 9.1 56.6 5.9 13.8 5.5 95 NA 93.7 99.7 86.6 41.2 9.7
20220128 90.2 94 48.2 40 30.7 20.3 28.4 22.8 14.6 11.9 68.1 3.9 42.2 10.4 16.8 7.3 96.6 NA 87.7 100 95.5 59.4 4.9
20220129 95.7 94.1 78.2 58.5 43.7 45.1 32.5 22.8 15.1 24.4 72.3 9.6 66.8 22 17.9 13.1 96.6 NA 90.4 100 95.8 65.1 10.6
20220130 95.7 94.1 89.6 71.9 42.9 22.9 40.4 25.7 6 27.9 87.3 12.7 80.1 20.9 24.5 20.6 96.6 NA 94.3 100 95.8 68.3 16.9
20220131 97.5 96.4 94.7 87.6 40.6 24.7 50.5 24.1 8.9 20 82.4 18.1 80.1 21 27.1 19.7 99.1 NA 95 100 95.9 69.2 15.8
20220201 97.5 94 90.7 81.7 12 17.1 37.5 24.1 10.8 6.7 63.4 17.4 65.8 20.7 22.5 13.4 98.9 NA 90.8 100 76.5 58.7 12.1
20220202 92.5 89 78 47.1 7.5 22.1 28.2 3.7 0.1 4.6 45.5 3.6 42.8 6.5 15.1 3.1 98.9 NA 80.4 100 68.7 48 2.2
20220203 97.5 86.1 64.2 34.3 11.9 11.3 18.8 16.9 10 12.5 61 0 42.8 9.9 17.9 11.9 98.1 NA 80.3 100 91.8 52.2 2.4
20220204 97.5 93.4 81.2 41.8 25.4 37.3 22.6 16.9 11.4 11.1 60.4 0 47 37.3 28.5 20.3 99.6 NA 91.7 100 91.8 74 2.4
20220205 97.8 95.3 90.5 85.2 51 38.1 38.1 18.2 10.5 17.5 86.5 1.8 71.9 62.4 32.3 33.2 99.1 NA 93.5 100 95.9 83.1 15.1
20220206 98.1 91.8 85.1 60.3 32.6 36.3 44 24.7 6.1 8.6 62.1 12.2 75.4 54.9 31.7 30.3 97.5 NA 95.8 100 90.4 80.7 20.1
20220207 95.5 89.2 85.2 45.7 23.7 5.5 41.1 5.7 1.1 7.9 61.9 7.5 65.1 22.6 18.2 13.6 97.6 NA 91.6 100 94.4 46.6 10.8
20220208 97.9 90.8 82.2 36.9 25.5 5.8 38.7 22.5 8.6 14.1 67.3 0.4 41.1 31.6 28 18.8 97.5 NA 82.6 100 96.2 49.6 3.7
20220209 94.4 75.4 76.7 32.5 18.4 5.1 42.9 9.1 1.9 5.4 58.6 0.2 40.4 31.6 26.6 19.6 97.4 NA 94.6 100 93.1 49.5 1.4
20220210 90.7 75.1 75.9 35.7 11.9 5 42.8 0.5 0.1 5.3 55.9 0 35.2 15.7 19.2 9.3 97.4 NA 94.6 100 80.5 43.7 0.4
20220211 91.8 69.7 69.8 30.1 13.9 3.3 16.9 0 0.2 2 57.2 0 35.8 18.3 20.4 15.8 97.4 NA 67.6 100 90.3 43.7 0.1
20220212 96.7 67.7 55.6 41.9 27.8 9.5 12.1 1.2 1.6 7.3 64.7 0 33.3 14.6 17.3 16 97.4 NA 71 100 92.7 48.6 0.1
20220213 97.8 85.4 73.3 49.3 51.7 42.9 37 22.1 4.6 22.3 87.1 0.9 48.1 43.1 37.7 34.2 97.4 NA 88.1 100 94.1 70.7 6.7
20220214 97.8 88.8 83.3 72.9 64.9 44.7 40.4 30.2 13.5 29.4 92.7 1.3 74.5 72.9 46.7 37.4 97.4 NA 90.9 100 96.6 76.8 12.9
20220215 97.8 96.9 95 80.9 63.9 28.3 54.2 30.8 14.6 29.8 87.3 1.1 77.8 58.8 48.5 33.5 99.3 NA 96.2 100 97.2 78.1 10.3
20220216 97.3 90 87.7 72 31.9 17.8 44.6 20.2 1.5 9.4 76 0.3 67.3 70.6 37.1 29.9 99.4 NA 78.8 100 92.2 66 3.1
20220217 97.8 69.6 82.1 67.4 23.5 9.4 31.7 0.2 1 10 67.6 0 31.8 59 34.2 22.9 99.4 NA 74.3 100 96.4 66 0.2
20220218 97.8 89.7 91.7 82.4 38.7 20.2 34.2 5.6 8.2 26.6 76.2 0 32.3 67.1 41.9 33.7 97.6 NA 92.7 100 97.1 72.1 1.2
20220219 86.7 83.7 76.1 51.2 44.8 8.2 38.9 13.6 3.7 18.4 88.7 0 33.4 80.1 36.5 25.5 94.7 NA 86 100 94.7 65.2 2
20220220 95.5 80.3 86 62.1 37.4 15.7 54.9 20.6 4.9 9.4 68.4 0.4 33.4 53.6 38 27.7 93.2 NA 92.1 100 95.4 66.4 0.8
20220221 95.5 68.1 75.5 56.8 20 16.1 29.8 14.4 4.4 8.9 70.5 0 29.4 29.3 30.8 27.1 87.3 NA 82.3 100 97.8 63.8 0.1
20220222 97 68.1 75 58.5 30.2 17.9 32.5 8.4 6.8 17.3 86.9 0 42.5 50.4 35.9 36.7 87 NA 83.5 100 96.8 60 1.7
20220223 97.2 56.1 66 56 55.6 28.8 29.8 0.8 6.7 31.1 88.4 0 44.7 78.4 35.6 36.8 84.9 NA 94.6 100 96.8 76.4 0.9
20220224 98.3 53 71.9 53.8 66.8 44.2 47.9 3.5 5.7 29.8 88.3 0 50.5 90.3 55.9 43.1 95 NA 94.7 100 98.6 86.1 3.7
20220225 98.5 54.6 78 81.5 59.5 40.7 54.7 6.6 7.4 31.8 85.3 0 61.4 92.3 71.4 50.3 90.6 NA 97.4 100 99.3 85.5 6.8
20220226 98.5 78 82 76.8 63.7 39.9 57.2 11.7 13.2 32.7 88.4 0 69.5 90.3 74 46.6 90.9 NA 95.9 100 99.3 86 13.9
20220227 98.5 53.5 76.9 64.8 42.1 3.4 41.3 1.2 0.4 14 75.8 0.5 39.6 69.9 55.4 25.1 68.5 NA 71.2 100 99.3 59.9 2.7
20220228 98.5 67.8 80.1 65 37.4 4.5 41.9 1.2 0.3 12 77.7 0.5 35.6 70.3 65.2 26.3 94.6 NA 84.8 100 99.3 65.3 1.5
20220301 98.5 57.4 79.8 63.2 39.3 29.9 56.1 0 0 9.2 77 0.2 70.7 90.3 69 42.4 94.6 NA 85.6 100 99.5 78.1 8.3
20220302 96.7 54.1 77.6 85.6 38 24.8 57.2 0.3 0.8 13.5 79.1 0 58.9 88.5 67.1 36.3 87.8 NA 95.3 100 99.8 76.1 4.8
20220303 98 54 78.1 74.4 49.5 26.8 54.9 0.9 2.1 23.4 85.6 0 54.9 91.8 76.6 46.1 80.1 NA 95.3 100 99.8 79.9 4.3
20220304 98.5 44.7 71.9 63.4 44.7 21 63.4 0 0 17.8 84.6 0 56 91.1 73.4 45.1 81.5 NA 89.2 100 99.9 79.4 0
20220305 97 43.1 65.1 68 42.7 13.4 61.4 0.7 0.7 22.9 90.1 0 53 90.5 77.5 43.8 76 NA 82.2 100 99.9 77.7 2.3
20220306 97.5 25.5 56.9 60.4 29.5 12.4 51 0 0 9.9 75.8 0 44.9 85.5 63 41.1 76 NA 71.4 100 94.6 74.8 1.4
20220307 91.9 29.5 36 54.3 20.3 5 31.2 0 0 11 70.4 0 40.6 68.5 57.6 40.8 71.5 NA 66.7 100 94.7 62 0.5
20220308 91.3 13.9 17.6 30.1 24.8 6.5 32.9 0 0 10.7 70.5 0 33 60 65.5 40 47.9 NA 71.6 100 98.9 72 0.5
20220309 91.1 10.2 15 27.2 15.4 3.6 21.4 0 0 4.3 69.9 0 28.6 34.9 57 34.2 45.5 NA 67.3 100 99.2 58.4 0
20220310 89.1 9.5 14.8 34.6 18.3 3.7 23.1 0 0 7.8 71 0 29 82.6 63.5 35.9 40.3 NA 68.2 100 99.5 55.5 0
20220311 93.4 10.4 53.4 70.8 12.8 25.4 11.1 0 0 7.9 75.8 0 27.3 82.4 70.4 39.9 43.7 NA 60.4 100 99.5 75.7 0
20220312 83.2 2.6 6.5 30.5 23.3 7.5 17.4 0 0.6 7 65.2 0 31.3 87 72.9 39.9 45.6 NA 69.4 100 99.5 69.7 0
20220313 83.6 0.9 4.9 25.8 27.1 4.4 22.3 0 0.7 7.9 62.3 0 30.1 84.2 73.1 43.5 76.1 NA 74.4 100 99.5 70.7 0.5
20220314 96.2 1.3 7.7 39.4 43.8 5.6 29.6 0 0.2 10.7 89.2 0 26.9 69.6 85.5 57.4 76.5 NA 78.1 100 99.5 69.7 0.1
20220315 96 0.6 3.9 45.4 43.9 22.4 46.4 0 0.3 18.1 92.6 0 27.9 81.6 90.9 67.6 61.5 NA 92.4 100 100 74.4 0.2
20220316 91.9 2 2.8 43.3 37 11.6 40.6 0 0.3 11.5 91.1 0 30.6 72.2 82.7 56.8 61.5 NA 88.3 100 99.8 70.4 0
20220317 90.3 1.8 3 40.1 22.8 6.9 28.1 0 0 4 77.6 0 32.1 61.5 81.5 45.7 50.3 NA 81.6 100 99.6 62.3 0.3
20220318 92.5 2.3 1.8 35.9 13.6 5.9 17.9 0 0 3 76.5 0 32 43.3 73.1 36.2 34.5 NA 79.8 100 99.6 59.5 0
20220319 81.7 3 1.3 35.9 14.1 10.5 8.2 0 0 3.8 72.7 0 26.1 43.6 70.8 33.9 10.4 NA 71.1 100 99.6 59.5 0.2
20220320 77 0 0.6 35.3 7.3 7.8 3.3 0 0 5.3 71 0 31 41 68.3 29.2 0 NA 37.6 100 99.7 60.1 0
20220321 78.4 0 0 10.6 5.9 5.1 3.7 0 0 3.9 70.2 0 17 37.6 70.5 28.9 0 NA 41 100 99.8 54.9 0
20220322 74.2 0 0 7.3 4.5 6.2 3.7 0 0 5.4 68.6 0 18.3 22.7 59.9 29.5 0 NA 41 100 99.8 55.3 0
20220323 64.8 0 0 13.1 4.4 6 5 0 0 7.1 56 0 17.8 17.4 40.7 28.4 0 NA 39.8 100 98.5 55.3 0
20220324 63.9 0 0 11.1 2.5 5.7 3.8 0 0 7.3 48.8 0 21.1 13.1 36.8 25.8 0 NA 20.4 99.4 96.4 52.2 0
20220325 64.4 0 0 10.8 3.5 3.1 0.8 0 0 7.9 44.3 0 10 48.9 37 30.1 0 NA 25 93.1 92.6 54.4 0
20220326 55.1 0 0 3.1 2.3 0.6 0 0 0 5.1 37.3 0 6.5 6.4 27.1 16.5 0 NA 19.6 93.1 94.8 44 0
20220327 60.5 0 0 2.5 1.9 1.5 0 0 0 5 47.5 0 7.4 30.3 17.7 22.9 0 NA 5.2 93.1 95.6 44.1 0
20220328 61 0 0 2.4 1.7 1.5 0 0 0 4.2 44.1 0 6.4 31.9 24 18.8 0 NA 24.3 93.1 95.6 49.7 0
20220329 62.8 0 0 2.1 7 1.5 1.7 0 0 8.5 73.4 0 4.8 34.2 42.9 29 0 NA 25.9 93.5 95.7 46.4 0
20220330 53 0 0 1.9 2.1 1.1 0 0 0 2.7 58.6 0 5.1 19.9 27.2 26.1 0 NA 17.1 92.8 86.1 49.8 0
20220331 58.2 0 0 1.9 1.4 4.3 0.1 0 0 4.8 62.2 0 2.8 12.7 22.3 25.3 0 NA 15.5 92.8 85.4 44.4 0
20220401 50 0 0 1.9 2.9 0.7 0.3 0 0 5.4 47.9 0 2.3 14.8 22.6 24.7 0 NA 14.1 91.2 81.5 46 0
20220402 52.8 0 0 1.9 3.1 0.7 0.2 0 0 5.9 49.8 0 2.3 10.8 20.7 23.8 0 NA 18.4 91.2 82.4 44.5 0
20220403 54.3 0 0 1.9 4.3 0.7 0.4 0 0 1.9 39.1 0 2.3 9.6 19.3 19 0 NA 16.5 91.2 74.4 47.1 0
20220404 44.1 0 0 1.2 3.9 0.1 0.2 0 0 1 36 0 1.6 6.1 14 15.2 0 NA 17.4 91.2 69.6 38.7 0
20220405 45.3 0 0 1.2 2.1 0.9 0 0 0 1.3 36.8 0 1.2 6.2 15.3 17.8 0 NA 0 90.1 85.6 37.4 0
20220406 41.7 0 0 1 1.3 0.9 0 0 0 2.6 39.7 0 0 7.8 16.1 19.7 0 NA 0 90.1 76.7 38.6 0
20220407 35.2 0 0 1 1.6 0.9 0 0 0 1 38.7 0 0 4.3 13.7 20.4 0 NA 0 89.5 70.4 34.6 0
20220408 32.8 0 0 0 2.2 1.1 0 0 0 0.9 38 0 0 5.1 11.3 13.3 0 NA 0 90 75.2 32.3 0
20220409 25.7 0 0 0 2 0.7 0 0 0 0.8 30.8 0 0 4.2 8.9 9.6 0 NA 0 90.2 82.1 32.3 0
20220410 21.7 0 0 0 0.8 0.4 0 0 0 0.9 23.3 0 0 6 10.5 6.2 0 NA 0 85.9 75.2 26.9 0
20220411 22.8 0 0 0 0.8 0.6 0 0 0 0.7 35 0 0 4.8 11.1 10.2 0 NA 0 81.9 75.3 25.5 0
20220412 20.2 0 0 0 1.7 0.3 0 0 0 0 30.7 0 0 5.4 11.1 10.7 0 NA 0 81.9 78.2 24.8 0
20220413 14 0 0 0 2.4 0.3 0 0 0 0 29 0 0 3.2 10.4 9.4 0 NA 0 84.3 69.5 24.8 0
20220414 10.5 0 0 0 1.1 0.1 0 0 0 0 12.7 0 0 5.2 9.4 8.4 0 NA 0 80.2 67.1 24 0
20220415 5.3 0 0 0 1.1 0 0 0 0 0 2 0 0 4.2 8.6 5.3 0 NA 0 71.3 52.9 19.7 0
20220416 5.3 0 0 0 0.2 0 0 0 0 0 2.9 0 0 3.3 6.7 3.5 0 NA 0 71.3 52.9 18.6 0
20220417 4.8 0 0 0 0.5 0 0 0 0 0 4.7 0 0 2.4 7.2 1.6 0 NA 0 56.7 57.5 18.5 0
20220418 4.1 0 0 0 0.2 0 0 0 0 0 3.6 0 0 5.2 6.9 1.1 0 NA 0 55.4 53.8 18.7 0
20220419 5.6 0 0 0 0.2 0 0 0 0 0 3.2 0 0 2 6 0.8 0 NA 0 50.7 47.3 18.1 0
20220420 3.6 0 0 0 0.2 0 0 0 0 0 1.5 0 0 3.2 6.3 0.5 0 NA 0 44 35.3 16.1 0
20220421 3.5 0 0 0 0.1 0 0 0 0 0 0.5 0 0 4.5 5.3 0.7 0 NA 0 38.8 39.1 14 0
20220422 1 0 0 0 0.1 0 0 0 0 0 0.5 0 0 2.5 5.7 0.6 0 NA 0 31.5 28.3 13.3 0
20220423 0.5 0 0 0 0.1 0 0 0 0 0 0.7 0 0 3 4.9 0.6 0 NA 0 28.4 30.3 11.5 0
20220424 0.1 0 0 0 0 0 0 0 0 0 0.7 0 0 1 4.1 1.6 0 NA 0 26.4 22.7 8.2 0
20220425 0.1 0 0 0 0 0 0 0 0 0 0 0 0 1.5 4.2 0.8 0 NA 0 18.7 6.9 4.5 0
20220426 0.1 0 0 0 0 0 0 0 0 0 0 0 0 0.2 3.9 0.6 0 NA 0 18.7 8.5 4.4 0
20220427 0 0 0 0 0 0 0 0 0 0 0 0 0 0.6 4 0.5 0 NA 0 13.8 7.4 1.8 0
20220428 0 0 0 0 0 0 0 0 0 0 0 0 0 0.2 3.7 0.2 0 NA 0 11.6 2 0.9 0
20220429 0 0 0 0 0 0 0 0 0 0 0 0 0 0.1 4.4 0.2 0 NA 0 5.1 2.1 0.4 0
20220430 0 0 0 0 0 0 0 0 0 0 0 0 0 0.2 4.2 0.3 0 NA 0 0.2 1.5 0.3 0
20220501 0 0 0 0 0 0 0 0 0 0 0 0 0 0.2 4.2 0 0 NA 0 0 0 0.3 0
20220502 0 0 0 0 0 0 0 0 0 0 0 0 0 0 3.3 0 0 NA 0 0 0 0 0
20220503 0 0 0 0 0 0 0 0 0 0 0 0 0 0 3.5 0 0 NA 0 0 0 0 0
20220504 0 0 0 0 0 0 0 0 0 0 0 0 0 0 3.4 0 0 NA 0 0 0 0 0
20220505 0 0 0 0 0 0 0 0 0 0 0 0 0 0 3.2 0 0 NA 0 0 0 0 0
20220506 0 0 0 0 0 0 0 0 0 0 0 0 0 0 3.1 0 0 NA 0 0 0 0 0
20220507 0 0 0 0 0 0 0 0 0 0 0 0 0 0 2.9 0 0 NA 0 0 0 0 0
20220508 0 0 0 0 0 0 0 0 0 0 0 0 0 0 2.9 0 0 NA 0 0 0 0 0
20220509 0 0 0 0 0 0 0 0 0 0 0 0 0 0 2.9 0 0 NA 0 0 0 0 0
20220510 0 0 0 0 0 0 0 0 0 0 0 0 0 0 2.4 0 0 NA 0 0 0 0 0
20220511 0 0 0 0 0 0 0 0 0 0 0 0 0 0 2.6 0 0 NA 0 0 0 0 0
20220512 0 0 0 0 0 0 0 0 0 0 0 0 0 0 2.6 0 0 NA 0 0 0 0 0
20220513 0 0 0 0 0 0 0 0 0 0 0 0 0 0 2.2 0 0 NA 0 0 0 0 0
20220514 0 0 0 0 0 0 0 0 0 0 0 0 0 0 1.5 0 0 NA 0 0 0 0 0
20220515 0 0 0 0 0 0 0 0 0 0 0 0 0 0 1.1 0 0 NA 0 0 0 0 0
20220516 0 0 0 0 0 0 0 0 0 0 0 0 0 0 1 0 0 NA 0 0 0 0 0
20220517 0 0 0 0 0 0 0 0 0 0 0 0 0 0 0.7 0 0 NA 0 0 0 0 0
20220518 0 0 0 0 0 0 0 0 0 0 0 0 0 0 0 0 0 NA 0 0 0 0 0
20220519 0 0 0 0 0 0 0 0 0 0 0 0 0 0 0 0 0 NA 0 0 0 0 0
