20231125 0 0 0 0 0 0 0 0 0 0 0 0 0 0 0.1 0 0 NA 0 1.7 0 0 0
20231126 0 0 0 0 0 0 0 0 0 0 0 0 0 0 0.4 0 0 NA 0 1.9 0 0 0
20231127 0 0 0 0 0 0 0 0 0 0 0 0 0 0 0.3 0 0 NA 0 1.5 0 0 0
20231128 0 0 0 0 0 0 0 0 0 0 0 0 0 0 0.6 0 0 NA 0 2.6 0.8 0 0
20231129 2.5 0 0 0 0 0 0 0 0 0 0 0 0 0 0.8 0 0.1 NA 0 2.6 0.8 0 0
20231130 2.6 0.1 0 0 0 0 0 0 0 0 0 0 0.1 0 0.9 0 0.1 NA 7.3 3.9 0.3 0 0
20231201 2.6 0.1 0 0 0 0 0 0 0 0 0 0 0.1 0 1.5 0 0.3 NA 3.8 3.8 0.3 0 0
20231202 1.4 0 0 0 0 0 0 0 0 0 0 0 0 0 1.5 0 0.2 NA 3.8 3.8 0.7 0 0
20231203 2.3 0 0 0 0 0 0 0 0 0 0 0 0 0 1.5 0 0.1 NA 3.8 3.8 0.7 0 0
20231204 2.2 0 0 0 0 0 0 0 0 0 0 0 0 0 1.7 0 0 NA 2 5.5 0.9 0 0
20231205 1.8 0 0 0 0 0 0 0 0 0 0 0 0 0 1.2 0 0 NA 2 8.9 0.7 0.1 0
20231206 1.2 0 0 0 0 0 0 0 0 0 0 0 0 0 1.1 0 0 NA 2 9.1 1.7 0.1 0
20231207 0.5 0 0 0 0 0 0 0 0 0 0 0 0 0 1 0 0 NA 2 9.1 1.7 0.1 0
20231208 0.5 0 0 0 0 0 0 0 0 0 0 0 0 0 0.9 0 0 NA 0.4 8.3 0.9 0.1 0
20231209 0.2 0 0 0 0 0 0 0 0 0 0 0 0 0 0.8 0 0 NA 0 4.9 0.7 0 0
20231210 0.2 0 0 0 0 0 0 0 0 0 0 0 0 0 0.8 0 0 NA 0 2.1 0.2 0 0
20231211 0.1 0 0 0 0 0 0 0 0 0 0 0 0 0 0.8 0 0 NA 0 1.8 0.2 0 0
20231212 0.1 0 0 0 0 0 0 0 0 0 0 0 0 0 0.8 0 0 NA 0 0.4 0 0 0
20231213 0.1 0 0 0 0 0 0 0 0 0 0 0 0 0 0.8 0 0 NA 0 0.4 0.3 0 0
20231214 1.3 0 0 0 0 0 0 0 0 0 0 0 0 0 1.8 0 0 NA 0 3.6 0.3 0 0
20231215 0.9 0 0 0 0 0 0 0 0 0 0 0 0 0 1.4 0 0 NA 0 4.1 0.8 0 0
20231216 0.9 0 0 0 0 0 0 0 0 0 0 0 0 0 1.1 0 0 NA 0 0 0 0 0
20231217 1 0 0 0 0 0 0 0 0 0 0 0 0 0 1.1 0 0 NA 0 0 0 0 0
20231218 1.7 0 0 0 0 0 0 0 0 0 0 0 0 0 1.1 0 0 NA 0 0.8 0 0 0
20231219 4.1 0 0 0 0 0 0 0 0 0 0 0 0 0 1.8 0 0 NA 0 3.8 0 0 0
20231220 5.3 0 0 0 0 0 0 0 0 0 0 0 0 0 1.6 0.1 0 NA 0 4.3 0 0 0
20231221 5.1 0 0 0 0 0 0 0 0 0 0 0 0 0 1.8 0.1 0 NA 0 5.7 0.2 0 0
20231222 9.6 0 0 0.2 0.7 0.2 0.1 0 0.2 0.5 1.6 0 2.5 1.8 2.9 0.6 0.2 NA 4.3 11.2 6.4 1.4 0.1
20231223 2 0 0 0 0 0 0 0 0 0 0 0 1.3 0.2 1.7 0 0 NA 0 8.1 2.3 0.3 0
20231224 1.3 0 0 0 0 0 0 0 0 0 0 0 1.1 0 1.5 0 0 NA 0 7.4 1.5 0.2 0
20231225 0.3 0 0 0 0 0 0 0 0 0 0 0 1.1 0 1.7 0 0 NA 0 7.2 0.2 0.3 0
20231226 0.2 0 0 0 0 0 0 0 0 0 0 0 0.2 0 1.3 0 0 NA 0 3.9 0 0 0
20231227 0.1 0 0 0 0 0 0 0 0 0 0 0 0.2 0 1.1 0 0 NA 0 3.9 0 0 0
20231228 0 0 0 0 0 0 0 0 0 0 0 0 0 0 1.1 0 0 NA 0 1.1 0 0 0
20231229 0 0 0 0 0 0 0 0 0 0 0 0 0 0 1.1 0 0 NA 0 0.7 0 0 0
20231230 0 0 0 0 0 0 0 0 0 0 0 0 0 0 1 0 0 NA 0 0.7 0 0 0
20231231 0 0 0 0 0 0 0 0 0 0 0 0 0 0 1 0 0 NA 0 0.7 0 0 0
20240101 0.6 0 0 0 0 0 0 0 0 0 0 0 0 0 2 0 0 NA 0 1.4 0 0 0
20240102 0.5 0 0 0 0 0 0 0 0 0 0 0 0 0 2 0 0 NA 0 1.4 0.1 0.1 0
20240103 0.2 0 0 0 0 0 0 0 0 0 0 0 0 0 1.8 0 0 NA 0 1.4 0.1 0.1 0
20240104 3.7 0 0 0 0 0 0 0 0 0 0 0 0.7 0 2 0 0 NA 0 4.1 0.1 0.1 0
20240105 3 0 0 0 0 0 0 0 0 0 0 0 0.7 0.3 2.3 0 0 NA 2.6 6.3 0.1 2 0
20240106 9.7 0 0 0 0.1 0 0 0 0 0.1 0.6 0 1.6 0.2 2.9 0.1 0 NA 2.7 10.7 2.1 1.8 0
20240107 13.5 0 0 0 0.2 0 0 0 0 0.1 0.8 0 3.7 0.1 2.5 0.2 0 NA 2.7 22.8 5.4 2 0.1
20240108 7.1 0 0 0 0.3 0 0 0 0 0.1 2 0 4 0.2 3.2 0.1 0 NA 1.6 38.7 4.2 8.2 0.1
20240109 7.1 0 0 0 0.3 0 0 0 0 0 0.2 0 4 0 2.7 0.1 0 NA 0.9 25.3 3.1 4.4 0.1
20240110 5.3 0 0 0 0.3 0 0 0 0 0 0 0 3 0 2.5 0.1 0 NA 1 27.8 3.7 4 0.1
20240111 6.6 0 0 0 0.6 0 0 0 0 0 2.3 0 2.4 0 2.4 0.1 0 NA 1 32.4 4.8 5 0
20240112 4.3 0 0 0 0.8 0 0 0 0 0 2.5 0 2.5 0 2.6 0 0 NA 1 34.2 4.1 9.1 0
20240113 21.2 0 0 0 1.8 0 0 0 0 0.7 5.5 0 2.5 0 3.6 0.1 0 NA 3.5 59.2 5.1 10.5 0
20240114 27.9 3.3 0 0 3.4 0.3 0.6 0 0 0.6 8.9 0 4.3 0 3.7 0.1 8.4 NA 28.4 91 9.1 15.8 0.1
20240115 32.3 32.7 0 2.3 1.8 0.1 1 1 0.6 0.9 8.7 0 4.3 3.4 5.1 0.4 70 NA 12.3 64.6 10.3 9.5 0.1
20240116 47.9 63.8 1.3 7.2 2.4 1.5 4.7 5.3 2.3 2.7 12.9 0.7 6.8 2.2 6.3 1.1 94 NA 25.1 71.1 18.3 11.6 0.6
20240117 44.8 72.9 4.5 4.8 3.5 1.9 8 8.4 1.7 1 19.5 0.5 7.2 2.2 8.2 0.9 94.3 NA 66.6 95.4 16.5 15.6 0.2
20240118 55.7 75.5 4.9 3.1 6.2 2.2 7.6 8.2 1.6 1.9 26 0.2 7 3.1 8.6 0.7 94.2 NA 60 88.6 24.1 18.2 0.5
20240119 74.2 80 11.6 6.9 5.7 3.1 9 7.2 1.9 3.2 46.3 1 7.7 5.9 10.6 1.5 93.8 NA 58.5 94.7 25.5 28.5 1.6
20240120 78.3 92.7 14.3 12.3 7.7 2.6 15.4 13.5 3.1 4 50.1 0.9 8.1 5.5 8 1.1 93.9 NA 63.9 97.2 25.7 32.8 1.3
20240121 94.4 86 14.4 13.9 6.3 3.2 10.1 13.2 4.9 6.1 45.7 0 20.7 7.2 9.7 1.4 95.9 NA 67.6 96.2 17.1 30.6 1
20240122 91.9 93.4 25.1 17.9 8.9 3.1 13.5 19.5 7.6 3.6 24 2.4 11.5 7.9 10.7 2.4 97.1 NA 86.1 89.6 22.4 34.2 3.6
20240123 88.4 76.7 18.8 7 8.6 3.1 13.5 9 0.3 1.1 31 0.3 8.8 5.7 9.8 0.4 97.1 NA 86.1 88.9 18.7 20.8 0.7
20240124 86.5 76.7 15.3 7.7 3.2 5.5 9.6 5.2 0.5 0.4 30.9 0.9 8.8 6 9.2 0.9 96.9 NA 86.5 93 24.6 29 0.8
20240125 92.1 73.3 11.6 6.3 2.4 7.8 7.1 4.2 0.5 0.8 25.7 0 8.8 2.1 7.9 0.6 93.6 NA 58.3 98.4 13.7 27.4 0.2
20240126 92.2 67.2 8.5 7.5 2.1 8.3 5.4 3.6 0 1 20.3 0 5.2 2.1 6.9 0.7 85.7 NA 51 98.3 13.8 26.1 0.1
20240127 88.5 83.7 13.6 5.6 4.2 5 3.8 1.9 0.1 0.6 29.5 0 6 1 8.3 0.1 90.9 NA 53.5 98.4 11.4 26.8 0.1
20240128 86.6 77.3 8.3 2.9 5.6 2.3 5.5 0.3 0 0.9 30.6 0 6.3 0.8 7.7 0.1 74.1 NA 58.6 98.4 11.7 27.2 0.1
20240129 87.2 55.5 2.7 2.2 4.3 0.9 1.5 0.1 0 1.5 26.8 0 5.7 0.4 6.5 0.2 54.8 NA 49.1 88.6 10.6 25.5 0.1
20240130 80.3 53 1.5 2 2.2 0.8 0.8 0.3 0 0.6 18 0 7 0 5.7 0.1 55.3 NA 55.3 87.3 10 20.5 0.1
20240131 71.8 55.8 1.7 1.9 1.9 0.8 0.7 0.1 0 1.4 17.3 0 6.6 0 5.4 0.1 46.9 NA 52.9 91.3 8.2 19.5 0.1
20240201 60.3 51.8 1.8 1.6 2.3 0.7 0.7 0.3 0 0.5 17 0 6.5 0 5.2 0.1 48.2 NA 63.5 90.9 9.7 19.1 0.1
20240202 59.7 40.4 1.4 2.1 2 0.9 0 0.4 0 0.6 12.2 0 6.5 0.1 6 0.7 47.9 NA 43.4 90.5 10.9 19.7 0.1
20240203 62.7 35.1 1.1 0.5 3.2 0.7 0.2 0.4 0 1.1 22.4 0 6.4 1.8 9.6 0.2 27.2 NA 34.5 97.8 17.1 26.6 0.1
20240204 92.6 34.1 0 0.5 2.1 0.6 0 0.2 0 2.4 17.9 0 9.2 1.6 9.2 0.2 28.3 NA 39.3 96.2 12.7 30.8 0.1
20240205 82.4 27.6 0 0.6 2.1 0.6 0 0 0 0.9 15.7 0 6.1 0 6.1 0.1 24.6 NA 37.6 88.4 13.7 28.6 0.1
20240206 84.7 20.1 0 0.2 2.1 3.2 0.4 0 0 1.2 15.7 0 6.1 0 5.4 0.1 20.5 NA 37.4 88.4 13.7 30.5 0.1
20240207 79.6 20.5 0 0.2 1.4 0.9 0 0 0 0.7 15.7 0 5.9 0 5.5 0.1 25.4 NA 44.9 89.3 4.8 22 0.1
20240208 53.7 22.3 0 0.2 1 0.4 0 0 0 0.3 13.3 0 6.2 0 4.8 0.1 23.2 NA 39.4 86 4.9 19.8 0.1
20240209 44.8 14.3 0 0.2 1.3 0.4 0 0 0 0.1 11.8 0 6.1 0 3.9 0.1 10.2 NA 38.8 82 5 17 0.1
20240210 28 3.7 0 0.2 0.5 0.2 0 0 0 0 5.2 0 5.2 0 3.7 0.1 0.5 NA 20.2 74.3 4 13.1 0.1
20240211 23.9 0 0 0.2 0.7 0.2 0 0 0 0.6 6.3 0 4.6 0 3.5 0.1 0 NA 13.2 58.1 3.7 12.3 0.1
20240212 24.2 0.5 0 0 0.5 0.1 0 0 0 0.4 7.4 0 3.5 0 4.7 0.1 0 NA 12.5 60.4 3.8 13.2 0
20240213 20.6 0 0 0 0.5 0.1 0 0 0 0.3 12 0 3.5 0 4.8 0.1 0 NA 9.1 60.8 3.8 12.7 0
20240214 19.9 0 0 0 0.6 0.2 0 0 0 0.3 11.2 0 3.5 0.4 5.4 0.1 0 NA 16.9 75.5 4.9 25 0
20240215 23.9 0 0 0 1.5 0.1 0 0 0 0.1 12 0 2.7 0 4.4 0.1 0 NA 10.2 84.4 5.2 17.5 0
20240216 17.9 0 0 0 3 0 0 0 0 0.5 14.2 0 4.2 0 4.2 0.1 0 NA 10.7 81.4 7.8 18.2 0
20240217 37.6 0 0 0 3 0.5 0.1 0 0 0.7 14.7 0 4.2 0 4.3 0.1 0.4 NA 10.7 84.2 7.8 27 0
20240218 54.2 2.3 0 0 3.8 0.5 0.2 0 0 0.9 10.8 0 4.2 0.1 4.2 0.2 23.6 NA 55.1 84.2 26.6 22.3 0
20240219 79.3 16 0.9 0 10.7 1.2 8.1 0 0 3.8 38 0 11.2 9.1 13.6 7.9 26.7 NA 63.7 96.2 63.6 34.1 0
20240220 90.6 0.9 0 1.2 8.1 1.4 5.9 0 0 0.7 32.1 0 5.7 2 6.3 0.7 15.1 NA 63.7 97.9 36.8 34.2 0
20240221 77.1 1.2 0 1.1 3.1 0.5 0.1 0 0 0.2 17.3 0 5.4 0.3 5.2 0.1 1.8 NA 53.5 98.1 36.4 24.4 0
20240222 90.6 0 0 0 2.7 0.5 0.1 0 0 1.8 16.3 0 3.4 1.3 5.9 0.1 1.2 NA 38.1 97.8 37.3 23.1 0
20240223 84.5 0 0 0 1.7 0.5 0 0 0 0.3 15.2 0 2.8 0 5.4 0.1 1.2 NA 31.2 87 9.5 21 0
20240224 73.3 0 0 0.5 3.7 0.5 0.1 0 0 1.3 38.6 0 2.5 2.5 4.9 0.7 1.2 NA 29.5 94.9 44.7 39.9 0
20240225 50 0 0 0 2.7 0.5 0.1 0 0 0.3 22.5 0 2.5 0 4.1 0.2 1.2 NA 18.8 95.8 22.5 25.2 0
20240226 59.1 0 0 0 2.7 0.5 0.1 0 0 0.8 5.4 0 1.9 0 4.1 0.1 0 NA 16.5 90.3 6.8 22.7 0
20240227 60.7 0 0 0 1.2 0.1 0 0 0 0.1 9.4 0 1.7 0.2 3.6 0.1 0 NA 8.1 89.6 7.9 19.2 0
20240228 35.2 0 0 0 1.3 0.1 0 0 0 0.3 9 0 1.6 0 3.4 0.1 0 NA 4.3 73.8 6.9 19.8 0
20240229 76.1 0 0 0 5.5 0.2 0 0 0 1.8 16.1 0 1.6 0.3 6 0.2 0 NA 1.9 91.2 51.5 29.7 0
20240301 58.1 0 0 0 8.1 0.2 0.3 0 0 0.5 21.2 0 1.6 3.2 7.9 0.4 0 NA 1.4 91.2 48.1 29.3 0
20240302 38 0 0 0 2.8 0.3 0 0 0 0.1 9.9 0 0.3 0.4 5.7 0.1 0 NA 0 88.9 15.9 24.5 0
20240303 21.3 0 0 0 2 0.3 0 0 0 0 14.3 0 0.2 0 4.7 0.1 0 NA 0 90.7 8.7 20 0
20240304 32.7 0 0 0 2.6 0 0 0 0 0.2 24.7 0 0.2 0 3.7 0.1 0 NA 0 83.9 12.7 19.3 0
20240305 18.3 0 0 0 0.5 0 0 0 0 0.1 14.5 0 0.2 0 3.6 0.1 0 NA 0 77.2 5.9 14.3 0
20240306 15.6 0 0 0 0.6 0 0 0 0 0 6 0 0 0 3.5 0.1 0 NA 0 51.3 7.2 15.3 0
20240307 17.5 0 0 0 0.2 0 0 0 0 0 5.4 0 0 0 3.2 0.1 0 NA 0 53.9 3.4 13.4 0
20240308 4.2 0 0 0 0.1 0 0 0 0 0 2.7 0 0 0 2.9 0.1 0 NA 0 46.7 2.7 10.3 0
20240309 2.1 0 0 0 0.1 0 0 0 0 0 2.7 0 0 0 3.1 0.1 0 NA 0 42.6 2.3 9.1 0
20240310 1 0 0 0 0.1 0 0 0 0 0 0.3 0 0 0 2.6 0.1 0 NA 0 34.6 2.4 8.1 0
20240311 1 0 0 0 0.1 0 0 0 0 0 0.3 0 0 0 2.6 0.1 0 NA 0 29.5 2.4 7.6 0
20240312 0.9 0 0 0 0.1 0 0 0 0 0 0.3 0 0 0 2.6 0.1 0 NA 0 29.8 2.4 7.3 0
20240313 0.8 0 0 0 0.1 0 0 0 0 0 0.3 0 0 0 2.6 0 0 NA 0 34.1 1.3 7.2 0
20240314 0.5 0 0 0 0.1 0 0 0 0 0 0.3 0 0 0 2.5 0 0 NA 0 32.5 1.8 6.3 0
20240315 0.3 0 0 0 0 0 0 0 0 0 0.2 0 0 0 2.5 0 0 NA 0 20.1 2.3 6.1 0
20240316 0 0 0 0 0 0 0 0 0 0 0.1 0 0 0 2.2 0 0 NA 0 16.6 2.3 6.7 0
20240317 0 0 0 0 0 0 0 0 0 0 0 0 0 0 2.1 0 0 NA 0 5.2 0.7 3.1 0
20240318 0 0 0 0 0.1 0 0 0 0 0 0 0 0 0 2.1 0 0 NA 0 4.1 1.7 2.6 0
20240319 0 0 0 0 0 0 0 0 0 0 0 0 0 0 2 0.1 0 NA 0 10 0.8 2.6 0
20240320 0 0 0 0 0 0 0 0 0 0 0 0 0 0 2 0.1 0 NA 0 10 0.8 1.9 0
20240321 0 0 0 0 0 0 0 0 0 0 0 0 0 0.1 3.5 0.1 0 NA 0 12.4 1.6 1.9 0
20240322 0 0 0 0 0.4 0 0.1 0 0 0 0.7 0 0 0.2 4.4 0.1 0 NA 2.1 23.6 8.7 2.3 0
20240323 0 0 0 0 0.3 0 0 0 0 0 0 0 0 0 2.7 0.1 0 NA 0 27.3 10.1 2.3 0
20240324 0 0 0 0 0.4 0 0 0 0 0 0 0 0 0 4.1 0.1 0 NA 0 27.8 10.2 2.8 0
20240325 0 0 0 0 0 0 0 0 0 0 0 0 0 0 2.4 0 0 NA 0 13 8.2 1.7 0
20240326 0 0 0 0 0 0 0 0 0 0 0 0 0 0 2.3 0 0 NA 0 9.8 1.2 1 0
20240327 0 0 0 0 0 0 0 0 0 0 0 0 0 0 2.5 0 0 NA 0 8.9 0.9 1 0
20240328 0 0 0 0 0 0 0 0 0 0 0 0 0 0 3 0 0 NA 0 5 0.7 0.8 0
20240329 0 0 0 0 0 0 0 0 0 0 0 0 0 0 2.5 0 0 NA 0 4 0.4 0.7 0
20240330 0 0 0 0 0 0 0 0 0 0 0 0 0 0 2.1 0 0 NA 0 0.2 0.5 0.8 0
20240331 0 0 0 0 0 0 0 0 0 0 0 0 0 0 2 0 0 NA 0 0 0.5 0.9 0
20240401 0 0 0 0 0 0 0 0 0 0 0 0 0 0 2 0 0 NA 0 0 0.3 0.7 0
20240402 0 0 0 0 0 0 0 0 0 0 0 0 0 0 2 0 0 NA 0 0 0.3 0.5 0
20240403 0 0 0 0 0 0 0 0 0 0 0 0 0 0 2.1 0.1 0 NA 0 0 0 0 0
20240404 0 0 0 0 0 0 0 0 0 0 0 0 0 0 2 0 0 NA 0 0 0 0 0
20240405 0 0 0 0 0 0 0 0 0 0 0 0 0 0 1.8 0 0 NA 0 0 0 0 0
20240406 0 0 0 0 0 0 0 0 0 0 0 0 0 0 1.8 0 0 NA 0 0 0 0 0
20240407 0 0 0 0 0 0 0 0 0 0 0 0 0 0 1.9 0 0 NA 0 0 0 0 0
20240408 0 0 0 0 0 0 0 0 0 0 0 0 0 0 1.8 0 0 NA 0 0 0 0 0
20240409 0 0 0 0 0 0 0 0 0 0 0 0 0 0 1.7 0 0 NA 0 0 0 0 0
20240410 0 0 0 0 0 0 0 0 0 0 0 0 0 0 1.7 0 0 NA 0 0 0 0 0
20240411 0 0 0 0 0 0 0 0 0 0 0 0 0 0 1.7 0 0 NA 0 0 0 0 0
20240412 0 0 0 0 0 0 0 0 0 0 0 0 0 0 1.8 0 0 NA 0 0 0 0 0
20240413 0 0 0 0 0 0 0 0 0 0 0 0 0 0 1.1 0 0 NA 0 0 0 0 0
20240414 0 0 0 0 0 0 0 0 0 0 0 0 0 0 1.4 0 0 NA 0 0 0 0 0
20240415 0 0 0 0 0 0 0 0 0 0 0 0 0 0 1.5 0 0 NA 0 0 0 0 0
20240416 0 0 0 0 0 0 0 0 0 0 0 0 0 0 0.7 0 0 NA 0 0 0 0 0
20240417 0 0 0 0 0 0 0 0 0 0 0 0 0 0 0.3 0 0 NA 0 0 0 0 0
20240418 0 0 0 0 0 0 0 0 0 0 0 0 0 0 0.2 0 0 NA 0 0 0 0 0
20240419 0 0 0 0 0 0 0 0 0 0 0 0 0 0 0.3 0 0 NA 0 0 0 0 0
20240420 0 0 0 0 0 0 0 0 0 0 0 0 0 0 0.1 0 0 NA 0 0 0 0 0
20240421 0 0 0 0 0 0 0 0 0 0 0 0 0 0 0 0 0 NA 0 0 0 0 0
20240422 0 0 0 0 0 0 0 0 0 0 0 0 0 0 0 0 0 NA 0 0 0 0 0
20240423 0 0 0 0 0 0 0 0 0 0 0 0 0 0 0 0 0 NA 0 0 0 0 0
20240424 0 0 0 0 0 0 0 0 0 0 0 0 0 0 0 0 0 NA 0 0 0 0 0
20240425 0 0 0 0 0 0 0 0 0 0 0 0 0 0 0 0 0 NA 0 0 0 0 0
