19801224 73.6 89.3 6.1 5 5 5 5.5 10.1 5 5.2 27.9 5 7 5 10.1 5.3 97 NA 47.1 97 28.4 42.1 5
19801225 76.9 89.3 11.1 10 7.6 5.7 7.5 11.2 5.5 6.9 31.5 8.5 11.9 9.5 12.1 6.5 97.1 NA 49.8 97 32.6 44.6 6.7
19801226 76.9 89.1 19.6 16.8 12.1 7.2 10.6 12.7 6.1 9.1 36.2 15.6 21.7 16.6 15.4 8.2 97.2 NA 55 97.1 37.7 49.3 10
19801227 80.2 89.4 25.7 25 14.7 7.9 13.5 15 7.2 12 42.5 19.2 26.6 19.7 17.8 9.6 97.4 NA 58 97.1 42 52.2 11.7
19801228 80.2 91.3 30.6 30 17.3 8.7 15.5 16.5 7.7 13.7 47.4 22.7 31.5 24.1 20.1 10.8 97.5 NA 61.3 97.2 49.8 54.9 13.3
19801229 83.5 91.3 35.5 35.5 20.2 10 17.9 17.6 8.3 15.4 52.1 27 37.3 28.8 22.5 12.3 97.5 NA 66.5 97.2 54.8 57.7 15
19801230 83.5 91 44 41.8 24.3 10.9 20.6 19.1 8.8 17.6 55.7 33.3 46.2 35.7 25.4 13.7 97.7 NA 69.2 97.3 59.1 62 18.3
19801231 86.8 92.7 50.3 50.5 27.3 12.2 23.9 21.3 9.9 20.5 63 37.6 52 40.7 28.3 15.6 98.4 NA 74.6 99.7 64.6 66 20
19810101 89.7 92.7 55.1 55.5 29.2 12.9 25.9 22.4 10.5 22.2 66.7 41.1 56.8 43.8 29.9 16.6 94.2 NA 77.3 99.7 68.8 68.4 21.6
19810102 90.1 92.5 63.7 61.8 33.3 13.8 28.6 23.9 11 24.5 70.4 47.5 65.6 50.7 32.8 18 94.3 NA 80.1 99.8 73.1 72.9 25
19810103 93 92.5 68.6 67.3 36.3 15.1 31 25 11.6 26.2 75.1 51.7 71.5 55.3 35.2 19.5 94.3 NA 85.2 99.8 78.1 75.6 26.6
19810104 93.3 94.4 73.5 72.3 38.9 15.8 33 26.5 12.1 27.9 79.9 55.3 76.3 59.8 37.5 20.7 94.5 NA 88.6 99.9 85.9 78.3 28.3
19810105 96.3 94.7 79.6 80.5 41.5 16.6 35.9 28.7 13.2 30.7 86.2 58.8 81.2 62.9 39.9 22 94.6 NA 91.6 99.9 90.2 81.2 29.9
19810106 96.6 94.4 88.1 87.3 46 18 39 30.3 13.8 33 90.9 65.9 91 70 43.2 23.8 94.7 NA 96.7 100 95.3 85.9 33.3
19810107 99.6 94.4 93.1 92.3 48.6 18.8 41 31.3 14.3 34.7 94.6 69.4 95.9 74.5 45.2 25 94.8 NA 99.5 100 99.5 88.3 34.9
19810108 99.6 94.7 93.2 92.3 47.3 18.1 44 37 15.3 31.9 94.2 65.6 93.1 64.9 43.7 24.7 94.7 NA 98.3 100 99.1 86.8 34.1
19810109 99.4 95.1 93.3 92.5 46.2 17.7 46.4 40.8 15.7 28.6 93.7 63 91.2 58.2 43.2 24.3 94.7 NA 96.9 100 99.1 85.4 34.1
19810110 99.4 95.3 93.3 92.5 45 17.1 49.4 46.5 16.7 25.8 93.3 59.2 88.4 48.6 41.7 24 94.6 NA 95.8 100 98.6 83.8 33.2
19810111 96.6 97.5 95 95.9 44.5 16.5 52 51.9 17.6 22.4 93.5 55.9 87.5 41.7 41.5 23.8 99.6 NA 95.7 100 99 81.9 33
19810112 96.6 97.8 95.1 95.9 43.2 15.8 55 57.6 18.6 19.6 93.1 52.1 84.7 32 40 23.6 99.5 NA 94.6 100 98.6 80.3 32.2
19810113 96.5 98.2 95.2 96.1 42.1 15.4 57.4 61.4 19 16.3 92.6 49.5 82.9 25.4 39.5 23.1 99.5 NA 93.1 100 98.6 78.9 32.1
19810114 96.5 98.4 95.3 96.1 40.9 14.8 60.4 67.1 20 13.5 92.2 45.7 80 15.8 38 22.9 99.4 NA 92 100 98.1 77.3 31.3
19810115 96.4 98.4 95.3 96.1 40.7 17 61.7 63.1 23 19.1 91.3 44.6 80.1 15.3 37.2 22.7 99.4 NA 93.1 100 98.4 79.3 28.7
19810116 96.5 98.4 95.3 96.1 40.8 19.3 62.4 62.5 26.9 25 91.2 42.4 79.3 15.1 36.2 22.7 99.4 NA 92.5 100 98.1 79.8 26.5
19810117 96.5 98.3 95.3 96.1 40.5 21.6 63.7 58.5 29.9 30.6 90.3 41.3 79.4 14.6 35.4 22.5 99.5 NA 93.6 100 98.3 81.8 23.9
19810118 99.6 97.5 93.7 95.4 40.4 23.5 64.7 54.7 31 33.7 91.3 39.5 79.9 13.9 34 22 99.5 NA 93.7 100 98.2 83.3 21.7
19810119 99.6 97.5 93.7 95.4 40.1 25.8 66 50.7 34.1 39.3 90.4 38.4 79.9 13.4 33.2 21.8 99.5 NA 94.8 100 98.5 85.3 19.1
19810120 99.7 97.5 93.7 95.4 40.2 28.1 66.7 50.2 37.9 45.2 90.3 36.2 79.1 13.3 32.3 21.8 99.5 NA 94.2 100 98.2 85.8 16.9
19810121 99.6 97.5 93.7 95.4 40 30.3 68.1 46.1 41 50.8 89.4 35.2 79.2 12.8 31.4 21.6 99.5 NA 95.3 100 98.4 87.8 14.3
19810122 99.6 94.4 91.9 94.3 39.8 31.3 66.6 42.1 36.9 46.9 89.7 31.1 77.2 12.2 33.1 21.9 99.5 NA 95 100 98.4 85.4 13.8
19810123 99.5 91.5 89.7 93.4 38.8 32.5 64.6 36.9 32.1 42 89.3 27.1 74.1 11.2 34.3 22.2 99.4 NA 96.8 100 98.1 84.3 13.3
19810124 99.4 88.5 87.8 92.3 38.7 33.5 63.1 32.9 28 38.1 89.6 23.1 72.1 10.6 35.9 22.5 99.3 NA 96.5 100 98.1 82 12.8
19810125 98.6 87 86.5 93.8 38 34.3 61.9 30.8 26 36.1 89.9 17.1 70.2 9.5 37.6 22.8 99.2 NA 96 100 97.7 80.7 12.3
19810126 98.5 84 84.7 92.7 37.9 35.2 60.4 26.8 21.9 32.2 90.1 13 68.1 8.9 39.3 23.1 99.1 NA 95.7 100 97.7 78.4 11.8
19810127 98.4 81.1 82.5 91.8 36.9 36.5 58.4 21.6 17.1 27.3 89.8 9 65.1 7.9 40.5 23.4 99 NA 97.5 100 97.3 77.3 11.2
19810128 98.4 78 80.6 90.7 36.7 37.4 57 17.6 13 23.4 90.1 5 63.1 7.3 42.1 23.7 98.9 NA 97.2 100 97.3 74.9 10.8
19810129 98.5 81.1 83 91.6 45.3 44 62.2 21 13.1 22.8 91.3 5 62.1 21 50.8 30.9 99 NA 97.7 100 97.3 78.2 10.7
19810130 98.6 84 84.7 92.4 53.5 53.2 67.8 23.5 13.3 22.5 92.2 5 61.3 29.7 57 36.7 99.3 NA 97.9 100 98.2 81 11
19810131 98.7 87.1 87.1 93.3 62.1 59.8 73.1 27 13.4 21.9 93.5 5 60.4 43.4 65.7 44 99.4 NA 98.4 100 98.2 84.3 10.9
19810201 99.6 89.5 88.5 92.9 69.8 69.7 78.3 29.5 13.6 21.9 94.2 5 60 52.9 71.8 49.9 99.3 NA 96.6 100 98.1 87.4 11
19810202 99.7 92.6 90.9 93.8 78.5 76.3 83.5 32.9 13.7 21.3 95.4 5 59 66.5 80.4 57.1 99.5 NA 97 100 98.1 90.6 10.9
19810203 99.8 95.5 92.6 94.6 86.6 85.5 89.2 35.4 13.8 21 96.3 5 58.2 75.3 86.7 63 99.7 NA 97.3 100 99 93.4 11.2
19810204 99.9 98.6 95 95.5 95.2 92.1 94.4 38.9 13.9 20.4 97.6 5 57.3 89 95.3 70.2 99.8 NA 97.7 100 99 96.7 11.1
19810205 100 96.6 94.9 95.7 91 88.3 93.9 39.9 16 23.9 97.6 6.9 59 89.9 95.3 70.8 99.8 NA 97.7 100 99 96.5 11
19810206 100 95.3 94.8 95.8 87.7 82.4 93.6 40.7 17.6 26.4 97.6 8.1 60.4 90.9 95.1 71.1 99.7 NA 97.7 100 99 95.9 10.9
19810207 100 93.2 94.7 96 83.4 78.5 93.2 41.7 19.7 29.9 97.6 10 62.1 91.8 95.1 71.7 99.7 NA 97.7 100 99 95.7 10.9
19810208 98.8 88.3 94.7 96.2 79.9 73.1 93.4 42.6 21.3 32.5 97.2 11.2 62.6 92.9 95.3 72.1 99.8 NA 98.2 100 100 95.1 11
19810209 98.8 86.3 94.6 96.4 75.6 69.3 92.9 43.6 23.4 36 97.3 13.1 64.3 93.9 95.3 72.8 99.8 NA 98.2 100 100 94.9 10.9
19810210 98.8 85 94.5 96.6 72.4 63.3 92.6 44.4 24.9 38.5 97.3 14.4 65.7 94.8 95.1 73 99.8 NA 98.2 100 100 94.3 10.8
19810211 98.8 82.9 94.4 96.7 68.1 59.5 92.2 45.4 27 42 97.3 16.2 67.4 95.8 95.1 73.6 99.8 NA 98.2 100 100 94.1 10.7
19810212 98.8 83.6 94.2 96.7 61.4 65.1 89.8 41.1 25.6 39.3 96.8 15 66.9 94.1 94.5 73.3 99.8 NA 96.1 100 100 93.6 11.8
19810213 98.8 84.3 94.3 96.7 55.9 68.6 87.6 37.7 24.8 37.7 96.4 14.6 66.5 92.2 94.3 72.9 99.8 NA 94 100 100 94 12.6
19810214 98.8 84.9 94.1 96.7 49.2 74.2 85.3 33.4 23.5 35 95.9 13.3 65.9 90.5 93.7 72.5 99.8 NA 91.9 100 100 93.5 13.7
19810215 99.1 88.4 94.5 96.6 45.9 78.9 85.2 29.8 22.5 33.5 94.9 12.9 64.8 88.8 93.2 72 99.9 NA 90.6 100 100 93.4 14.5
19810216 99.1 89.1 94.3 96.6 39.2 84.6 82.9 25.5 21.1 30.7 94.4 11.7 64.2 87.1 92.6 71.6 99.9 NA 88.5 100 100 92.9 15.6
19810217 99.1 89.8 94.4 96.6 33.7 88 80.7 22 20.3 29.2 94 11.3 63.8 85.3 92.4 71.2 100 NA 86.4 100 100 93.3 16.3
19810218 99.1 90.4 94.2 96.6 27 93.6 78.4 17.8 18.9 26.4 93.5 10 63.3 83.6 91.9 70.9 100 NA 84.3 100 100 92.8 17.5
19810219 99 84.1 89.5 94.9 27.2 85.6 67.6 16.3 17.4 23.4 91.9 9.4 59.2 73.9 88.7 66.1 98.4 NA 80.1 100 100 91.7 15.6
19810220 98.9 77.4 85.6 93.7 29.2 80.3 60.3 14.8 15.5 20.6 90.6 8.5 57 65.3 86.6 62.3 97.3 NA 77.2 100 100 89.8 14
19810221 98.8 71.2 80.8 92 29.4 72.3 49.6 13.4 14 17.5 88.9 7.9 52.9 55.6 83.4 57.6 95.6 NA 73 100 100 88.7 12.1
19810222 98.5 66.1 77.4 89.4 29.4 65.7 39.7 11.3 11.9 14.4 88.8 7.1 48.3 50 80.4 53.7 89.5 NA 68.3 100 100 87.9 10.3
19810223 98.4 59.8 72.7 87.7 29.6 57.7 28.9 9.9 10.4 11.4 87.2 6.5 44.2 40.3 77.2 49 87.9 NA 64.1 100 100 86.8 8.5
19810224 98.3 53.1 68.7 86.5 31.6 52.3 21.6 8.3 8.6 8.6 85.9 5.6 42 31.7 75.1 45.2 86.8 NA 61.1 100 100 84.9 6.8
19810225 98.2 46.9 64 84.7 31.8 44.3 10.8 6.9 7.1 5.5 84.2 5 37.9 22 71.9 40.4 85.2 NA 57 100 100 83.8 5
19810226 98.2 45 58.7 84 29.1 41.8 10.5 6.6 6.7 5.5 78.4 5 37.2 30.3 75.1 45 77.9 NA 55.1 100 98.6 84.4 5
19810227 98.2 41.8 55.6 83.4 26.2 39.7 10.2 6.4 6.5 5.5 74.4 5 36 42 78 49 73 NA 53.9 100 98.6 86.1 5
19810228 98.2 39.9 50.3 82.6 23.5 37.2 9.8 6.1 6.2 5.5 68.7 5 35.3 50.3 81.3 53.5 65.7 NA 52.1 100 97.2 86.7 5
19810301 98.5 37.4 46.5 82.6 20.4 35.9 9.8 5.9 5.9 5.5 62.6 5 34.4 59.7 84.5 57.4 62.8 NA 50.2 100 95.6 86.7 5
19810302 98.5 35.5 41.2 81.8 17.7 33.4 9.4 5.5 5.6 5.5 56.9 5 33.6 67.9 87.7 62 55.5 NA 48.4 100 94.2 87.3 5
19810303 98.5 32.3 38.1 81.2 14.7 31.3 9.1 5.3 5.3 5.5 52.9 5 32.5 79.7 90.6 66 50.7 NA 47.1 100 94.2 89 5
19810304 98.5 30.4 32.8 80.4 12.1 28.8 8.7 5 5 5.4 47.1 5 31.7 87.9 93.8 70.5 43.4 NA 45.3 100 92.8 89.6 5
19810305 92.6 26.2 31.5 79.3 11.2 27.4 8.7 5 5 5.8 51.9 5 27.3 82.3 86.8 67.6 41.6 NA 45.1 99.9 94.2 85.6 5
19810306 88.6 23.4 30.4 78.5 10.9 27.3 8.7 5 5 6.1 55.2 5 24.4 74.8 81.4 66.2 39.1 NA 45.1 99.9 94.2 82.9 5
19810307 82.7 19.1 29.1 77.4 10.1 26 8.7 5 5 6.5 60 5 20 69.2 74.4 63.2 37.3 NA 44.9 99.8 95.6 78.9 5
19810308 77.6 16.3 27.6 76.4 9.7 25.2 8.7 5 5 6.9 65.5 5 16.8 63.2 67.9 61.2 35.6 NA 42.7 99.8 96.6 76.7 5
19810309 71.7 12.1 26.3 75.2 8.9 23.9 8.8 5 5 7.3 70.3 5 12.4 57.6 60.9 58.3 33.9 NA 42.6 99.7 98 72.7 5
19810310 67.7 9.2 25.2 74.5 8.6 23.8 8.8 5 5 7.5 73.6 5 9.4 50.1 55.4 56.9 31.3 NA 42.5 99.7 98 70 5
19810311 61.8 5 23.9 73.3 7.8 22.5 8.8 5 5 7.9 78.4 5 5 44.5 48.4 53.9 29.6 NA 42.4 99.6 99.4 66 5
19810312 63.5 5 24 76.8 8.3 28.8 9.2 5 5 8 78.7 5.9 5 39.3 46.2 48.6 27.1 NA 38 99.7 99.4 69.3 5.2
19810313 64.7 5 24.1 79.1 8.7 33.3 9.6 5 5 8.1 79.4 6.9 5 33.2 43.1 43.3 23 NA 35.1 99.7 99.4 71.6 5.3
19810314 66.5 5 24.2 82.6 9.2 39.7 10.1 5 5 8.1 79.8 7.8 5 28.1 40.8 37.9 20.4 NA 30.7 99.8 99.4 74.9 5.5
19810315 68.2 5 24.5 87.9 9.7 45 10.5 5 5 8.3 78.2 8.3 5 21.4 38 32.1 16.5 NA 28.4 99.8 100 76.5 5.6
19810316 70 5 24.7 91.3 10.3 51.4 10.9 5 5 8.3 78.6 9.2 5 16.2 35.8 26.8 14 NA 24 99.9 100 79.9 5.7
19810317 71.2 5 24.7 93.7 10.6 55.8 11.4 5 5 8.4 79.2 10.2 5 10.1 32.7 21.5 9.9 NA 21.1 99.9 100 82.1 5.9
19810318 73 5 24.9 97.1 11.2 62.2 11.8 5 5 8.5 79.6 11.1 5 5 30.4 16.1 7.3 NA 16.8 100 100 85.5 6.1
19810319 72.1 5 23.3 94.5 10.7 55.9 12.1 5 5 8.1 76.1 10.2 5 9.2 30.4 17.8 7.8 NA 18.1 98.8 100 83.3 5.9
19810320 71.5 5 21.9 92.6 10.3 51.2 12.1 5 5 7.8 73.3 9.2 5 11.9 30.4 18.9 8.2 NA 18.8 97.9 100 81.2 5.7
19810321 70.7 5 20.3 90 9.8 44.9 12.4 5 5 7.5 69.7 8.3 5 16.1 30.3 20.5 8.7 NA 20.2 96.7 100 79 5.6
19810322 69.8 5 18.2 88.2 9.3 39.5 12.6 5 5 6.9 65.8 7.8 5 18.9 30.3 21.8 8.9 NA 21.7 95.4 100 77.6 5.5
19810323 69 5 16.6 85.6 8.7 33.1 12.9 5 5 6.5 62.3 6.9 5 23.1 30.3 23.4 9.4 NA 23 94.2 100 75.3 5.3
19810324 68.4 5 15.2 83.7 8.4 28.5 12.8 5 5 6.2 59.4 5.9 5 25.8 30.3 24.6 9.7 NA 23.7 93.3 100 73.3 5.2
19810325 67.5 5 13.6 81 7.8 22.1 13.1 5 5 5.9 55.9 5 5 30 30.3 26.2 10.2 NA 25.1 92.1 100 71.1 5
19810326 68 5 13 77.8 7.6 22 12.4 5 5 5.9 56.7 5 5 25.8 28.6 25.5 9.4 NA 23.4 93.3 100 67 5
19810327 68.3 5 12.2 73.6 7.5 21.6 12.2 5 5 5.9 57.9 5 5 23.1 27.5 24.8 8.8 NA 22.4 94.1 100 63 5
19810328 68.8 5 11.5 70.4 7.3 21.6 11.5 5 5 5.9 58.7 5 5 18.9 25.9 24.1 7.9 NA 20.7 95.3 100 59 5
19810329 69.3 5 10.7 65.5 7.1 21 10.9 5 5 5.9 58.7 5 5 16.1 24.8 23.6 7.3 NA 18.9 96.4 100 54.9 5
19810330 69.8 5 10 62.2 6.9 20.9 10.2 5 5 5.9 59.5 5 5 11.9 23.1 22.9 6.5 NA 17.1 97.6 100 50.8 5
19810331 70.1 5 9.2 58.1 6.7 20.5 10 5 5 5.9 60.7 5 5 9.2 22 22.2 5.9 NA 16.2 98.4 100 46.8 5
19810401 70.6 5 8.6 54.8 6.5 20.5 9.3 5 5 6 61.4 5 5 5 20.4 21.5 5 NA 14.5 99.6 100 42.8 5
19810402 64.7 5 8 52.1 6.6 19.6 8.9 5 5 5.8 55 5 5 5 21.2 19.6 5 NA 13 99.6 97.6 41.3 5
19810403 59.8 5 7.6 49.9 6.6 19 8.4 5 5 5.7 47.2 5 5 5 21.7 17.5 5 NA 12 99.6 94 40.3 5
19810404 54 5 7 47.2 6.7 18.2 8 5 5 5.6 40.7 5 5 5 22.5 15.5 5 NA 10.5 99.6 91.6 38.8 5
19810405 48 5 6.5 44.9 6.7 16.9 7.5 5 5 5.4 32.2 5 5 5 22.9 13.4 5 NA 9 99.6 88.7 37.4 5
19810406 42.1 5 6 42.1 6.8 16 7.2 5 5 5.3 25.8 5 5 5 23.7 11.4 5 NA 7.5 99.6 86.3 35.9 5
19810407 37.2 5 5.6 40 6.8 15.4 6.7 5 5 5.1 18 5 5 5 24.3 9.3 5 NA 6.5 99.6 82.7 35 5
19810408 31.4 5 5 37.2 6.9 14.6 6.3 5 5 5 11.5 5 5 5 25.1 7.4 5 NA 5 99.6 80.3 33.5 5
19810409 28 5 5 34.1 6.6 13 6.1 5 5 5 10.4 5 5 5 22.4 7 5 NA 5 85.5 75.2 31.7 5
19810410 23.7 5 5 31.7 6.4 11.9 6 5 5 5 9.7 5 5 5 20.6 6.7 5 NA 5 75.8 71.6 29.3 5
19810411 20.3 5 5 28.5 6.1 10.3 5.7 5 5 5 8.7 5 5 5 17.9 6.4 5 NA 5 61.6 66.5 27.6 5
19810412 16.1 5 5 25.7 5.8 9.3 5.6 5 5 5 7.8 5 5 5 15.9 6 5 NA 5 47.5 61.2 25.8 5
19810413 12.7 5 5 22.6 5.5 7.7 5.4 5 5 5 6.7 5 5 5 13.2 5.7 5 NA 5 33.4 56.1 24 5
19810414 8.4 5 5 20.2 5.3 6.6 5.2 5 5 5 6 5 5 5 11.4 5.3 5 NA 5 23.7 52.5 21.6 5
19810415 5 5 5 17 5 5 5 5 5 5 5 5 5 5 8.7 5 5 NA 5 9.5 47.4 19.9 5
