19821221 5 5 5 5 5 5 5 5 5 5 5 5 5 5 7.9 5 5 NA 5 5 5 5 5
19821222 5 5 5 5 5 5 5 5 5 5 5 5 5 5 8.1 5 5 NA 5 5 5 5 5
19821223 5 5 5 5 5 5 5 5 5 5 5 5 5 5 8.4 5 5 NA 5 5 5 5 5
19821224 5 5 5 5 5 5 5 5 5 5 5 5 5 5 8.5 5 5 NA 5 5 5 5 5
19821225 5 5 5 5 5 5 5 5 5 5 5 5 5 5 8.8 5 5 NA 5 5 5 5 5
19821226 5 5 5 5 5 5 5 5 5 5 5 5 5 5 8.9 5 5 NA 5 5 5 5 5
19821227 5 5 5 5 5 5 5 5 5 5 5 5 5 5 9.1 5 5 NA 5 5 5 5 5
19821228 6.1 5.2 5 5 5 5 5 5 5 5 5 5 5 5.2 9.4 5.6 9.1 NA 5.5 9.3 5.7 5 5
19821229 8.4 5.5 5 5 5 5 5 5 5 5 5 5 5 5.6 9.8 6.9 14.5 NA 6.6 17.8 7.1 5 5
19821230 10.6 5.5 5 5 5 5 5 5 5 5 5 5 5 5.6 10.1 8 16 NA 6.6 17.8 7.1 5 5
19821231 12.9 5.9 5 5 5 5 5 5 5 5 5 5 5 6 10.6 9.3 21.3 NA 7.6 26.3 8.5 5 5
19830101 12.9 5.9 5 5 5 5 5 5 5 5 5 5 5 6.1 10.6 9.3 22.8 NA 7.6 26.3 8.5 5.1 5
19830102 15.2 6.2 5 5 5 5 5 5 5 5.1 5 5 5 6.5 11.1 10.5 28.2 NA 8.6 34.8 9.9 5.1 5
19830103 17.4 6.2 5 5 5 5 5 5 5 5.1 5 5 5 6.5 11.4 11.7 29.6 NA 8.6 34.8 9.9 5.1 5
19830104 15.2 6.2 5 5 5 5 5 5 5 5.1 5 5 5 6.5 10.9 10.6 28.2 NA 9 38.7 18.9 5.1 5
19830105 15.2 5.9 5 5 5.1 5 5 5 5 5.1 5 5 5 6.1 10.6 10.4 22.8 NA 7.9 34.2 23.9 5.1 5
19830106 12.9 5.9 5 5 5.1 5 5 5 5 5 5 5 5 6 10 9.3 21.3 NA 8.6 38.1 30.3 5.2 5
19830107 10.6 5.5 5 5 5.1 5 5 5 5 5 5 5 5 5.6 9.4 8 16 NA 7.6 37.5 36.7 5.2 5
19830108 10.6 5.5 5 5 5.2 5 5 5 5 5 5 5 5 5.6 9.3 8 14.5 NA 8.2 37.5 41.8 5.2 5
19830109 8.4 5.2 5 5 5.2 5 5 5 5 5 5 5 5 5.2 8.7 6.8 9.1 NA 7.2 36.8 48.2 5.3 5
19830110 6.1 5.2 5 5 5.2 5 5 5 5 5 5 5 5 5.2 8.2 5.7 7.7 NA 7.9 36.9 53.2 5.3 5
19830111 5 5 5 5 5.3 5 5 5 5 5 5 5 5 5 7.8 5.1 5 NA 7.4 38.5 59.6 5.3 5
19830112 19.9 17.5 5.6 8.1 5.9 5.4 5.9 5 5 5.4 13.2 5 5 5 9.2 5.3 16.5 NA 17.4 47.6 60.6 14.3 5
19830113 29.9 25.9 5.8 8.1 7.9 6.3 7.7 5 5 5.7 20.1 5 5 5 10.1 5.9 24.2 NA 27.3 54.9 63 23 5
19830114 42.6 34.2 6.5 14.3 8.8 6.4 9.3 5 5 5.9 25.9 5 5 5 11.1 5.9 31.9 NA 42 64.7 63.3 28.9 5
19830115 59.7 48.6 6.9 14.3 9.2 7.1 11.1 5 5 6.2 31.6 5 5 5.1 12.9 6.4 39.6 NA 51.8 73.8 61.8 38.1 5
19830116 69.6 59.2 7.1 14.3 12.8 8.2 12.9 5 5 6.5 39.6 5 5 5.1 13.8 7 55 NA 61.2 79.9 64.3 45.2 5
19830117 82.4 67.6 7.8 20.5 13.7 8.3 14.5 5 5 6.7 45.5 5 5 5.1 14.8 7 62.7 NA 76.4 90.9 65.6 53.7 5
19830118 95.9 78.9 8.2 20.5 14.1 9 16.3 5 5 7 51.2 5 5 5.1 16.1 7.5 70.4 NA 85.8 98.1 65.9 59.6 5
19830119 95.8 78.6 8.1 20.5 14.5 9.9 16.3 5 5 6.8 50.3 5.5 7.2 7.1 16.4 8.7 73.8 NA 81.4 98.1 68.1 59.2 5.2
19830120 95 77.4 7.6 14.3 14.4 11.2 16.3 5 5 6.5 47.4 6.6 10.8 9.8 17.5 10.9 78.2 NA 79.8 98.1 70.7 56.2 5.7
19830121 94.9 77.2 7.5 14.3 11.6 11.6 16 5 5 6.3 46.3 7.7 14.8 10.7 17.3 11.1 80.8 NA 75.5 98.1 72.9 55.4 6.2
19830122 97.6 77.8 7.4 14.3 11.9 12.9 16.7 5 5 6.1 43.5 8.8 18.4 13.9 18.3 13.3 86.9 NA 76.8 99.2 75.1 53.6 6.7
19830123 95.9 75.6 6.8 8.1 11.8 13.5 16.4 5 5 5.8 42.3 9.8 22 16.6 19.4 14.9 89.2 NA 75.2 99.2 78 53.3 7.2
19830124 95.7 75.4 6.7 8.1 10.5 14.6 16.4 5 5 5.6 39.5 10.9 26 17.4 19.1 15.6 93.9 NA 68.2 99.2 79.1 50.2 7.7
19830125 95.7 75 6.4 5 10.8 15.2 16.5 5 5 5.2 38 12 29.6 20.4 20.1 17.3 97.2 NA 67.3 99.2 82.7 48.1 8.2
19830126 95.4 70.1 6.5 5.5 12.4 15.1 15.9 5 5 6.3 44.7 12.5 31.7 25.4 21.1 16.7 91.1 NA 68.2 99.2 76.9 50.5 8.1
19830127 95.5 66.5 6.4 5.6 13.5 14.9 14.9 5 5 8.4 49.6 12.4 33.6 24.8 20.6 15.8 82.3 NA 76.4 99.2 72.3 51.9 7.9
19830128 96.2 63.7 6.5 6.4 14.6 14.6 14.3 5 5 8.4 53.9 12.4 34.9 33.3 22 15.8 77.2 NA 78.1 99.2 67.3 52.7 7.8
19830129 93.1 57.7 6.5 6.5 15.5 15.3 13.8 5 5 10.4 64.2 13.3 38.9 34.9 22.6 14.4 68.4 NA 79.8 99.7 58.6 54.4 7.7
19830130 92.8 54 6.4 6.6 17.7 15.2 13.3 5 5 12.5 69.1 13.3 40.7 35.3 23.3 13.8 60.1 NA 83.6 99.7 54.1 57.1 7.6
19830131 93.3 50.8 6.6 7.4 18.8 15 12.2 5 5 12.5 73.4 13.2 42.1 42.9 23.5 13.1 54.3 NA 84.4 99.7 48.2 58.5 7.4
19830201 93 45.3 6.4 7.5 19.9 14.6 11.3 5 5 14.6 80.5 14.2 43.8 43.7 24.1 12.4 46.7 NA 89.8 99.7 43.2 60 7.4
19830202 93.8 49.7 6.4 7.6 20 14.6 11.4 5 5 14.7 79.8 14.9 43.8 43.3 24.5 12.8 49.2 NA 87.3 99.7 50 59.6 7.4
19830203 93.6 50.4 6.4 7.6 20 14.4 11.7 5 5 14.9 79.1 15.4 43.6 43.1 24.8 12.6 49.3 NA 83.5 99.7 56.1 59.2 7.4
19830204 94.4 53.2 6.4 7.7 19.6 14.2 12.3 5 5 14.9 79 15.9 43.5 42.9 25.2 13.3 54.2 NA 83.1 99.7 65.1 58.4 7.4
19830205 95 56 6.2 7.4 19.4 14 12.6 5 5 14.9 78.5 15.8 43.5 34.9 24.3 13.1 54.3 NA 80.1 100 72.6 57.9 7.5
19830206 95.2 54.5 6.1 7.4 19.8 14 12.8 5 5 15.2 75.4 16.8 43 34.6 24.9 12.9 54.3 NA 76.8 100 78.7 57.7 7.5
19830207 95.6 57.4 6.1 7.5 19.7 13.9 13.2 5 5 15.1 77.2 17.2 42.9 34.4 25.2 13.3 54.3 NA 74 100 86.3 57.3 7.5
19830208 96.1 60.2 6.1 7.6 19.5 13.7 13.6 5 5 15.3 75.6 17.7 42.7 34.1 25.4 13.3 59.3 NA 71.9 100 95.5 56.7 7.4
19830209 96.1 64.1 10.5 10.6 20.4 14.3 12.8 5 5 15.4 79 17.7 41.4 34.3 24.9 13.2 69.3 NA 69.4 100 87.2 55.2 7.3
19830210 96.1 76.8 16.5 13.4 20.4 13.6 11.8 5 5 15.5 80.3 16.8 43.1 34.8 24.9 13.2 69.6 NA 68.8 100 81.6 53 7.2
19830211 97.3 79.4 19.4 15.6 21.7 14 10.9 5 5 15.7 85.5 16.4 40.6 41.5 22.5 12.5 79.6 NA 65.9 100 70.7 51.6 6.8
19830212 97.3 84.7 25.2 19.7 21.8 14.2 9.8 5 5 15.5 88.7 15.5 39.2 41.7 22.4 12.3 79.9 NA 66.1 100 64.6 48.5 6.7
19830213 97.3 91 28.2 21.8 23.1 13.6 9 5 5 14.8 89.6 15 39.4 41.8 21.6 11.8 89.9 NA 62.5 100 53.6 46.5 6.5
19830214 97.3 95 32.6 24.3 23.3 13.9 8.2 5 5 15.2 92.7 14.3 37.5 41.8 20.3 11.4 95 NA 61.1 100 45.3 44.6 6.2
19830215 97.3 93.9 31.5 22.1 22.9 12.6 8.1 5 5 14.5 91.7 14.3 36.2 43.2 20.7 11.3 92.8 NA 63 99.8 46.2 46 6.3
19830216 97.3 87.9 28.9 20.1 22.2 12.7 8.3 5 5 13.8 90.6 14.3 34.7 39.6 21.2 11.4 85.7 NA 65.9 99.7 49.2 47.7 6.3
19830217 97.3 85.8 26.7 19.3 21.8 11.4 8.4 5 5 13.1 89.5 14.3 33.1 40.9 21.2 11.4 81.2 NA 70.3 99.7 51.5 48 6.4
19830218 97.3 84 24.5 16.9 21.2 10.2 8.4 5 5 12.4 88.4 14.3 30.4 42.2 21.8 11.3 76.8 NA 73.3 99.5 50.6 49 6.2
19830219 96.5 81.9 22.3 14.7 20.8 9 8.4 5 5 11.7 85.7 13.9 29 39.5 22.4 11.6 72.5 NA 77.1 99.3 53.5 49.8 6.3
19830220 96.6 79.8 20.1 12.5 20.1 9 8.6 5 5 11 84.5 13.8 27.5 37.3 22.3 11.8 68 NA 80.8 99.1 56.4 51.4 6.4
19830221 96.5 69.8 17 10.1 19.7 7.8 8.6 5 5 10.3 83.5 13.8 26 38.6 23 11.7 58.3 NA 83.7 99.1 58.7 51.7 6.4
19830222 96.6 67.9 14.8 7.9 19 6.5 8.7 5 5 9.6 82.3 13.8 23.1 38.6 22.8 11.4 54 NA 87.4 99 57.8 53 6.3
19830223 96.6 64.9 11.5 6.1 19 5.9 8.9 5 5 9.4 81.5 13.7 20.8 38.2 23.4 11.6 47.3 NA 90.3 98.8 60.7 54.6 6.3
19830224 93.9 57.1 10.6 6 17.1 5.9 8.4 5 5 8.9 74 12.7 18.6 35.5 23.5 10.6 45.3 NA 82.6 98.8 56.2 53.9 6.1
19830225 88.8 49 9.8 6 15 5.7 7.6 5 5 8.2 66.5 10.6 16.8 31 23.3 9.7 41.8 NA 72.4 98.8 51.4 50 5.9
19830226 86.1 41.5 8 5.4 13.1 5.7 7.1 5 5 8 66.3 9.6 14.7 26.1 23.4 8.2 38.5 NA 67.1 98.8 47.1 48.8 5.7
19830227 82.2 33.7 7.2 5.4 10.2 5.5 6.3 5 5 7.3 58.8 7.6 12.9 21.3 22.8 7.2 32.4 NA 54.6 98.9 42.5 45.4 5.5
19830228 78.4 25.7 6.3 5.3 8.3 5.5 5.9 5 5 6.8 51.3 6.5 10.7 18.3 22.4 6.3 29.1 NA 49.2 98.8 37.7 44.2 5.3
19830301 75.1 15.9 5 5 6.4 5.4 5.2 5 5 6.3 43.8 5 8.1 13.7 22.6 5.1 25.7 NA 37.8 98.8 33 41.2 5
19830302 73.6 15.9 5 5 6.4 5.3 5.2 5 5 6.2 43.7 5 8.1 13.8 21.3 5.2 23.3 NA 34.1 97.9 32.9 40.6 5
19830303 71.7 11.6 5 5 6.4 5.3 5.2 5 5 6 43.1 5 8 13.8 20.8 5.4 20.9 NA 31.3 96 32.6 39.4 5
19830304 70.2 11.6 5 5 6.4 5.2 5.2 5 5 5.9 43.4 5 8 14.1 19.8 5.6 18.5 NA 27.5 95 31.9 38.6 5
19830305 68.7 11.5 5 5 6.4 5.2 5.2 5 5 5.7 42.4 5 8 14.3 18.3 5.8 13.4 NA 23.9 94 28.6 37.8 5
19830306 66.9 7.2 5 5 6.4 5.1 5.2 5 5 5.6 42.7 5 8 14.3 17.7 5.8 10.9 NA 21.1 92.1 28.5 37 5
19830307 65.3 7.2 5 5 6.5 5.1 5.2 5 5 5.4 41.8 5 8 14.4 16.7 6 8.5 NA 17.3 91.1 28.2 35.6 5
19830308 64.3 5 5 5 6.5 5 5.2 5 5 5.2 40.1 5 8 14.3 15.6 6.2 5 NA 16.1 89.7 27.8 34.5 5
19830309 64 5 5 5 6.5 5 5.2 5 5 5.2 38.2 5 7.7 12.8 14.8 6 5 NA 14.3 91.1 25.7 33.1 5
19830310 63.3 5 5 5 6.5 5 5.1 5 5 5.2 38.4 5 7 11.7 14.2 5.8 5 NA 13 92 22.3 32.2 5
19830311 63 5 5 5 6.5 5 5.1 5 5 5.1 36.3 5 6.7 10.7 13.7 5.7 5 NA 11.8 93.4 21.1 31.3 5
19830312 62.7 5 5 5 6.4 5 5.1 5 5 5.1 34.1 5 6.4 8.6 12.6 5.5 5 NA 9.3 94.2 19 29.5 5
19830313 62 5 5 5 6.4 5 5 5 5 5.1 34.3 5 5.8 7.6 11.9 5.3 5 NA 8.1 95.1 15.6 28.6 5
19830314 61.7 5 5 5 6.4 5 5 5 5 5 32.3 5 5.5 6.6 11.4 5.1 5 NA 6.9 96.5 13.5 27.6 5
19830315 61.2 5 5 5 6.4 5 5 5 5 5 32.5 5 5 5 10.6 5 5 NA 5 97.7 11.2 26.3 5
19830316 57.4 5 5 5 6.1 5 5 5 5 5 27.9 5 5 6.1 10.9 5.4 6.1 NA 5.8 97.9 15.8 26.8 5
19830317 53.6 5 5 5 6 5 5 5 5 5 24.9 5 5 8.2 11.8 6.1 6.9 NA 6.4 97.4 25 27.6 5
19830318 45.9 5 5 5 5.8 5 5 5 5 5 21.8 5 5 8.2 11.4 6.7 7.6 NA 6.9 97.5 34.3 28.6 5
19830319 42.1 5 5 5 5.7 5 5 5 5 5 18.8 5 5 10.3 12.3 6.8 8.3 NA 7.5 97.9 34.1 29.6 5
19830320 38.3 5 5 5 5.5 5 5 5 5 5 15.7 5 5 10.3 12.1 7.5 9.1 NA 8 98.1 43.4 30.4 5
19830321 34.5 5 5 5 5.4 5 5 5 5 5 12.6 5 5 12.5 12.9 8.2 9.8 NA 9.1 98.4 52.6 31.2 5
19830322 30.7 5 5 5 5.2 5 5 5 5 5 9.6 5 5 12.5 12.8 8.2 10.6 NA 9.7 97.2 52.7 31.9 5
19830323 25 5 5 5 5 5 5 5 5 5 5 5 5 14.6 13.5 8.9 11.3 NA 10.2 97.3 61.7 32.9 5
19830324 24.7 5 5 5 5 5 5 5 5 5 5 5 5 12.8 13.3 8.2 10.6 NA 9.7 96.9 54.7 31.9 5
19830325 23.2 5 5 5 5 5.1 5 5 5 5 5 5 5 13.3 14.4 7.6 9.8 NA 8.6 97.3 49.3 30.8 5
19830326 23.1 5 5 5 5 5.1 5 5 5 5 5 5 5 11.5 14.5 7.5 8.3 NA 8 96.9 49.5 29.6 5
19830327 22.6 5 5 5 5 5.1 5 5 5 5 5 5 5 9.8 14.6 6.8 7.6 NA 7.5 96.4 44.2 28.5 5
19830328 21.1 5 5 5 5 5.2 5 5 5 5 5 5 5 9.9 15.2 6.2 6.9 NA 6.4 96.4 37.1 27.3 5
19830329 21 5 5 5 5 5.2 5 5 5 5 5 5 5 8.5 15.9 5.5 6.1 NA 5.8 95.9 31.9 26.2 5
19830330 20 5 5 5 5 5.2 5 5 5 5 5 5 5 7.7 16.2 5.1 5 NA 5 95.7 28.3 24.4 5
19830331 17.2 5 5 5 5 5.2 5 5 5 5 5 5 5 7.3 15.1 5.1 5 NA 5 90.7 25 23.5 5
19830401 15.8 5 5 5 5 5.2 5 5 5 5 5 5 5 6.9 14 5.1 5 NA 5 88.3 20.3 23 5
19830402 13 5 5 5 5 5.1 5 5 5 5 5 5 5 6.5 12.9 5.1 5 NA 5 83.2 17 21.7 5
19830403 11.7 5 5 5 5 5.1 5 5 5 5 5 5 5 6 11.8 5.1 5 NA 5 80.9 12.3 21.2 5
19830404 8.8 5 5 5 5 5 5 5 5 5 5 5 5 5.6 10.7 5.1 5 NA 5 75.7 9 20.2 5
19830405 6.8 5 5 5 5 5 5 5 5 5 5 5 5 5 9 5.1 5 NA 5 72 5 19.4 5
19830406 7.7 5 5 5 5 5 5 5 5 5 5 5 5 5 8.9 5.1 5 NA 5 65.4 5 18 5
19830407 8.3 5 5 5 5 5 5 5 5 5 5 5 5 5 8.7 5.1 5 NA 5 52.2 5 15.2 5
19830408 8.9 5 5 5 5 5 5 5 5 5 5 5 5 5 8.5 5.1 5 NA 5 45.6 5 13.8 5
19830409 10.1 5 5 5 5 5 5 5 5 5 5 5 5 5 8.4 5.1 5 NA 5 39 5 12.5 5
19830410 10.7 5 5 5 5 5 5 5 5 5 5 5 5 5 8.2 5.1 5 NA 5 25.8 5 9.7 5
19830411 11.3 5 5 5 5 5 5 5 5 5 5 5 5 5 8.1 5.1 5 NA 5 19.2 5 8.3 5
19830412 12.3 5 5 5 5 5 5 5 5 5 5 5 5 5 7.9 5.1 5 NA 5 9.3 5 6.2 5
19830413 11.8 5 5 5 5 5 5 5 5 5 5 5 5 5 7.9 5.1 5 NA 5 9.3 5 6.2 5
19830414 11.2 5 5 5 5 5 5 5 5 5 5 5 5 5 7.9 5.1 5 NA 5 9.3 5 6.1 5
19830415 10.6 5 5 5 5 5 5 5 5 5 5 5 5 5 7.9 5.1 5 NA 5 9.5 5 6.1 5
19830416 9.8 5 5 5 5 5 5 5 5 5 5 5 5 5 7.9 5.1 5 NA 5 9.5 5 6.1 5
19830417 9.2 5 5 5 5 5 5 5 5 5 5 5 5 5 7.9 5.1 5 NA 5 9.5 5 6 5
19830418 8.6 5 5 5 5 5 5 5 5 5 5 5 5 5 7.9 5.1 5 NA 5 9.6 5 6 5
19830419 7.9 5 5 5 5 5 5 5 5 5 5 5 5 5 7.9 5.1 5 NA 5 9.7 5 5.9 5
19830420 7.7 5 5 5 5 5 5 5 5 5 5 5 5 5 7.9 5.1 5 NA 5 9.2 5 5.8 5
19830421 6.9 5 5 5 5 5 5 5 5 5 5 5 5 5 7.8 5.1 5 NA 5 8.2 5 5.6 5
19830422 6.7 5 5 5 5 5 5 5 5 5 5 5 5 5 7.7 5.1 5 NA 5 7.7 5 5.5 5
19830423 6.5 5 5 5 5 5 5 5 5 5 5 5 5 5 7.7 5.1 5 NA 5 7.2 5 5.4 5
19830424 5.7 5 5 5 5 5 5 5 5 5 5 5 5 5 7.6 5.1 5 NA 5 6.2 5 5.2 5
19830425 5.5 5 5 5 5 5 5 5 5 5 5 5 5 5 7.6 5.1 5 NA 5 5.7 5 5.1 5
19830426 5 5 5 5 5 5 5 5 5 5 5 5 5 5 7.5 5.1 5 NA 5 5 5 5 5
19830427 5 5 5 5 5 5 5 5 5 5 5 5 5 5 7.4 5.1 5 NA 5 5 5 5 5
19830428 5 5 5 5 5 5 5 5 5 5 5 5 5 5 7.2 5.1 5 NA 5 5 5 5 5
19830429 5 5 5 5 5 5 5 5 5 5 5 5 5 5 7.1 5 5 NA 5 5 5 5 5
19830430 5 5 5 5 5 5 5 5 5 5 5 5 5 5 7 5 5 NA 5 5 5 5 5
19830501 5 5 5 5 5 5 5 5 5 5 5 5 5 5 6.9 5 5 NA 5 5 5 5 5
19830502 5 5 5 5 5 5 5 5 5 5 5 5 5 5 6.8 5 5 NA 5 5 5 5 5
19830503 5 5 5 5 5 5 5 5 5 5 5 5 5 5 6.6 5 5 NA 5 5 5 5 5
