19841222 5.6 0 0 0 4.4 0.7 0 0 0 1.1 5 0 0 5 7.8 5 0 NA 0 5 7.5 5.8 0
19841223 7.3 0 0 0 4.4 0.7 0 0 0 1.1 5 0 0.5 9.8 11 6.1 1.9 NA 10.9 10.6 8.3 5.9 0
19841224 9.7 0 0 0 4.4 0.7 0 0 0 1.1 5 0 1 16.3 15.1 7.7 2.9 NA 16.4 18 9.6 6 0
19841225 10.8 5 5 5 5 5 5 5 5 5 5 5 6.3 19.5 17.6 8.4 9.4 NA 29.6 21.7 10 6 5
19841226 13.2 5 5 5 5 5 5 5 5 5 5 5 6.8 26 21.7 9.9 11.3 NA 35.1 29.1 11.3 6.1 5
19841227 14.3 5 5 5 5 5 5 5 5 5 5 5 7.3 29.2 24 10.7 12.3 NA 46 32.8 11.7 6.1 5
19841228 16.7 5 5 5 5 5 5 5 5 5 5 5 7.8 34.2 27.4 11.8 14.2 NA 54.2 38.4 12.7 6.2 5
19841229 29.8 16.8 5.8 5 6.2 5 5.8 5 5 5.7 13.3 5 13 32.7 27.5 12.1 27.8 NA 56.8 47.8 17.7 12.8 5
19841230 38.6 24.6 6.4 5 6.9 5 6.4 5 5 6.1 18.8 5 17 31.5 27 12.3 36.8 NA 58.6 54.1 26.8 17.2 5
19841231 47.4 32.5 7 5 7.7 5 7 5 5 6.6 24.4 5 20.5 30.5 27.1 12.4 45.8 NA 60.3 60.4 35.9 21.6 5
19850101 56.1 40.3 7.5 5 8.5 5 7.5 5 5 7.1 29.9 5 24.5 29.4 27.3 12.7 54.8 NA 62.1 67.6 36.4 26 5
19850102 64.9 48.2 8.1 5 9.3 5 8.1 5 5 7.5 35.5 5 28 28.3 27.4 12.8 63.8 NA 63.8 73.8 45.4 30.4 5
19850103 75.6 56.5 8.6 5 10.1 5 8.7 5 5 8 41 5 32 27 26.2 13 73.2 NA 65.5 80.1 55 35.6 5
19850104 84.4 64.3 9.2 5 10.9 5 9.2 5 5 8.4 46.5 5 35.5 26 26.3 13.1 82.2 NA 67.3 86.4 55.4 40 5
19850105 96.6 72.2 9.8 5 11.8 5 9.8 5 5 8.9 53.7 5 41 24.4 26.5 13.4 91.3 NA 69.8 95.9 64.6 46.2 5
19850106 96.6 73.2 10.9 6.4 14.4 5.4 11.8 5 5.2 9.9 58.6 5 41 26 26.3 14.5 91.3 NA 72.7 95.9 71.3 49.9 5
19850107 96.6 73.9 12 7.5 16.1 5.5 13.1 5 5.3 10.6 61.9 5 41.1 27 26.3 15.3 91.6 NA 74.6 95.9 73.4 52.3 5
19850108 96.6 74.6 13 8.5 17.8 6.1 14.5 5 5.4 11.2 65.1 5 41.1 28.1 25.8 15.9 91.6 NA 76.5 95.9 80.1 55 5
19850109 97.1 75.3 14.1 9.5 20.5 6.2 16.8 5 5.6 12.2 72.8 5 41.4 28.9 25.9 16.5 91.6 NA 80.5 95 82.4 58.1 5
19850110 97.1 76.7 15.3 11.6 23 6.5 18.8 5 5.8 13.4 76.1 5 41.4 31 25.9 17.9 91.6 NA 82.4 95 89.1 62.2 5
19850111 97.1 77.4 16.3 12.6 24.7 7 20.1 5 5.9 14 79.4 5 41.5 32 25.8 18.7 92 NA 84.3 95 92.1 64.9 5
19850112 97.1 78.1 17.4 13.6 26.9 7.2 21.8 5 6 14.7 84.3 5 41.5 33 25.1 19.2 92 NA 87.2 95 95.4 67.6 5
19850113 97.1 80.3 23.2 14.5 26 8.3 22.1 5 6.2 14.9 84 5.8 41 33.7 26.4 19.4 90.6 NA 87.2 95 95.2 67.3 7.2
19850114 97.1 81.7 27.2 15.3 25.3 9 22.6 5 6.3 14.9 83.8 6.3 40.7 34.1 27.4 19.4 89.1 NA 87.2 95 95 66.9 8.7
19850115 97.1 83.2 30.6 15.7 24.1 9.7 23 5 6.4 14.9 83.5 6.9 40.4 34.2 28.1 19.4 86.9 NA 87.2 95 94.6 66.2 10.1
19850116 99.8 87.5 34.6 16.3 23.7 10.6 23.5 5 6.5 15 83.1 7.4 39.5 36.1 30.3 20 88.1 NA 87.2 100 94.8 66.8 11.6
19850117 99.8 90.3 42.3 17.6 23.1 11.4 23.7 5 6.7 15.2 82.9 8.3 39.4 36.4 31.3 20 86.7 NA 87.2 100 94.6 66.4 14.5
19850118 99.8 91.7 46.7 18.2 22 12.1 24.2 5 6.8 15.2 82.7 8.9 39 36.9 32.3 20 85.3 NA 87.2 100 94.4 66 16
19850119 99.8 93.3 49.9 18.9 21.2 12.8 24.6 5 6.9 15.3 82.4 9.4 38.4 37.4 33.5 20.2 83.4 NA 87.2 100 94.1 65.4 17.5
19850120 99.8 92.9 51.4 22.8 22.5 14.1 26.1 8.3 7 14.5 82.7 17.5 41 40.2 34.6 21.8 85.3 NA 87.7 95 94.3 65.8 18.1
19850121 99.8 93.1 51.6 25.4 23.6 15.4 26.9 10.5 7.1 13.9 82.9 22.8 42.8 42.1 35.3 22.9 87.3 NA 88 95 95.8 66.8 18.5
19850122 99.8 92.6 51 28.1 24.6 16.6 28.1 12.6 7.2 12.9 83.1 27.8 44.5 44.2 36.4 24.3 89.7 NA 88.5 90 95.9 67 18.9
19850123 99.9 94.9 54 30.7 26.7 17.5 29.9 14.8 7.1 11.7 85.7 33 48.2 48.5 38 26.4 94.2 NA 92 90 97.5 69.2 20.5
19850124 99.9 94.6 55.1 33.4 27.7 18.2 30.9 17 7.2 11.1 85.9 38.3 49.9 50.4 38.6 27.4 95.6 NA 92.4 90 97.7 70.1 20.9
19850125 99.9 94.6 55.6 36 28.6 19.5 32 19.2 7.3 10.4 86.1 43.6 51.6 52.5 39.8 28.8 98.5 NA 92.8 80 99 69.2 21.3
19850126 99.9 94.3 55.8 39.1 29.8 20.6 33.3 21.4 7.4 9.5 86.5 48.7 54.2 55.3 40.6 30.3 99.9 NA 93.3 80 99.3 70.7 21.9
19850127 99.8 94.6 61.9 47.6 29.2 21.3 36.6 21.9 8 11.6 87.7 42.9 53.7 56.5 42.4 31.3 99.9 NA 94.1 80 99.3 71.6 19.1
19850128 99.8 95.9 66.2 53.8 28.7 22.7 38.6 22.2 8.4 13.1 88.6 37 53.3 57.3 43.7 32 99.9 NA 94.6 90 99.4 74 17.2
19850129 99.7 96.1 70.1 62.1 28.2 23.3 40.8 22.5 8.9 14.6 89.4 31.2 53 58.2 44.8 32.5 99.9 NA 95.1 90 99.4 74.8 15.3
19850130 99.7 96.4 78.3 73.7 28.2 24.7 43.4 22.9 9.3 15.9 89.5 25.4 52.5 59.8 46.8 34 99.7 NA 96.2 90 99.9 75.4 11.6
19850131 99.6 97.8 82.6 79.9 27.7 25.7 46.9 23.2 9.7 18.3 91.2 19.5 52.1 60.6 47.9 34.2 99.7 NA 96.7 95 100 77.4 9.7
19850201 99.6 97.9 86.7 86.9 27.3 26.7 49 23.5 10.1 19.8 92.1 13.7 51.8 61.5 49.3 35.2 99.7 NA 97.2 95 100 78.1 7.8
19850202 99.6 98.7 92.7 95.6 26.5 27.4 51.5 23.8 10.5 21.2 92.9 5 51.2 62.7 50.7 35.6 99.7 NA 98 100 100 79.5 5
19850203 99.6 98.7 93.1 95.6 30.3 31.9 51.2 25.8 11 22.2 92.8 10.2 58.6 68.3 57.8 40.8 99.7 NA 98 100 100 81.7 9.2
19850204 99.7 98.9 93.3 95.6 32.5 34.7 51 27.1 11.4 22.9 92.9 13.7 63.5 72.1 62.3 44.1 99.7 NA 98 100 100 83 12.1
19850205 99.8 98.9 93.6 95.6 35.5 37.7 50.6 30.9 12.4 24.2 92.6 17.2 68.5 75.8 67.2 47.4 99.7 NA 98 100 100 84.3 15
19850206 99.8 99.4 94.3 95.7 40 43.9 50.7 33.5 13.2 26.1 94.3 20.7 79.2 80 73.1 53.6 99.9 NA 99.2 100 100 87.4 19.5
19850207 99.9 99.4 94.6 95.7 42.8 47 49.9 34.8 13.6 26.7 93.9 27.7 84.2 85.6 81 57.7 99.9 NA 99.2 100 100 88.8 23.6
19850208 100 99.6 94.8 95.7 45 49.8 50.1 37.4 14.3 27.8 94.1 31.2 89.1 89.3 85.5 61.2 99.9 NA 99.2 100 100 90.2 26.4
19850209 100 99.6 95.2 95.7 49.1 54.4 49.4 39.3 14.8 28.6 93.9 34.7 96.5 94 91.1 65.8 99.9 NA 99.2 100 100 91.9 30.1
19850210 100 99.6 95.2 94.4 53.6 53 52.3 39 15.6 28 90.8 31.2 96.5 94 89.7 66 99.6 NA 99.2 100 100 91.2 28.4
19850211 100 99.6 95.2 93.4 56.7 50.7 54.2 38.2 15.8 27.2 89.3 30.7 96.5 94 87.9 65.5 99.2 NA 99.1 100 100 90.1 28
19850212 100 99.6 95.2 92.6 59.7 49.7 56.3 37.9 16.4 26.6 86.8 26.7 96.5 94 85.6 65.1 98.9 NA 99.1 100 100 89.6 26.1
19850213 100 99 95 90.7 63.1 48.5 57.3 37 16.8 25.4 82.8 23.3 93.1 96.1 85.1 64.2 98.7 NA 98.3 100 100 87.6 23.6
19850214 100 99 95 89.8 66.8 44.7 60.1 35.6 16.6 24 80.7 19.8 93.1 96.1 84.2 64 98.5 NA 98.3 100 100 86.2 22.1
19850215 100 99 95 88.9 71 43.7 62.2 35.4 17.2 23.5 78.7 19.3 93.1 96.1 82.6 63.9 98.1 NA 98.2 100 100 85.6 21.5
19850216 100 99 95 87.6 74 42.3 64.4 34.8 17.7 22.8 75.9 15.5 93.1 96.1 80.2 63.4 97.8 NA 98.2 100 100 84.8 19.7
19850217 100 98.3 94.5 88.2 76.5 47.6 66.9 36.1 18.1 23.5 77.4 16.5 93.1 92.3 80.6 64.3 97.8 NA 98.2 99.8 99.9 86.2 19.7
19850218 100 97.9 94.2 89.1 78.1 51 68.6 37 18.4 24.2 79.2 18.5 92.8 89.8 83.1 64.9 97.9 NA 98.2 99.7 99.9 87.2 20.3
19850219 100 97.4 93.9 89.5 82.1 55.9 70.3 39.5 20 26.1 80.2 18.5 92.8 87.3 83.6 67 97.9 NA 98.2 99.4 99.8 89.6 19.4
19850220 100 96.6 93.2 91.5 84.2 61.9 71.9 41.3 20.6 26.9 81.6 23.6 92.8 82.2 83.8 68.7 98.3 NA 98.2 99.4 99.8 91.7 21.1
19850221 100 96.1 92.9 92.4 87.5 68.9 75.3 42.2 20.8 27.7 83.6 25.6 92.8 79.7 84.1 68.9 98.3 NA 98.2 99 99.7 92.9 21.6
19850222 100 95.7 92.6 92.8 90.3 73 77 43.8 21.7 29.1 85.3 25.6 92.5 77.2 87 70.1 98.4 NA 98.2 99 99.7 94.6 21.2
19850223 100 95 92.2 93.7 92 76.5 78.6 45.2 22.1 29.7 86.4 27.6 92.5 73.4 87.1 71.3 98.4 NA 98.2 98.7 99.6 95.9 21.5
19850224 100 93.4 87.3 93.1 81.8 69.9 72.1 44.8 22.5 29.3 83.5 27.9 92.5 74.4 87.6 72.5 97.9 NA 97.6 99 99.7 90.2 21.8
19850225 100 92.1 83.7 92.6 72.9 64.1 66 44.6 22.7 28.8 80.9 26.7 92.7 75.1 87.2 72.9 97.6 NA 96.7 99 99.7 85.7 22.2
19850226 100 91 80.2 92 59.4 53.9 55.9 44.4 22.9 27.8 75.2 26.8 92.7 75.8 87.8 74.3 97.1 NA 96 99.4 99.8 80.7 22.1
19850227 100 89.1 73.9 91.8 48.2 47.3 47.9 43.9 23.4 27.4 72.5 27.2 95.5 77.3 87.3 74.8 96.8 NA 94.8 99.4 99.8 74 23.2
19850228 100 87.7 70.3 91.2 37.6 41.4 41.6 43.7 23.6 26.9 69.5 27.6 95.5 78 87.7 75.8 96.4 NA 94.1 99.7 99.9 68.9 23.3
19850301 100 86.5 66.8 90.7 28.7 35.6 35.5 43.5 23.8 26.5 67 26.1 95.7 78.7 87.3 76.2 95.9 NA 93.2 99.8 100 64.7 23.6
19850302 100 84.9 61.9 90.1 17.1 26.8 27.1 43.1 24.2 25.7 62.6 26.5 95.7 79.7 87.2 77.1 95.5 NA 92.5 100 100 58.8 23.5
19850303 100 83.6 62.3 90.8 21.6 25 30.6 42.9 24.4 26.5 66.1 23.7 85.2 78.5 86.8 75.2 94.4 NA 92.5 100 100 63 21.5
19850304 100 81 62.6 91.7 26 23.9 34.4 42.7 24.6 27 68.3 21 76.8 77.8 86.3 73.2 89.7 NA 92 100 100 65.1 18.6
19850305 100 79.9 62.8 92.2 29.6 22.9 37.7 42.5 24.7 27.5 70.8 18.2 67.8 77 86.3 71.7 88.6 NA 90.8 100 100 68.1 17.5
19850306 99.7 77.6 63.3 92.1 35.6 21 42.7 42.2 25 28.7 74.8 15.3 55.2 75.4 85.6 68.7 87.6 NA 88.3 100 100 71.9 14
19850307 99.7 74.9 63.6 93.1 40.1 19.6 46.2 42 25.1 29.2 77.1 13.6 46.6 74.6 84.9 66.9 86.6 NA 87 100 100 73.1 11.8
19850308 99.7 73.7 63.8 93.9 44.5 18.6 49.3 41.8 25.3 29.7 79.7 9.8 38.3 73.8 84.5 64.9 81.8 NA 87.7 100 100 76.2 9.3
19850309 99.7 71.8 64.1 94.4 48.1 16.9 53.5 41.5 25.5 30.4 83 7.5 27.5 72.7 84.1 62.8 80.8 NA 86.4 100 100 79.3 7
19850310 96.9 64.6 58.4 90.2 43.5 16.4 47.1 35.4 22.1 26.9 78.1 7.5 29.2 66.2 79 58.4 75.1 NA 79.4 100 100 75.8 7
19850311 91.5 53.4 53.3 85.4 38.4 15.8 41.8 31.4 19.8 24.9 74.3 6.5 30.4 58.7 73.8 54.5 67.2 NA 76 100 100 72.4 6.3
19850312 88.8 46.9 49.5 80.8 31.2 15.7 36.7 27.3 17.5 22.5 68.9 6.5 31.7 53.8 69.6 50.8 56.7 NA 70.5 100 100 70.1 6.3
19850313 85.7 39.1 41.9 75.4 25.7 14.9 27.6 19.2 13 18.2 64 6.5 33.1 45.4 62 44.4 50.3 NA 62 100 99.9 66.1 6.2
19850314 80.7 27.6 35.6 69.4 21.1 14.3 23.2 15.1 10.7 15.4 56.7 5.5 34.2 37 55.2 40.1 43.6 NA 58.6 100 99.9 62.1 5.6
19850315 77.7 21 31.8 66 16 13.8 17.1 11.1 8.4 13.4 54.5 5.5 35.5 32.1 51.5 37.2 36.7 NA 53.1 100 99.9 59.3 5.5
19850316 73.7 11.5 26 61.1 9 13.4 10.8 5 5 9.8 47.6 5 37.2 24.6 45.6 31.4 28.1 NA 47.2 100 99.9 55.1 5.2
19850317 77.7 10.7 25.2 61.1 9 15 11.6 5 5 10.2 48.3 5 37.3 23.5 44.3 32.9 26.2 NA 48.1 100 99.9 58.8 5.2
19850318 80.3 10.1 24.4 61.1 9.1 16.1 11.8 5 5 10.9 51.6 5 36.1 22.4 42.1 32.6 25.2 NA 48.7 100 99.9 62.7 5.2
19850319 83 9.2 24.4 63.5 9.1 17.5 12.4 5 5 11.3 52 5 36.5 21.2 40.8 33.7 21.2 NA 49 100 99.9 66.7 5.3
19850320 85.7 8.4 24.4 63.7 9.3 19 12.6 5 5 12.1 55.1 5 36.3 19.9 39.9 35.8 21.5 NA 49.9 100 100 72.8 5.3
19850321 90.9 7.5 23.6 63.7 9.2 20.7 12.8 5 5 12.7 56.7 5 35 18.9 38.1 35.9 18.8 NA 50.8 100 100 76.2 5.3
19850322 93.6 6.9 23.2 64.9 9.3 21.8 13.3 5 5 13.4 59.6 5 35.4 17.8 36.7 36.8 17.8 NA 50.9 100 100 80.1 5.4
19850323 96.2 5.8 22.1 64.9 9.3 23.2 13.8 5 5 13.7 59.5 5 34.7 15.9 33.9 37.2 14.4 NA 51.8 100 100 84.1 5.4
19850324 95.9 5.8 21.6 66.5 9.2 21 12.6 5 5 12.7 54.8 5 32.3 15.4 33.2 35.9 14.4 NA 51.3 100 100 80 5.4
19850325 95.6 5.5 21.1 67.2 9 19 11.8 5 5 11.6 49.9 5 28.7 14.9 32.1 34.6 11.4 NA 50.7 100 100 76 5.3
19850326 95 5.5 20.2 68.4 9 16.6 10.5 5 5 9.6 41.6 5 26.7 14.1 29.8 32.9 11.4 NA 50.1 100 100 71.1 5.2
19850327 94.7 5.5 19.2 66.4 8.9 13.8 9.2 5 5 8.6 36.7 5 23.6 13.8 28.8 31.1 9.6 NA 48.9 100 100 67.4 5.2
19850328 94.4 5.2 18.5 68.6 8.7 11.8 8.6 5 5 7.6 32.7 5 20.3 13.3 28.2 30 8.3 NA 48.5 100 100 63.1 5.1
19850329 94.1 5.2 18.1 69.7 8.5 9.7 7.5 5 5 6.5 27.8 5 18.3 12.7 27 28.6 6.5 NA 47.8 100 100 59.3 5.1
19850330 93.7 5 17.3 70.4 8.4 7.4 6.1 5 5 5 21 5 14.9 12.3 25.6 26.8 5 NA 47 100 100 54.7 5
19850331 87 5 15.6 67.5 8.1 7.1 6.1 5 5 5 19.5 5 14.4 11.7 23.9 23.7 5 NA 44.9 99.2 96.9 51.7 5
19850401 77.2 5 14 65 7.7 7 6 5 5 5 17.5 5 13 11.1 22 21.4 5 NA 41.2 98 92.8 48.9 5
19850402 67.1 5 12.7 59.6 7.4 6.3 5.5 5 5 5 13.2 5 12.5 10.5 19.2 18.9 5 NA 38.1 97.6 91.8 43.4 5
19850403 60.4 5 10.6 57.1 6.9 5.9 5.5 5 5 5 11.7 5 11.6 10.1 17.6 14.9 5 NA 35.4 96.4 86.6 41 5
19850404 50.6 5 9 55 6.6 5.7 5.3 5 5 5 9.7 5 10.5 9.2 15.8 12.6 5 NA 32.3 95.6 84.6 37.5 5
19850405 43.9 5 7.6 51.7 6.2 5.3 5.1 5 5 5 7.2 5 9.6 8.8 14.1 10.4 5 NA 29.6 94.4 79.4 34.9 5
19850406 33.9 5 5.5 48 5.9 5 5 5 5 5 5 5 8.6 8.2 11.8 7.1 5 NA 26.2 93.8 77.9 30.7 5
19850407 32 5 5.4 44.5 5.7 5 5 5 5 5 5 5 8.3 7.7 11.4 6.9 5 NA 26 93.6 76.7 30 5
19850408 28.2 5 5.4 41.1 5.7 5 5 5 5 5 5 5 7.5 7.2 10.9 6.5 5 NA 24.5 93.2 78 30.1 5
19850409 26.2 5 5.3 34.7 5.5 5 5 5 5 5 5 5 7.1 6.7 10.5 6.3 5 NA 24 93 76.9 29.3 5
19850410 24.3 5 5.2 31.1 5.3 5 5 5 5 5 5 5 6.7 6.2 10.1 6.1 5 NA 23.5 93.6 77.6 28.6 5
19850411 20.5 5 5.1 27.7 5.3 5 5 5 5 5 5 5 6 5.7 9.6 5.7 5 NA 22 93.1 75.8 28.7 5
19850412 18.6 5 5.1 24.4 5.1 5 5 5 5 5 5 5 5.6 5.2 9.2 5.5 5 NA 21.5 93 76.2 27.9 5
19850413 15.7 5 5 19.3 5 5 5 5 5 5 5 5 5 5 8.9 5.2 5 NA 20.8 92.7 76.6 27.6 5
19850414 14.6 5 5 18.6 5 5 5 5 5 5 5 5 5 5 8.7 5.3 5 NA 18.2 90.1 70.9 26.9 5
19850415 12.3 5 5 18.1 5 5 5 5 5 5 5 5 5 5 8.4 5.6 5 NA 16.4 85.6 61.9 26.2 5
19850416 11.2 5 5 17.6 5 5 5 5 5 5 5 5 5 5 8.3 5.8 5 NA 14.7 83.1 57.6 25.7 5
19850417 10.1 5 5 16.6 5 5 5 5 5 5 5 5 5 5 8.1 6.1 5 NA 11.1 80.5 52 24.7 5
19850418 7.8 5 5 16.1 5 5 5 5 5 5 5 5 5 5 7.8 6.3 5 NA 9.4 76 42.9 24.1 5
19850419 6.7 5 5 15.7 5 5 5 5 5 5 5 5 5 5 7.7 6.6 5 NA 7.6 73.5 38.2 23.5 5
19850420 5 5 5 14.9 5 5 5 5 5 5 5 5 5 5 7.4 6.8 5 NA 5 69.6 30.7 22.7 5
19850421 5 5 5 15.2 5 5 5 5 5 5 5 5 5 5 7.4 6.5 5 NA 5 62.8 27.9 20.8 5
19850422 5 5 5 15.4 5 5 5 5 5 5 5 5 5 5 7.2 6.3 5 NA 5 49.2 22.6 17.1 5
19850423 5 5 5 15.6 5 5 5 5 5 5 5 5 5 5 7.1 6 5 NA 5 42.4 19.8 15.2 5
19850424 5 5 5 15.9 5 5 5 5 5 5 5 5 5 5 7.1 5.7 5 NA 5 35.6 16.9 13.3 5
19850425 5 5 5 16.1 5 5 5 5 5 5 5 5 5 5 6.9 5.4 5 NA 5 22 11.7 9.6 5
19850426 5 5 5 16.3 5 5 5 5 5 5 5 5 5 5 6.8 5.1 5 NA 5 15.2 8.8 7.7 5
19850427 5 5 5 16.6 5 5 5 5 5 5 5 5 5 5 6.7 5 5 NA 5 5 5 5 5
