19981215 0 0 0 0 0 0 0 0 0 0 0 0 0 0 0.5 0 0 NA 0 0 0 0 0
19981216 0 0 0 0 0 0 0 0 0 0 0 0 0 0 0.5 0 0 NA 0 0 0 0 0
19981217 0 0 0 0 0 0 0 0 0 0 0 0 0 0 0.4 0 0 NA 0 0 0 0 0
19981218 0 0 0 0 0 0 0 0 0 0 0 0 0 0 0.4 0 0 NA 0 0 0 0 0
19981219 1.6 0 0 0 0 0 0.1 0 0 0 0 0 0 0 0.6 0 0 NA 2.5 4.7 1.3 0 0
19981220 3.3 0 0 0 0 0 0.1 0 0 0 0 0 0 0 0.9 0 0 NA 5.1 12.2 2.3 0 0
19981221 5 0 0 0 0 0 0.2 0 0 0 0 0 0 0 1.1 0 0 NA 7.6 18.7 3.7 0 0
19981222 5.5 0 0 0 0 0 0.3 0 0 0 0 0 0 0.1 1.5 0 0 NA 8.1 21.6 5.4 0 0
19981223 7 0 0 0 0 0 0.4 0 0 0 0 0 0 0.1 1.7 0 0 NA 10.6 30.9 6.5 0 0
19981224 9.1 0 0 0 0 0 0.4 0 0 0 0 0 0 0.1 2 0 0 NA 13.1 33.8 7.9 0 0
19981225 10.6 0 0 0 0 0 0.5 0 0 0 0 0 0 0.1 2.2 0 0 NA 15.6 41.7 9.1 0 0
19981226 15.8 7 0 0.2 0 0 1.3 0 0 0 0 0 0.5 0.2 2.5 0 14.6 NA 27.4 41.6 7.5 1.1 0
19981227 18.6 10.9 0 0.3 0 0 1.8 0 0 0 0 0 1 0.8 3.4 0 34.1 NA 44 40.8 5.5 2.5 0
19981228 23.6 17.9 0 0.3 0 0 2.6 0 0 0 0 0 1.6 0.9 3.6 0 48.8 NA 55.4 40.3 3.7 3.6 0
19981229 26.4 21.6 0 0.5 0 0 3 0 0 0 0 0 1.8 1 4 0.1 61.5 NA 67.4 39.1 1.9 4.7 0
19981230 28.2 19.8 0 1 1.1 0 2.7 0 0 0 4.6 0 2 0.9 4 0.3 70.1 NA 55.6 54.6 10.5 4.6 0
19981231 28.1 16.2 0 1.5 2.1 0 2.3 0 0 0 9.2 0 1.9 0.2 3.8 0.6 76.4 NA 44.2 72.4 20.7 4.7 0
19990101 30.3 14.4 0 2.2 3.2 0 2 0 0 0 14.5 0 2.2 0.1 3.7 1 84.3 NA 33 90.5 29.7 4.7 0
19990102 43.5 32 2.1 2.2 2.9 0 1.5 0 0 0.1 20.9 0 11.2 0.1 4.1 0.7 84.5 NA 38.9 91.8 25.6 9.6 1
19990103 65 54.7 4.1 2.4 2.5 0 1 0 0 0.3 30 0 17.4 0.1 4.4 0.5 92 NA 47.4 95.6 19.3 16.4 1.5
19990104 78.2 69.5 5.2 2.4 2.1 0 0.5 0 0 0.5 36.4 0 26.4 0.1 4.5 0.3 92 NA 53.4 95.8 15.1 21.3 2.5
19990105 95.4 89.5 7.2 2.4 1.6 0 0 0 0 0.6 44 0 32.1 0.1 4.8 0.1 95.6 NA 59.9 97.1 8.6 25.8 3
19990106 95.3 88.5 10.4 3.3 4.6 0.7 4 3.8 0 1.1 41.8 0.6 27.5 3.9 6.6 0.3 95.6 NA 66.3 97 23.4 33.3 2.2
19990107 98.2 88.9 13.6 3.9 7.6 1.4 7.3 6.2 0.1 1.4 39.6 1 23.1 6.4 7.7 0.4 99.6 NA 72 98.1 46.1 40.4 1.3
19990108 98.1 87.8 16.8 4.7 10.5 2.1 11.3 10 0.1 1.8 36.5 1.6 18.5 10.2 9.5 0.6 99.6 NA 78.4 98.1 61 48.3 0.5
19990109 98.2 87.7 23.7 12.1 10.9 2.6 11.9 9.4 0.1 1.7 39.3 1.3 17.4 9.6 10.5 0.7 99.4 NA 78.9 98.2 55 44.8 2.4
19990110 99.8 86.5 34.1 22.8 10.8 3.1 12.8 9.6 0.1 1.5 43.1 1 16.1 10.1 11.4 0.9 99.7 NA 80 99.9 47 41.1 4.4
19990111 99.8 85.4 40.7 29.9 10.9 3.5 12.2 8.3 0 1.2 44.2 0.3 14.8 9.6 12.1 0.9 99.6 NA 78.2 99.9 41.3 37.3 6.2
19990112 99.9 83.5 47.4 37.4 10.5 3.8 12.5 8.2 0 0.9 47.7 0 13.4 9.5 13 1 99.4 NA 78.6 100 32.7 33 8
19990113 99.9 87.8 56.6 45.1 10.2 4.3 12.8 11.1 2.4 1.7 54.4 6.4 21.5 9.8 15.7 2.4 99.6 NA 80 100 53.2 38.6 7.3
19990114 99 92.8 67 51.3 9.9 5 13.7 14.9 5.1 2.5 60 12.2 29.9 10.1 18.2 3.5 99.9 NA 81.2 100 70.5 42.9 6.6
19990115 99 97.8 73.4 56.2 9.6 5.2 13.9 18.3 7.7 3.4 66.9 19.4 38 10 21 4.9 100 NA 81.9 100 92.2 48.8 6.1
19990116 99 91.9 71.6 47.6 11.4 4.2 14.9 13.4 5.6 2.8 58.6 14.3 37.4 7.6 17.7 3.7 100 NA 79.6 100 83.8 43.8 4.8
19990117 99.9 87 76.1 42 11.5 3.1 16.3 9.9 4.2 2.2 50.5 10.1 35.9 5.6 13.3 2.5 100 NA 76.7 100 74.1 39.5 3.2
19990118 99.9 81.6 73.9 33.6 12.3 2 16.4 4.2 1.8 1.4 41.8 4.3 33.5 3.2 10.1 1.3 100 NA 74.2 100 67.3 34 2
19990119 99.9 75.5 75.2 26.5 12.1 0.9 17.2 0 0 0.8 33.2 0 31.7 0.9 5.5 0.1 100 NA 71.3 100 57 29.1 0.3
19990120 95.7 76.1 73.4 28.9 10.6 1.2 14.6 1.1 0 1.4 33.6 0.6 29.8 1.6 5.9 0.2 99.8 NA 70.1 99.9 49.7 28.9 0.4
19990121 90.4 77.8 72.7 32.1 10.2 1.4 9.8 2.7 0 2.1 35.3 2 29.7 2.2 6.5 0.3 99.8 NA 63.8 99.7 40.3 29.2 0.6
19990122 83.8 79.4 70.4 32.5 8.7 1.6 7.4 3.7 0 2.6 35.9 2.6 27.9 3.1 7 0.4 99.6 NA 62.6 99.6 32.9 29 0.7
19990123 85 76.8 65.8 27.8 7.6 1.5 5.3 2.7 0 2.7 34.4 2.3 27 3 7.4 0.4 99.6 NA 60 99.7 32.9 29.8 0.7
19990124 88.3 73.6 61.5 23.5 7 1.3 4.5 2.1 0 2.5 32.9 1.7 25.6 2.7 7.7 0.2 99.6 NA 59.8 99.9 32.8 30.7 0.6
19990125 89 68 56.9 18.9 5.7 1.1 2.1 1.1 0 2.5 30.4 0.6 24.8 2.3 7.8 0.2 99.6 NA 54.7 100 33.2 30.1 0.4
19990126 90.9 64.9 51.5 15 4.5 0.9 0 0 0 2.1 27.7 0 22.9 2.1 7.9 0.1 99.5 NA 52.1 100 32.1 30.3 0.3
19990127 88.1 62.5 51.7 22.1 4.1 0.8 0.1 0 0 1.4 28.7 0.1 23.5 2.3 7.8 0.6 99 NA 52.9 99.9 35.8 33 0.6
19990128 85.6 61.4 52.5 32.5 3.9 0.7 0.4 0 0 1 31.7 0.3 26.3 3 7.6 1.2 94 NA 52.3 99.8 37 35.2 0.9
19990129 83.1 58.4 52.3 40.5 3.4 0.6 0.5 0 0.1 0.7 33.5 0.5 27 3.2 7.7 1.7 93.5 NA 52.4 99.6 40.6 37.9 1.2
19990130 84.7 60.3 52 32.6 5.8 1 0.4 0 0 0.7 35.2 0.5 27.4 5 8.6 1.7 88.3 NA 52.6 99.8 44.3 38.8 1
19990131 86.1 63.4 52.7 27.7 7.2 1.2 0.3 0 0 0.7 37.4 0.3 29.6 5.5 8.9 1.3 87.8 NA 53 99.8 45.5 39.4 1
19990201 88 60.4 48.2 18.1 9.6 1.6 0.1 0 0 0.6 37.7 0.1 28 7.3 9.2 1.2 78 NA 51.6 99.9 47.4 39.8 0.7
19990202 89.1 61.9 47.4 9.3 10.8 1.8 0 0 0 0.5 38.3 0 28.4 7.8 9.5 0.9 77.2 NA 51.6 100 48.5 40 0.4
19990203 85.8 55.4 41.8 8.9 8.8 1.5 0 0 0 1.2 35.1 0 26.8 5.7 8.7 0.8 77.1 NA 52.1 99.6 43.7 37.6 0.3
19990204 83.3 48.3 37.5 9 6.7 1.1 0 0 0 1.7 31.4 0 25.2 3.4 7.7 0.6 70.4 NA 52.4 97.8 37.9 34.5 0.3
19990205 79.4 41.9 32.1 9 5.1 0.7 0.1 0 0 2.4 28.4 0 23.9 1.3 6.9 0.6 66.8 NA 52.9 97.4 32.2 32.3 0.2
19990206 81.1 41.5 31 9.2 5.1 0.7 0.1 0 0 2.2 28.1 0 23.6 1.3 6.7 0.6 66.6 NA 52.8 97.5 31.5 32.3 0.2
19990207 82.5 40 30.3 9.4 4.6 0.7 0.1 0 0 2 26.5 0 22.4 1.2 6.2 0.4 64.3 NA 48.4 97.5 32.3 32 0.1
19990208 84.6 37 29.1 9.7 3.9 0.6 0.1 0 0 1.8 26 0 22.1 1.1 5.9 0.4 62.1 NA 48.4 97.6 31.8 31.5 0.1
19990209 85 36.5 28.1 9.4 4.3 0.6 0.1 0 0 1.5 24.2 0 22.4 1.4 5.6 0.3 61 NA 50.3 99.2 26.1 32.4 0.1
19990210 86.6 33.5 27.5 9.7 3.9 0.6 0.1 0 0 1.3 23.4 0 21.5 1.2 5.2 0.3 56.5 NA 47.9 99.3 28.7 32.2 0.1
19990211 88.5 32.2 26.3 9.9 3.7 0.5 0.1 0 0 1.2 22.5 0 20.8 1.4 5 0.3 55.5 NA 45.8 99.3 28 32 0.1
19990212 89.8 31.6 25.5 10 3.4 0.5 0.1 0 0 0.9 21.8 0 20.1 1.2 4.6 0.2 54.9 NA 44.6 99.4 27.4 32 0
19990213 90.1 28.5 24.8 10.1 4.3 0.6 0.1 0 0 0.9 24.7 0 19.1 2.5 5.3 0.2 50.5 NA 44.5 99.4 35 34 0
19990214 89.6 24.6 24.3 10 5.3 0.7 0.1 0 0 0.6 28.4 0 18.4 4.8 5.9 0.1 47.1 NA 43 99.4 41.4 36.5 0
19990215 89.9 21.5 23.7 10 6.2 0.8 0.1 0 0 0.6 33.7 0 18 6.1 6.6 0.1 42.8 NA 41.3 99.4 48.9 38.1 0
19990216 92.2 18.2 23.5 13.1 7 0.8 0.1 0 0 0.7 36.3 0 17 7.4 7.1 0.1 32.2 NA 36.1 99.5 56.2 40.8 0
19990217 92.3 14.8 22.7 13.1 7.6 0.9 0.1 0 0 0.6 41 0 15.7 9.7 7.9 0.1 28.4 NA 34.8 99.4 63.2 43.2 0
19990218 92 11.3 22 13.1 8.7 1 0.1 0 0 0.5 43.5 0 15.5 11 8.5 0.1 23.8 NA 35 99.5 70.7 44.8 0
19990219 92.2 6.3 21.5 13.1 9.6 1.1 0.1 0 0 0.4 47.9 0 14.5 12.7 9.2 0.1 20 NA 32.7 99.5 81.5 47.2 0
19990220 93.9 25.2 27.5 17.1 15.6 0.9 1.4 0 0 1 48.9 1.7 17.2 13.1 10.7 4.8 36.1 NA 41.7 99.6 83.9 50.6 2.2
19990221 94.9 41.7 36.2 19.9 24.1 0.6 3.4 0 0 1.8 52 4.3 20.8 13.1 11.9 8.7 60 NA 51.3 99.7 85 55.9 5.3
19990222 96.5 57 40.6 23.9 30.1 0.4 4.7 0 0 2.6 53.2 6 23.4 13.2 13.3 13.3 75 NA 59.2 99.9 87.1 59.2 7.5
19990223 97.8 75.9 47.6 26.3 36.9 0.1 6.3 0 0 3.1 54.7 8.2 26.1 13.1 14.3 16.9 95 NA 68.5 100 87.8 63.4 10.1
19990224 97.8 74.1 50.7 27.1 26 0.2 4.7 0.4 0.1 4 54 5.4 25.4 10 12.4 14.3 94.9 NA 68.7 99.3 85.2 63.1 6.5
19990225 97.8 71.7 52.2 23.8 16.7 0.4 3.3 1.1 0.3 5 53.8 3 24.4 8.8 10.7 12.4 95.1 NA 69.3 98.5 80.7 64.3 3.4
19990226 97.8 69.8 53.5 24.3 7.4 0.5 2 1.5 0.4 6.1 52.8 0.6 24 6 9 10.1 94.9 NA 69.9 97.9 78.1 63.3 0.3
19990227 93.3 61 50.7 26.1 7.6 0.5 1.9 1.1 0.3 5.1 47.8 0.4 22.5 5.8 8.8 9 73.2 NA 62.2 98.5 74.7 59.4 0.2
19990228 89.7 53.3 52.3 28 8 0.5 2 0.9 0.2 4.3 43.1 0.4 20.3 6 8.7 7.6 56.1 NA 57.2 98.9 71 56.2 0.2
19990301 86 41.6 47.2 23.4 8.1 0.5 1.5 0.4 0.1 3 36.5 0.2 18.7 3.3 7.7 6 38.7 NA 46.6 99.6 65.8 49.4 0.1
19990302 82.4 33.4 44.4 26.1 8.4 0.4 1.5 0 0 2.2 31.4 0 16.3 3 7.4 4.6 17.2 NA 39.7 100 62 45.4 0
19990303 81.5 23.2 38 19.9 8.7 0.3 1.1 0 0 2 36.8 0 15.3 3.3 7.6 5.7 17 NA 36.5 99.9 65.1 40.6 0
19990304 82.3 12.3 30.6 12.4 9 0.1 0.6 0 0 2 43.5 0 14.2 3.7 7.8 6.5 16.3 NA 34.5 99.7 67.3 37.8 0
19990305 81.3 2.7 24 6.2 9.3 0 0.1 0 0 2.2 50 0 12.9 3.9 8 7.7 14.8 NA 31.5 99.5 72 33.2 0
19990306 83.8 17 36.4 21.8 10.3 1.8 3.8 0 0 2.1 48.9 0 24.5 3.2 7.7 8.6 33.2 NA 42.9 99.6 73.6 44.7 2.7
19990307 86.5 34.4 47.5 44.1 11.3 3.8 7.1 0 0 1.6 47 0 33.4 3.1 7.4 9.8 48.7 NA 55.9 99.8 76.3 53.7 5.3
19990308 88.5 45.7 59.8 59.7 11.9 4 10.8 0 0 1.2 45.5 0 44.7 2.4 6.9 10.4 66.6 NA 67 99.9 76.9 62.3 7.3
19990309 90.3 61.3 70.7 77.8 12.8 5.8 13.7 0 0 0.9 43 0 53.5 1.7 6.3 11.3 84.3 NA 78.1 100 77.2 73 9.9
19990310 89.7 64 65.5 61.6 11.6 4 10.1 0 0 2.2 37.7 0 43.6 1.6 6.6 9.4 83.7 NA 70.1 99.9 75 59.7 7
19990311 88.9 63.9 60.6 47.3 10.4 2.4 6.8 0 0 4 33.4 0 34.4 1.5 7.2 7.8 80.2 NA 64.3 99.7 73.4 47.7 4.4
19990312 87.7 65.6 55.1 33.5 9.1 0.6 3.5 0 0 5.3 28.9 0 24.2 1.4 7.5 5.6 78.8 NA 55.4 99.6 70.9 34.9 1.5
19990313 84.4 62.7 50.3 29.3 8.5 0.5 3.3 0 0 4.8 27.7 0 23.6 2.3 7.1 4.9 71.1 NA 50.9 99.5 69.4 33.8 1.5
19990314 81.9 58.9 46 25.1 7.5 0.5 3.1 0 0 4.3 24.4 0 19.8 3.1 6.9 4.5 67.4 NA 47 99.3 67.8 32.4 0.7
19990315 79.6 55 39.3 21.3 6.9 0.5 3 0 0 4.1 23 0 19 3.6 6.5 3.7 57.8 NA 43.7 99.2 65.9 31 0.7
19990316 75.9 50 35.1 18.7 6.1 0.4 2.6 0 0 3.5 19.7 0 14.9 4 6.2 3 50.2 NA 36.5 99 61.1 29.9 0.7
19990317 73.8 43.8 29.8 15.3 5.2 0.4 2.2 0 0 3.3 18 0 14.5 4.6 5.7 2.6 42.7 NA 32.1 98.9 59.8 28.8 0.4
19990318 71.4 41.9 24.8 10.7 4.8 0.3 2.4 0 0 2.6 15.8 0 11.6 5.6 5.6 2 37.8 NA 30 98.8 57.6 27.5 0.4
19990319 68 35.4 19.4 6.6 3.7 0.3 2 0 0 2.3 13.7 0 9.9 6.2 5.2 1.4 28.3 NA 23.5 98.6 56.3 26.2 0
19990320 65 26.6 16.1 6.1 4.2 0.2 2 0 0 1.9 11.6 0 10.4 5.1 5 1.5 24 NA 20.6 98.7 55.1 25.7 0
19990321 60.6 21.2 10.7 5.1 4.2 0.1 1.8 0 0 1.4 8.6 0 10.3 3.7 4.8 1.1 15.6 NA 14.2 98.7 56.5 25.1 0
19990322 56.8 11.4 5.9 1 4.4 0.1 1.4 0 0 0.9 5.8 0 10.7 2.6 4.4 0.9 8.5 NA 7.7 98.7 55 24.2 0
19990323 52.8 0 0.5 0.1 4.5 0 1.1 0 0 0.4 3 0 10.5 0.7 4.1 0.7 0 NA 2.6 98.6 54 23.4 0
19990324 52.5 0 0.3 0.1 3.9 0 0.7 0 0 0.3 2.8 0 9.5 2.2 4.2 0.7 0 NA 3.5 97.2 56.3 23.1 0
19990325 50.9 0 0.2 0.1 3.3 0 0.4 0 0 0.3 3.6 0 9.2 5.2 4.5 0.8 0 NA 6.1 96.1 58.8 23.5 0
19990326 49.7 0 0 0.1 2.7 0 0 0 0 0.3 3.4 0 8.4 6.7 4.6 0.8 0 NA 7.3 94.3 62 23.1 0
19990327 43.3 0 0 0.1 2.5 0 0 0 0 0.3 3.1 0 8.3 5.2 4.4 0.7 0 NA 6.5 94.3 58.6 23 0
19990328 39 0 0 0.1 2.4 0 0 0 0 0.2 3 0 7.6 5 4.2 0.6 0 NA 6.2 94.3 50.2 22.7 0
19990329 33.8 0 0 0.1 2.2 0 0 0 0 0.2 2.8 0 7.5 3.5 4 0.5 0 NA 5.1 94.7 46.8 22.6 0
19990330 25.5 0 0 0.2 2.1 0 1.1 0 0 0.2 3.1 0 6.2 3.3 3.9 0.4 0 NA 6.8 93.8 38.8 22.1 0
19990331 21.1 0 0 0.2 2.1 0 1.1 0 0 0.1 2.9 0 6.1 1.8 3.6 0.3 0 NA 6.5 94.2 34.8 21.9 0
19990401 16.4 0 0 0.2 2.1 0 1.1 0 0 0.1 2.8 0 5.3 0.9 3.4 0.2 0 NA 5.4 93.8 27.6 21.7 0
19990402 10 0 0 0.2 1.8 0 1.1 0 0 0 2.6 0 5.3 0 3.2 0.1 0 NA 5 94.2 23.9 21.6 0
19990403 9.4 0 0 0.1 1.7 0 1.1 0 0 0 2.4 0 4 0 3.2 0.1 0 NA 5 91.7 17.9 20.8 0
19990404 8.5 0 0 0.1 1 0 1.1 0 0 0 2.1 0 4.4 0 3.1 0.1 0 NA 5 88 12.8 19.8 0
19990405 3.2 0 0 0.1 0.5 0 0 0 0 0 0.2 0 3.1 0 3 0.1 0 NA 0 82.4 5.8 17.8 0
19990406 2.2 0 0 0 0 0 0 0 0 0 0 0 2 0 3 0.1 0 NA 0 79 0.2 16.9 0
19990407 1.6 0 0 0 0 0 0 0 0 0 0 0 2 0 3 0.1 0 NA 0 69.8 0.9 15.9 0
19990408 1 0 0 0 0.3 0 0 0 0 0 0 0 1.1 0 3 0.1 0 NA 0 61 2.3 15.4 0
19990409 0.5 0 0 0 0.3 0 0 0 0 0 0 0 1.1 0 3 0.1 0 NA 0 50 2.9 13.7 0
19990410 0.4 0 0 0 0.3 0 0 0 0 0 0 0 1.1 0 2.9 0 0 NA 0 44.2 2.6 11 0
19990411 0.4 0 0 0 0.4 0 0 0 0 0 0 0 1.1 0 3 0 0 NA 0 30.1 3.4 8.7 0
19990412 0.1 0 0 0 0.2 0 0 0 0 0 0 0 0 0 2.9 0 0 NA 0 23.5 3 5.3 0
19990413 0 0 0 0 0.2 0 0 0 0 0 0 0 0 0 2.9 0 0 NA 0 11.2 2.6 2.9 0
19990414 0 0 0 0 0.2 0 0 0 0 0 0 0 0 0 2.8 0 0 NA 0 10.1 2.3 2.6 0
19990415 0 0 0 0 0 0 0 0 0 0 0 0 0 0 2.6 0 0 NA 0 10.4 1.3 1.5 0
19990416 0 0 0 0 0 0 0 0 0 0 0 0 0 0 2.6 0 0 NA 0 9.2 1 1.2 0
19990417 0 0 0 0 0 0 0 0 0 0 0 0 0 0 2.5 0 0 NA 0 9.2 1 1.2 0
19990418 0 0 0 0 0 0 0 0 0 0 0 0 0 0 2.6 0 0 NA 0 6.4 1 1.1 0
19990419 0 0 0 0 0 0 0 0 0 0 0 0 0 0 2.6 0 0 NA 0 3.9 0 1 0
19990420 0 0 0 0 0 0 0 0 0 0 0 0 0 0 2.6 0 0 NA 0 2.5 0 1 0
19990421 0 0 0 0 0 0 0 0 0 0 0 0 0 0 2.5 0 0 NA 0 2.5 0 1 0
19990422 0 0 0 0 0 0 0 0 0 0 0 0 0 0 2.5 0 0 NA 0 0 0 0 0
19990423 0 0 0 0 0 0 0 0 0 0 0 0 0 0 2.5 0 0 NA 0 0 0 0 0
19990424 0 0 0 0 0 0 0 0 0 0 0 0 0 0 2.5 0 0 NA 0 0 0 0 0
19990425 0 0 0 0 0 0 0 0 0 0 0 0 0 0 2.4 0 0 NA 0 0 0 0 0
19990426 0 0 0 0 0 0 0 0 0 0 0 0 0 0 2.3 0 0 NA 0 0 0 0 0
19990427 0 0 0 0 0 0 0 0 0 0 0 0 0 0 2.2 0 0 NA 0 0 0 0 0
19990428 0 0 0 0 0 0 0 0 0 0 0 0 0 0 2.2 0 0 NA 0 0 0 0 0
19990429 0 0 0 0 0 0 0 0 0 0 0 0 0 0 2.2 0 0 NA 0 0 0 0 0
19990430 0 0 0 0 0 0 0 0 0 0 0 0 0 0 2.2 0 0 NA 0 0 0 0 0
19990501 0 0 0 0 0 0 0 0 0 0 0 0 0 0 1.6 0 0 NA 0 0 0 0 0
19990502 0 0 0 0 0 0 0 0 0 0 0 0 0 0 1.2 0 0 NA 0 0 0 0 0
19990503 0 0 0 0 0 0 0 0 0 0 0 0 0 0 0.8 0 0 NA 0 0 0 0 0
19990504 0 0 0 0 0 0 0 0 0 0 0 0 0 0 0.2 0 0 NA 0 0 0 0 0
