19991203 0 0 0 0 0 0 0 0 0 0 0 0 0 0 0 0 0 NA 0 0 0 0 0
19991204 0 0 0 0 0 0 0 0 0 0 0 0 0 0 0 0 0 NA 0 0 0 0 0
19991205 0 0 0 0 0 0 0 0 0 0 0 0 0 0 0.2 0 0 NA 0 0 0 0 0
19991206 0 0 0 0 0 0 0 0 0 0 0 0 0 0 0.2 0 0 NA 0 0 0 0 0
19991207 0 0 0 0 0 0 0 0 0 0 0 0 0 0 0.2 0 0 NA 0 0 0 0 0
19991208 0 0 0 0 0 0 0 0 0 0 0 0 0 0 0.2 0 0 NA 0 0 0 0 0
19991209 0 0 0 0 0 0 0 0 0 0 0 0 0 0 0 0 0 NA 0 0 0 0 0
19991210 0 0 0 0 0 0 0 0 0 0 0 0 0 0 0.1 0 0 NA 0 0 0 0 0
19991211 0 0 0 0 0 0 0 0 0 0 0 0 0 0 0.2 0 0 NA 0 0 0 0 0
19991212 0 0 0 0 0 0 0 0 0 0 0 0 0 0 0.5 0 0 NA 0 0 0 0 0
19991213 0 0 0 0 0 0 0 0 0 0 0 0 0 0 0.6 0 0 NA 0 0 0 0 0
19991214 0 0 0 0 0 0 0 0 0 0 0 0 0 0 0.8 0 0 NA 0 0 0 0 0
19991215 0 0 0 0 0 0 0 0 0 0 0 0 0 0 1.3 0 0 NA 0 0 0 0 0
19991216 0 0 0 0 0 0 0 0 0 0 0 0 0 0 1.9 0 0 NA 0.8 0 0 0.1 0
19991217 0 0 0 0 0 0 0 0 0 0 0 0 0 0 2.4 0 0 NA 0.8 0 0 0.1 0
19991218 0 0 0 0 0 0 0 0 0 0 0 0 0 0.3 2.3 0 0 NA 3.7 0 0 0.1 0
19991219 0 0 0 0 0 0 0 0 0 0 0 0 0 2.1 2.7 0 0 NA 9.5 5 5 2.8 0
19991220 0 0 0 0 0 0 0 0 0 0 0 0 0 2.4 2.6 0 0 NA 9.5 5 5 2.8 0
19991221 0 0 0 0 0 0 0 0 0 0 0 0 0 2.7 2.3 0 0 NA 13.1 5 5 2.8 0
19991222 9.1 0 0 0 0 0 0.3 0 0 0 0 0 0 2.3 2.7 0.1 0 NA 23.9 11.7 6.5 3.1 0
19991223 19.7 0 0 0 0 0 0.7 0 0 0 0.1 0 0 0.5 2.5 0 0 NA 34.7 17.1 4.4 1.4 0
19991224 29.5 0 0 0 0 0 1.2 0 0 0 0.1 0 0 0 2.8 0.1 0 NA 44.4 25.5 5.3 1.6 0
19991225 31.6 11.8 0 0 0 0 1 0 0 0 0.5 0 0.6 0.1 2.9 0.1 20 NA 43.6 30 6.3 1.9 0
19991226 34.9 23.6 0 0 0 0 0.6 0 0 0 1 0 3.4 0.2 2.8 0.1 49.9 NA 41.1 34.8 6.6 1.9 0.3
19991227 36.3 29.5 0 0 0 0 0.3 0 0 0 1.4 0 4 0.3 2.8 0.2 69.9 NA 40.9 39.2 7.3 2 0.3
19991228 38.6 41.3 0 0 0 0 0 0 0 0 1.9 0 4.6 0.3 2.8 0.2 94.8 NA 37.9 41.9 7.7 1.9 0.3
19991229 38.2 41.6 0.1 0.8 0.2 0 0.5 0 0 0.1 3.8 0 5.3 0.3 3.2 0.2 89.6 NA 44 51.4 9.8 4.4 0.3
19991230 38.2 43.3 0.3 1.4 0.4 0 1.2 0 0 0.3 7 0 5.9 0.3 3.5 0.1 82.6 NA 46.5 62 12.3 7.3 0.1
19991231 38.1 42.6 0.4 2.2 0.6 0 1.7 0 0 0.4 8.9 0 6.9 0.3 3.9 0.1 75.6 NA 50.3 71.3 15.9 10.4 0.1
20000101 39.2 47.4 0.3 1.7 0.5 0 1.2 0 0 0.5 8.4 0 6 0.3 3.7 0.1 75.9 NA 50.7 78 15.8 9.3 0.1
20000102 41.2 53 0.3 1.1 0.4 0 0.9 0 0 0.6 8.1 0 6.1 0.2 3.5 0.1 79.4 NA 51.8 86.5 12 7.2 0.1
20000103 42.2 56 0.1 0.6 0.2 0 0.5 0 0 0.7 7.7 0 4.7 0.1 3.3 0.1 76.5 NA 52.2 92 9.7 4.7 0
20000104 43.1 60.3 0 0 0.1 0 0 0 0 0.9 7.2 0 4.2 0 3 0.1 80 NA 52.9 98.5 7.7 3.2 0
20000105 38.4 51.8 0 0.1 0.3 0 0 0 0 0.8 6 0 4.5 1.5 3.7 0.1 80 NA 53 96.3 8.9 5.3 0
20000106 34.9 41.2 0 0.3 0.5 0 0 0 0 0.7 5.1 0 5.4 2.5 4.3 0.1 80 NA 53.2 94.2 10.3 8.2 0
20000107 31.1 31.6 0.1 0.5 0.8 0 0 0 0 0.6 4.1 0 5.6 4 5 0.1 80 NA 53.4 90.3 11.5 10.3 0
20000108 40.3 32.6 0.1 0.6 0.7 0.1 0 0 0 0.5 6 0 5.4 3.3 5 0.1 67.7 NA 55.7 90.1 10 9.5 0
20000109 48.5 29.3 0 0.5 0.4 0.1 0 0 0 0.4 8.1 0 5.5 2.4 4.8 0.1 59.1 NA 59.2 90.9 8.1 10.8 0
20000110 56.4 28 0 0.5 0.2 0.2 0 0 0 0.3 9.8 0 4.4 1.9 4.6 0.1 46.8 NA 58.7 90.6 6.5 9.6 0
20000111 63.9 26.5 0 0.5 0 0.2 0 0 0 0.1 11.9 0 4.2 0.9 4.3 0.1 39.4 NA 61 90.2 4.6 8.9 0
20000112 70.1 30.6 0.1 0.4 0.5 0.3 0.2 0 0 0.7 12.9 0 5.2 3.1 6.6 0.2 53 NA 58 94.1 6.8 15.8 0
20000113 74.9 34.9 0.1 0.2 1.3 0.3 0.3 0 0 1.2 14.5 0 6.4 5 8.7 0.3 71.5 NA 55.9 95 9.3 21.5 0
20000114 81.2 39.7 0.2 0 1.8 0.4 0.5 0 0 1.7 15.4 0 8.2 7.3 11 0.4 80.2 NA 53.1 97.8 12.8 29 0
20000115 82 46.9 0.2 0.6 1.6 0.4 1.6 0 0 1.5 16.5 0 9.6 7.4 10.3 0.5 80.2 NA 52.5 97.7 16.8 30.9 0
20000116 85.6 57.2 0.2 1 1.4 0.5 3.3 0 0 1.4 19.4 0 10.2 7.6 9.6 0.7 90.1 NA 50.2 98.3 20.7 33.5 0
20000117 86.4 64.4 0.2 1.6 1.3 0.5 4.4 0 0 1.3 20.5 0 10.2 7.6 8.6 0.7 90.1 NA 48.3 98.2 24.1 35 0
20000118 88.5 72.6 0.2 2 1.1 0.5 5.9 0 0 1 22.4 0 11.1 7.7 7.6 0.9 95 NA 46.8 98.2 27.3 36.9 0
20000119 89.4 77.9 2.8 9.6 8.2 2.1 8.4 1.5 0.3 2 34.6 3.3 22.7 7.9 8.8 0.8 95 NA 57.2 98.4 28.9 43.5 2.3
20000120 91.9 83.2 5.6 21 17.8 4.4 11.7 3.7 0.7 3 45.4 6.6 34.2 8.1 10.5 0.9 95 NA 69.2 99.9 31.2 50.2 4.5
20000121 93.6 88.7 8.2 28.8 25 6 14.3 5.2 1 4.1 57.8 9.9 46.3 8.2 12 0.8 95 NA 79.6 100 32.7 56.9 6.9
20000122 94.5 89.6 13.4 37.1 21.4 6.9 17 5.7 0.9 3.8 55.2 11.5 49.7 7.4 11.5 1.1 95 NA 82.4 100 37.5 58.7 7.7
20000123 95.4 92.4 20.3 47.9 18.2 8.3 20.9 6.7 1 3.9 52.9 13.1 53.1 6.2 11.2 1.4 95 NA 86.3 100 41.2 62.3 8.4
20000124 94.6 92.6 24.6 56 14.4 9 23.3 6.7 0.7 3.5 49.7 13.6 55 5 10.3 1.3 94 NA 88.8 100 40.6 62.8 8
20000125 95.1 93.8 29.9 64 10.3 9.7 25.7 7.2 0.6 3.1 47.3 14.7 58.3 3.6 9.6 1.5 94 NA 91.2 100 44.5 64.4 8.5
20000126 95.2 93.3 46.1 63.5 15.4 9.5 24.6 11.3 2.6 7.4 54.5 14.1 56 9.1 14.2 3.3 94 NA 88.6 100 59.8 65.4 7.9
20000127 97.8 93.6 64.2 64.6 18.2 9 24.2 17.6 4.1 10.2 66.1 12.2 54.1 15.8 19.4 4.8 95 NA 88.6 100 75.4 66.1 7
20000128 97.9 93.1 80.7 63.9 23.3 8.8 23.1 21.7 6.2 14.4 73.1 11.6 51.3 22 24.3 6.5 95 NA 85.4 100 93.2 66.8 6.4
20000129 97.8 93.6 82 68.3 20 8.4 24.4 17.9 4.8 11.8 68.2 12.9 57.6 17.5 20.8 5.5 95 NA 85.3 100 88.3 66.7 7.1
20000130 99.8 94.5 87.3 77.5 16.4 8.4 27.4 14.8 3.5 9.3 63.9 14.7 65.4 14 18.1 4.5 95.1 NA 87.7 100 84 67.7 8.9
20000131 99.7 95 88.7 81.9 10.3 7.4 27.7 10.5 1.3 4.6 56.8 14.3 71.5 9 14.2 2.8 95.1 NA 86.4 100 77.3 67.5 9.3
20000201 99.6 95.3 90.4 87.6 6.6 7.1 29.6 5.9 0 1.8 51.3 15.7 78.7 4.9 10.6 1.7 95.1 NA 87.2 100 72.4 66.8 10.1
20000202 99.7 90.5 89.1 78.7 5.7 5.4 23.8 6 0.1 2.3 54.5 11.6 65.3 4.2 11.1 3.2 94.9 NA 78.3 99.9 79.7 64.7 7.5
20000203 99.8 86.1 87.1 68.7 4.6 4 18.8 6.2 0.2 2.6 57.8 9 54 3.6 11.1 4.6 99.6 NA 70.3 99.7 87.2 61.9 5.6
20000204 99.9 79.4 84.9 56.6 3.7 2.5 13.4 6.4 0.3 3.3 60.9 4.9 40.7 2.9 11.7 6.5 99.3 NA 62.6 99.6 95.7 60.1 3.1
20000205 99.9 82.6 86.5 57.8 6.5 4 18.2 7.8 1.7 4.1 60.7 4.8 41.5 3.4 12 6.4 98.7 NA 69.9 99.7 94.4 58.9 2.6
20000206 99.9 86.9 88.7 59 8.2 5.6 25.5 9.8 3.6 5.2 60.9 4.5 40.9 4.4 11.8 6.1 97.6 NA 79.9 99.8 93.2 58.8 2
20000207 98.8 89.6 90.3 58.9 11 7.1 30.3 10.8 4.8 5.8 58.8 4.3 41.1 4.9 11.7 5.5 92.6 NA 87.1 99.9 89.6 57.5 1.4
20000208 98.8 93.6 92.2 59.5 12.7 8.6 36.1 12.3 6.2 6.6 58.4 4.1 40.2 5.6 11.5 5.2 91.5 NA 95.7 100 88.5 55.7 0.8
20000209 97.4 89.4 91.2 59.6 12 7.4 29 9.7 4.2 5 56 3.2 45.2 6 11.3 5.2 91.1 NA 89.1 99.9 79.9 55.9 0.7
20000210 94.7 88 91 60.8 10.5 4.6 22.8 6.8 2.1 3.2 52.7 2.5 49.2 6.4 11.1 4.7 96.1 NA 84.3 99.8 70.7 55.4 0.4
20000211 93.1 82.1 89 59.6 9.9 3.3 16.2 4.3 0.2 1.7 50.2 1.8 53.1 6.8 11 4.6 95.7 NA 76.3 99.7 61.4 55.7 0.3
20000212 93.9 80.8 87.3 59.4 10.9 3.3 18.7 4.1 0.2 2.3 52.4 2.1 55.1 14.5 13.9 6.5 96.3 NA 78.2 99.8 66.9 58.3 1
20000213 94 79.6 85.7 60.6 12 2.8 22.1 4.5 0.3 3 56.5 2.6 57.9 24.3 17.9 9.4 96.5 NA 80 99.8 70.6 59.4 2.1
20000214 94.6 80.2 84.9 60.1 12.9 2.8 24.9 4.1 0.4 3.8 59.7 3.1 59.8 32.4 21.6 11.4 97.2 NA 84.2 99.9 76.7 61.6 2.9
20000215 95.1 77.5 82.9 57.9 14.5 2.3 27.5 4.3 0.4 4.8 62.2 3.1 61.2 45.5 24.1 13.1 93.6 NA 85.9 99.9 83.5 61.9 3.3
20000216 95.6 76.4 80.9 56 15.6 2.3 31.3 4.1 0.6 5.5 65.8 3.5 64.7 55.8 28.9 16 93.6 NA 88.4 99.9 87.3 63.8 4.6
20000217 95.9 76.1 80.1 59.1 16.5 2 33.6 4.3 0.6 6.1 69.1 4.1 65.9 63 30.9 17.9 94.4 NA 90.4 100 93 65.1 5.1
20000218 96.5 74.6 77.7 57.2 17.6 1.8 36.5 4.1 0.7 6.8 72.1 4.5 68.4 72.2 35.1 20.3 94.7 NA 93 100 97.8 66.8 6.1
20000219 95.3 75.4 80.8 56.3 15.9 2.1 35.3 3.7 0.5 5.3 64.9 3.4 59.2 58.2 32 20.1 93.7 NA 89.2 100 97.8 62.5 4.5
20000220 93 76.7 82.5 53.2 14.6 2.3 34.5 3.6 0.4 3.7 58 2.3 51.2 44.2 28.5 20.8 93.5 NA 85.2 100 98.1 59.1 3.2
20000221 91.1 75.3 82.9 48.7 12.9 2.6 32.1 3 0.1 1.7 48.9 1.1 39.9 28.2 24 20 92.2 NA 78.8 100 96.2 54 1.4
20000222 88.9 75.5 85.1 45.7 10.6 2.7 29.3 2.5 0 0.1 42.4 0 31.8 13.9 20.2 20.2 91.4 NA 74.2 100 96.2 50.2 0
20000223 89.8 72 84.4 44.4 7.8 2.5 30.7 1.5 0 0.3 46 0 32 13.2 18.3 16.8 90.8 NA 70.8 99.9 88 49.1 0
20000224 92 70.6 87 48.6 6.3 2.4 33.3 1 0 0.5 47.8 0 30.9 14.1 16.7 13.6 89.7 NA 70.2 99.8 80.3 48.9 0
20000225 91.5 66.8 85.2 46.8 3.6 2.1 35 0 0 0.7 51.6 0 31.2 13.4 15.1 10.2 89.2 NA 66.9 99.7 72.7 47 0
20000226 91.1 54.7 73 39.7 3.6 1.8 29.1 0 0 0.8 51 0 30.3 10.8 13.9 9.7 78.9 NA 65.9 99.7 75.5 45.3 0
20000227 92.1 45.6 62.6 38.3 3.4 1.6 24.8 0 0 0.6 51.1 0 30.6 9.9 11.9 8.6 72.6 NA 65.4 99.8 76.8 43.9 0
20000228 91.2 33.5 51.9 31.1 3.3 1.4 17.5 0 0 0.5 49.4 0 30.4 7 10.3 7.8 60.8 NA 64 99.9 78.8 42.2 0
20000229 91.5 23 39.5 27.7 3.2 0.9 10.6 0 0 0.4 47.9 0 28.5 4.5 8 6.4 53 NA 62.1 100 77.9 40.4 0
20000301 87.3 20.3 32.2 26.1 3 0.5 6.9 0 0 0.8 39.3 0 24.7 4.2 7.2 4.2 42.5 NA 56.2 99.4 65.4 36.4 0
20000302 81.7 14.5 22.1 24.8 3.3 0.3 4.8 0 0 1.3 30.4 0 22.6 3.8 6.2 2.9 29.9 NA 50.7 96 52.4 33.1 0
20000303 75.6 10.2 11.9 22.9 3.2 0.1 1.7 0 0 1.8 21.3 0 20.2 3.3 5.2 1.2 17.3 NA 44.8 95.2 38.5 29 0
20000304 77.2 9.9 9.2 22 2.9 0.3 1.6 0 0 1.6 20 0 19.2 3.1 5.1 1 15.1 NA 45.6 95.8 40.2 29.1 0
20000305 79.7 9.5 9.2 19.4 2.6 0.5 1.7 0 0 1.2 20.3 0 17.1 3 5.1 0.8 10.7 NA 47.1 98.5 41.4 29 0
20000306 80.4 4.7 2.9 15.2 1.7 0.6 1.6 0 0 1 17.9 0 15.1 2.5 4.6 0.5 4.5 NA 44.9 98.7 42 29 0
20000307 81.6 4.4 0.1 12.5 1.5 0.7 1.3 0 0 0.6 17.5 0 13.4 2.4 4.5 0.2 0.1 NA 45.6 99.1 42.6 28.9 0
20000308 69.1 2.8 0.1 10.1 1.3 0.5 0.8 0 0 0.5 17.5 0 13.5 1.7 4.2 0.2 0.1 NA 30.4 95.2 44.2 28.9 0
20000309 56.6 1.4 0 7.7 0.9 0.2 0.5 0 0 0.4 18 0 13.3 1.2 3.9 0.1 0.1 NA 15.9 90.5 46.3 30 0
20000310 43.9 0 0 5.4 0.8 0 0.1 0 0 0.4 17.7 0 13 0.5 3.6 0.1 0 NA 3.2 84.9 47.3 30 0
20000311 46 0 0 4.8 0.8 0 0.1 0 0 0.3 17.2 0 12.1 0.4 3.5 0.1 0 NA 3.2 87.7 48.6 28.2 0
20000312 49.8 0 0 4.6 0.5 0 0 0 0 0.2 17.2 0 11.7 0.2 3.5 0.1 0 NA 3.2 88 46.8 27.3 0
20000313 48.4 0 0 3.8 0.4 0 0 0 0 0.1 15.9 0 10.8 0.1 3.3 0.1 0 NA 0 89.2 46.8 24.9 0
20000314 49.8 0 0 3.4 0.3 0 0 0 0 0 14.4 0 9.8 0 3.2 0.1 0 NA 0 90.1 43.7 23.2 0
20000315 43 0 0 2.6 0.3 0 0 0 0 0.1 13.2 0 9.1 0.1 3.2 0.1 0 NA 0 88.8 42.9 23.7 0
20000316 33.4 0 0 1.8 0.4 0 0 0 0 0.2 12.3 0 7.9 0.3 3.4 0.1 0 NA 0 85.6 46.9 23.8 0
20000317 26 0 0 1 0.4 0 0 0 0 0.4 11.5 0 7.2 0.5 3.5 0.1 0 NA 0 82.3 46.3 24.1 0
20000318 24.1 0 0 1.3 0.3 0 0 0 0 0.4 10.1 0 6.5 0.4 3.4 0.3 0 NA 0 85.9 41.7 21.7 0
20000319 19.2 0 0 1.5 0.3 0 0 0 0 0.2 7.3 0 6.1 0.2 3.2 0.4 0 NA 0 86.5 31.6 19.1 0
20000320 14.1 0 0 1.8 0.1 0 0 0 0 0.1 4.5 0 5.6 0.1 3 0.6 0 NA 0 87.7 26.2 16.3 0
20000321 9.5 0 0 1.9 0 0 0 0 0 0 1.7 0 4.9 0 2.9 0.8 0 NA 0 89.6 18 13.2 0
20000322 11.2 0 0 1.2 0 0 0 0 0 0 1.4 0 4.2 0.1 2.9 0.6 0 NA 0 82.4 17 13.5 0
20000323 12.9 0 0 0.6 0.1 0 0 0 0 0 0.6 0 3.7 0.2 2.9 0.4 0 NA 0 73.9 15.7 14 0
20000324 15.4 0 0 0.1 0.1 0 0 0 0 0 0.2 0 2.7 0.2 2.8 0.2 0 NA 0 66.8 13.9 14.7 0
20000325 13.8 0 0 0.1 0.1 0 0 0 0 0 0.1 0 2.4 0.2 2.8 0.1 0 NA 0 58.2 12.5 13.3 0
20000326 11.6 0 0 0.4 1.5 0 0 0 0 0.1 1.4 0 3.2 0.1 4 0.6 0 NA 0 46.4 9.4 11.2 0
20000327 9.8 0 0 0.4 1.5 0 0 0 0 0.1 1.3 0 2.9 0.1 3.9 0.6 0 NA 0 34.6 8.1 9.6 0
20000328 6.1 0 0 0.4 1.5 0 0 0 0 0.1 1.3 0 2.4 0 3.8 0.5 0 NA 0 24.1 5.9 7.5 0
20000329 6.1 0 0 0.4 1.5 0 0 0 0 0.1 1.3 0 2.4 0 3.7 0.5 0 NA 0 29.1 6.2 7.5 0
20000330 1.1 0 0 0 0 0 0 0 0 0 0 0 1.5 0 2.3 0 0 NA 0 30.3 1.6 6.1 0
20000331 1 0 0 0 0 0 0 0 0 0 0 0 1.5 0.1 2.3 0 0 NA 0 34.2 1.7 6 0
20000401 0.8 0 0 0 0 0 0 0 0 0 0 0 1.5 0.1 2.2 0 0 NA 0 25.7 1.4 5.1 0
20000402 1.1 0 0 0 0 0 0 0 0 0 0 0 1.5 0 2.3 0 0 NA 0 18.9 4.8 4.5 0
20000403 0.9 0 0 0 0 0 0 0 0 0 0 0 0 0 2.1 0 0 NA 0 10.4 4.5 3.6 0
20000404 0.7 0 0 0 0 0 0 0 0 0 0 0 0 0 2.1 0 0 NA 0 5 4.2 2.5 0
20000405 0.7 0 0 0 0 0 0 0 0 0 0 0 0 0 2 0 0 NA 0 5 4.2 2.3 0
20000406 0 0 0 0 0 0 0 0 0 0 0 0 0 0 1.6 0 0 NA 0 0 0 0.8 0
20000407 0 0 0 0 0 0 0 0 0 0 0 0 0 0 1.6 0 0 NA 0 0 0 0.6 0
20000408 0 0 0 0 0 0 0 0 0 0 0 0 0 0 1.4 0 0 NA 0 0 0 0.6 0
20000409 0 0 0 0 0 0 0 0 0 0 0 0 0 0 1.5 0 0 NA 0 0 0 0.6 0
20000410 0 0 0 0 0 0 0 0 0 0 0 0 0 0 1.3 0 0 NA 0 0 0 0.3 0
20000411 0 0 0 0 0 0 0 0 0 0 0 0 0 0 1.2 0 0 NA 0 0 0 0.3 0
20000412 0 0 0 0 0 0 0 0 0 0 0 0 0 0 1.1 0 0 NA 0 0 0 0.2 0
20000413 0 0 0 0 0 0 0 0 0 0 0 0 0 0 1 0 0 NA 0 0 0 0.2 0
20000414 0 0 0 0 0 0 0 0 0 0 0 0 0 0 0.9 0 0 NA 0 0 0 0.2 0
20000415 0 0 0 0 0 0 0 0 0 0 0 0 0 0 0.9 0 0 NA 0 0 0 0.2 0
20000416 0 0 0 0 0 0 0 0 0 0 0 0 0 0 0.7 0 0 NA 0 0 0 0.1 0
20000417 0 0 0 0 0 0 0 0 0 0 0 0 0 0 0.6 0 0 NA 0 0 0 0.1 0
20000418 0 0 0 0 0 0 0 0 0 0 0 0 0 0 0.4 0 0 NA 0 0 0 0 0
20000419 0 0 0 0 0 0 0 0 0 0 0 0 0 0 0.4 0 0 NA 0 0 0 0 0
20000420 0 0 0 0 0 0 0 0 0 0 0 0 0 0 0.4 0 0 NA 0 0 0 0 0
20000421 0 0 0 0 0 0 0 0 0 0 0 0 0 0 0.4 0 0 NA 0 0 0 0 0
20000422 0 0 0 0 0 0 0 0 0 0 0 0 0 0 0.3 0 0 NA 0 0 0 0 0
20000423 0 0 0 0 0 0 0 0 0 0 0 0 0 0 0.2 0 0 NA 0 0 0 0 0
20000424 0 0 0 0 0 0 0 0 0 0 0 0 0 0 0.1 0 0 NA 0 0 0 0 0
20000425 0 0 0 0 0 0 0 0 0 0 0 0 0 0 0 0 0 NA 0 0 0 0 0
20000426 0 0 0 0 0 0 0 0 0 0 0 0 0 0 0 0 0 NA 0 0 0 0 0
20000427 0 0 0 0 0 0 0 0 0 0 0 0 0 0 0 0 0 NA 0 0 0 0 0
20000428 0 0 0 0 0 0 0 0 0 0 0 0 0 0 0 0 0 NA 0 0 0 0 0
