20081208 24.9 2.3 0 0 1.5 0.4 1.8 0.2 0 0.3 1.7 0 1.2 0.7 3.4 0.7 34.3 NA 50.7 43.2 6.7 3.6 0
20081209 24.3 2.3 0 0.5 1.4 0.4 1.9 0.2 0 0.3 1.7 0 1.2 0.7 3.5 0.7 30.6 NA 50.1 40.6 6.6 4.6 0
20081210 23.9 2 0 0.9 1.4 0.4 2 0.5 0.4 0.6 2 0 1.2 1.1 3.4 0.6 21.5 NA 48.5 35.5 6 5.9 0
20081211 22.9 2 0 1.4 1.3 0.4 2 0.5 0.4 0.6 2 0 1.2 1.1 3.4 0.6 15 NA 47.2 33.2 5.9 7 0
20081212 25.3 9.9 0.1 1.4 1.3 0.5 2.4 0.6 0.4 0.6 2.2 0 1.7 1.4 3.7 0.6 17.3 NA 50.4 38.9 7.1 6.9 0
20081213 28.3 20.3 2.2 3.7 2 1.5 4.1 1.3 1.5 1.4 5.5 0 3.7 3.5 5 1 19.7 NA 55.3 46.4 9.7 7.5 0.3
20081214 30 27.7 2.2 3.7 2.1 1.7 4.5 1.4 1.5 1.4 5.6 0 4 3.8 5.2 1 21 NA 58.1 49.9 11.6 7 0.3
20081215 33.2 33.6 2.2 3.7 2.1 1.8 5 1.6 1.5 1.4 5.8 0 4.4 4.1 5.6 1 23.8 NA 61.8 55.3 13.7 6.9 0.3
20081216 43.9 33 2.2 3.7 2.4 1.9 5.3 1.4 1.5 1.9 8.6 0 5 5.4 6.3 1 34 NA 64.2 62.8 14.4 7.7 0.3
20081217 53.3 30.8 2.2 4 2.7 2.1 5.9 2.2 1.6 2.6 11 0.1 5.4 6.3 7 1.2 44.1 NA 64.9 71 14.2 8.6 0.3
20081218 61.1 29.1 2.1 4 3 2 6.1 2 1.6 3 13.3 0.1 5.9 7.3 7.6 1.2 52.2 NA 65.2 76.2 14.8 9.4 0.3
20081219 63 37.9 2.3 4.1 4.4 1.9 7.2 4.3 1.8 3.5 20 0.1 6.2 8.1 7.7 1.2 61.9 NA 66 82.1 17.4 13.1 0.7
20081220 69.3 48.1 2.7 5.2 6.7 1.7 8.9 7.8 2.4 5 25.6 0.1 7.9 8.6 7.9 1.3 75.2 NA 68.3 89.3 19.8 17.7 1.7
20081221 70.2 55.4 2.5 5.2 7.4 1.4 10.2 11 2.4 4.9 30.8 0.1 7.4 9.2 7.8 1.2 82.9 NA 69.4 93.9 22 20.7 1.7
20081222 71.9 63.5 2.8 5.4 9.1 1.2 11.7 14.1 2.8 5.8 37.7 0.1 7.7 9.3 7.7 1.2 92.4 NA 71 98.7 23.8 24.1 2.1
20081223 80.2 62.1 4.6 5.2 7.6 1.8 11.6 15.5 3 5.5 35.1 0.1 7.8 11.3 8.8 1.2 91.1 NA 68.9 97.7 21.2 23.6 1.8
20081224 88.4 61.7 6.9 5 5.9 2.5 11.6 19.1 3.7 5.7 32.8 0.1 7.9 13.8 10.3 1.4 92.6 NA 65.8 97 18.7 22.6 1.4
20081225 95.3 59.8 8.7 5 4.8 3.1 11.4 20.6 3.8 5.5 29.3 0.1 8.2 16.1 11.6 1.4 91.3 NA 63.4 96.2 16.6 22.2 1.3
20081226 88.8 51.1 8.2 4.7 4.6 2.8 9.2 16.4 3.2 4.8 28.4 0.1 7.9 13.1 10.6 1.4 82.8 NA 60.1 94.3 15.1 20.4 1.2
20081227 81.3 44 8.2 5.1 5 2.6 7.2 12.3 2.6 4.4 27.5 0.1 7.5 10.1 9.7 1.4 75.3 NA 59.4 92.7 14.1 19.1 1.2
20081228 75.9 36.1 6.7 4.7 4.6 2.1 4.7 7.3 1.6 3.2 26.4 0.1 7.1 6.4 8.4 1.1 68.1 NA 56.4 91.2 12.6 17.1 0.5
20081229 67 28 6.5 4.2 4.6 1.8 3.1 2.1 1.3 2.8 25.5 0.1 6.7 2.6 7.2 1.1 60.5 NA 53.3 89.3 11.1 15.9 0.4
20081230 77.1 29.2 6.2 4.4 5.2 1.8 3.9 2.6 1.6 3.5 29.2 0.1 7.2 5.4 8 1.1 60.3 NA 54.4 89.6 10.9 19.8 0.5
20081231 86.8 30 6.1 4.3 6.5 2 4.8 3 2.3 4.2 33.8 0.3 8.4 8.3 9.1 1.5 59.9 NA 55.7 90 10.7 24.1 1.5
20090101 94.2 31.5 5.4 4.4 6.9 2 5.4 3.3 2.5 4.6 36.2 0.3 8.9 10.3 9.7 1.5 60.5 NA 56 89.7 10.4 26.4 1.5
20090102 94.8 41.5 8.3 5.8 7.4 2.3 8.3 5.5 2.8 5.2 37.9 0.3 10.2 11.9 10.3 1.5 67.2 NA 59.4 89.7 10.8 29.3 2.4
20090103 96.7 55.1 11.6 8.9 8.3 3.4 11.4 8.9 3.5 6.1 40 2 11.8 13.5 10.9 1.5 69 NA 63.4 90.3 11 32 4.7
20090104 96.3 67.4 13.9 8.9 8.3 3.3 13.3 11.2 3.1 6 41.1 2 12 14.2 11 1.2 74 NA 66.9 89.9 11.5 33.9 5.2
20090105 96.7 80.1 16.6 11.3 9.1 3.9 15.4 14.3 3.5 6.5 42.5 2 13.6 15.5 11.4 1.2 75.5 NA 70.5 89.9 11.8 36 6.2
20090106 96.6 75.7 18.9 9.4 8.7 3.6 15 13.7 3.4 8.3 44.5 2 14.8 14 11.9 1.3 73.5 NA 71.1 92.4 16.6 38.6 5.2
20090107 95.4 75.3 22.5 7.1 9.3 3.5 14 13.5 4.8 12 48.2 2.3 18.1 14.1 13.8 2.2 73 NA 69.3 94.5 20.5 41.7 4.9
20090108 95.3 70.8 24.8 6.2 9.5 3.3 13.5 13.2 4.8 14 50.4 2.3 19.9 12.8 14.5 2.3 71 NA 69.3 96.6 24.3 44.3 4
20090109 95.5 75.9 34.6 12.6 11.6 4 15.6 13.2 4.5 12.5 52.8 3.1 30.8 15.3 15.6 2.5 79 NA 70.8 97.7 33.8 46 4.7
20090110 97.7 84.1 43.9 20.2 13.7 5 19.6 13.6 5 10.1 56.3 4.5 38.9 17.8 16.9 2.9 83 NA 74.1 98.8 39.4 49.8 5.8
20090111 97.8 89.1 52 25.5 14.9 5.3 22.1 13.9 3.4 7.9 58.6 5.4 47.9 18.8 17.4 2.8 90.8 NA 74.6 99.3 48.4 51.5 6.1
20090112 97.8 95 60.4 31.1 16.8 6.2 25.4 14.4 3.4 5.8 61.1 5.9 56.8 21.3 18.3 3 95.9 NA 76.9 99.9 54.9 53.2 6.8
20090113 97.8 94.8 68.1 45.3 25.8 12.2 28.9 16.2 5.6 8.3 63.3 5.2 63.3 29.1 21.4 6 95.6 NA 83.9 99.9 68.7 60.6 9.7
20090114 97.9 98.3 77 62.1 37 20.2 33.9 19.1 8.4 11.6 66.4 5.1 70.7 39.5 25.9 10 99.1 NA 91.1 100 82.3 68.4 13.2
20090115 97.9 97.8 85.6 77.8 47.3 27.1 37.1 21.2 10.3 13.5 66.9 4.5 75.8 47.3 29.1 12.4 98.6 NA 96.5 100 95.7 74.9 15.7
20090116 97.9 97.1 87.2 78.7 47.9 24.5 40.7 22.7 11.1 15.3 71.9 8.2 72.3 57.7 32 13.8 98.6 NA 96.5 100 96 74 15
20090117 99.9 97.1 91.2 82.5 49.6 22.1 45.4 24.3 12.7 18.8 78.1 13.6 70 68 35.2 15.2 98.6 NA 97.5 100 97.9 74.6 15.4
20090118 99.9 95.3 91.8 82.1 46.6 17.9 47.2 25.2 13.5 21 81.9 18.7 65.4 75.1 36.7 16 98.6 NA 97 100 95.8 73.6 14.7
20090119 99.9 95.2 93.6 83.3 47.9 14.9 51.5 26.2 14.8 24 86.1 23.9 63.3 86.8 39.7 17.4 98.5 NA 97.1 100 96.4 73.4 15.1
20090120 99.9 88.8 91 87.6 44.9 15.1 49.3 26.5 13.8 23.7 83.8 21.7 68.8 86.6 37.6 16.5 98.7 NA 94.1 100 96.4 72.7 15.2
20090121 99.9 80.5 87.8 91.2 40.4 15.5 45.6 25.5 11.9 24.8 84.4 20.3 72.8 86.6 35.8 15.8 99 NA 90.2 100 96.4 69.8 15.6
20090122 99.9 73.4 85 94.5 36.2 15.7 41.9 24 10 22.9 80.5 17.6 76.6 86.3 32.9 14.5 99.1 NA 85.9 100 96.4 68 15.6
20090123 99.9 77.7 86.5 93.6 39.6 15 47.9 26.3 12.1 23.7 76.5 14.9 76.9 84.2 42 18 99.3 NA 88.9 100 96 67.9 14.4
20090124 99.9 83.2 87.6 91.2 45.5 15.1 55.9 31.3 15.7 26.5 73.6 12.2 78.1 86.4 51.9 21.8 99.3 NA 91.4 100 96.1 68.8 13.3
20090125 99.9 86 88.7 90.1 49.2 14.2 62.3 34.3 17.3 27 69.7 8.1 78.3 83.5 60.4 24.5 99.5 NA 92.7 100 95.3 68.4 11.1
20090126 99.9 91.5 89.5 87.7 53.7 13.6 69.9 37.6 20 28.5 66.7 4.5 78.5 83.6 69.7 28.2 99.5 NA 95.4 100 95.3 68.4 9.3
20090127 99.8 94.3 91.8 91.2 49.1 15 68.5 41.9 26.3 33.8 76 7.7 77.7 84.9 74 30.8 99.6 NA 92.7 100 95.5 72.2 9.6
20090128 99.8 95.1 92.5 93.6 42.2 16.3 67 45.5 33.4 40.6 84 13.1 77.2 87.9 78.3 33.3 99.8 NA 88.4 100 96 75.2 11.1
20090129 99.7 97.5 94.2 95.3 36.2 16.9 64.9 47.7 38.6 45.4 93.8 15.6 75.2 88.7 81.3 35.1 100 NA 85.7 100 96.1 78.4 10.8
20090130 99.2 94.8 92.4 94.4 34.3 15.9 65.1 42 31.3 38.3 89.3 13.2 71.9 76.3 80.2 32.4 99.9 NA 85.2 100 96.1 73.2 9.4
20090131 98.6 91.9 92 93.9 32.7 16.1 66.6 37.5 25 32.9 85.4 10.9 69.1 68.1 78.9 31.2 99.9 NA 85.8 100 96.4 69.1 8.1
20090201 98.1 86.8 87.9 93.2 29.6 14.2 64.6 31.2 17.1 23.8 81.1 6.4 65.5 50.1 75 27.8 99.7 NA 81.7 100 96.4 64.8 5.1
20090202 97.3 83.9 87.1 92.4 27.6 13.6 65.3 26 10.3 16.4 75 4.4 62.6 41.8 73.3 25.8 99.6 NA 82.2 100 96.4 59.7 3.6
20090203 98.1 88.6 90.8 93.5 35.9 26.4 69.8 32.7 13.8 20.8 81.2 4.9 70.1 54.5 80.1 33.8 99.6 NA 87.4 100 96.4 71.9 7.2
20090204 98.9 93.7 92.6 94.5 42.9 41.3 71.4 39 19.7 25.9 87.5 7.6 78.2 64.2 84.4 42.9 99.6 NA 91.6 100 97.1 83.1 14.1
20090205 99.7 97.8 95 95.3 51.1 55.2 73.4 45.2 22.5 29.5 94.6 7.8 86.1 76.9 91.1 51.3 99.6 NA 95.2 100 97.1 93.8 18
20090206 99.7 93.4 93.1 94.1 45.7 45.6 66.1 42.3 18.1 25.7 89.2 7 79.9 68.2 90.2 47.7 99.6 NA 84.6 100 97.1 87.1 14.5
20090207 99.7 87.5 90.6 93.1 40.8 36.6 61.7 40.2 13.9 22.1 85.1 6.1 75 62.3 92.9 45.8 99.8 NA 75.5 100 97.5 82.4 11.3
20090208 99.6 81.9 88.1 92.2 34.7 24.6 55.4 36.4 8.4 16.6 79.7 4.9 68.5 53.6 92 40.9 99.9 NA 66.3 100 97 75.8 6.7
20090209 99.6 75.9 85.5 90.9 28.3 13.8 49.3 33.5 4.7 11.5 72.9 3.6 61.6 42.7 91.8 37 100 NA 56.6 100 97 68.3 3.1
20090210 98.3 75.9 82.5 92.6 27 21.1 49.4 24.8 5.8 9.5 70.1 3.6 61 43.7 88.8 37.3 99.7 NA 57.6 100 93.4 68 3.1
20090211 97.5 72.9 77.6 94.1 26.9 28.4 48.7 14.7 7.3 7.6 66.4 4.5 58.6 44.2 85.9 37.1 99.5 NA 59.1 100 88.4 66.1 3.2
20090212 96 71.4 72.6 95.3 25.8 33.7 46.6 5.2 8 4.7 62 4.5 56.5 41.7 82 36.3 99.2 NA 59.8 100 83.5 63.9 3
20090213 96.5 71.5 71.5 94.6 29.5 34.1 45.5 5.8 9.5 9 70.8 4.5 59.5 55.5 85.1 42 97.8 NA 62.9 100 87 72.8 3.3
20090214 97.2 72 71.5 93.4 31.2 34.6 44.6 6.9 11.3 13.7 77.8 4.5 64.3 68.8 88.1 48.2 95.8 NA 64.6 100 91.5 79.4 4.1
20090215 97.4 68.3 70.4 92 34.3 34.6 43.1 7.2 12 17 84 3.8 65.5 79.3 90.5 53.2 94.3 NA 66.6 100 94.2 85.6 4.2
20090216 97.6 68.3 69.7 90.7 36.3 34.4 41.7 7.8 13.7 21.5 91.9 3.8 70.3 92.4 93.4 59.1 92.3 NA 68.3 100 97.5 93.4 4.7
20090217 95.7 63.1 66.8 88.9 36.7 33.2 45.2 6.8 12 20.5 91.4 3.7 69.4 91.1 93 57.4 91.6 NA 70.7 100 97.5 89.2 4.1
20090218 93.7 58.7 63.3 88.1 37.2 28.2 48.5 5.7 9.6 18.4 89.7 3.8 68 86.3 91.9 54.3 90.3 NA 73.9 100 97.5 86.4 3.4
20090219 91.7 54.7 59.4 86.1 36.6 24.7 50.5 4.4 7.2 16.3 88.8 3.7 65 83.9 90.4 51.2 89.6 NA 75.5 100 97.5 82 2.5
20090220 93.2 55.8 65.3 87.8 37.3 28.1 52.3 8.8 8.3 18.4 88.2 3.7 60.7 81.9 91.2 52.5 90.1 NA 80.4 100 97.5 83.7 2.6
20090221 95.7 55.8 70.7 91.1 39.2 32.4 54.5 12.7 9.4 21.7 90.7 3.7 56.7 83.9 92.8 54.9 90.3 NA 85.5 100 97.8 86.6 2.9
20090222 97.1 55.6 76.9 92.7 38.7 34.9 55.8 16.2 10.4 23.6 89.1 3.3 51.8 80.1 93.4 55.5 89.7 NA 90.3 100 97.4 88.2 2.3
20090223 98.9 55.3 83.5 95.1 39.7 38.6 58.2 20.7 11.4 26.6 90.1 3.3 47.2 80.1 94.3 57 89.6 NA 97.6 100 97.4 90.5 2.4
20090224 97.9 56.7 83.7 94.5 41.3 37.6 63.9 17 10.7 24.8 90.5 3.6 54.1 82.5 94.5 58.6 87.8 NA 92.9 99.2 97.2 89.2 2.8
20090225 97.4 55.6 85.9 93.3 41.8 34.6 69.6 12.2 9.8 21.5 89.6 5 61.4 84.3 94.5 61.1 83.8 NA 88.6 98.1 96.9 87.4 4.4
20090226 97.4 62.9 87.7 93.3 47.5 38.8 72.9 13.2 10.4 24.1 90.9 5 63.6 86.4 94.7 66.6 85 NA 88.6 98.1 96.9 88.6 4.7
20090227 96.2 68 89 93.3 51.5 42.2 76 12.8 9.8 24.5 92 5 63.5 87.9 94.8 70.1 84.6 NA 88.5 97.8 96.9 88.7 4.8
20090228 97.8 76.9 90.1 93.4 63 56.2 77.3 19.7 11.3 33.3 93.8 5 58.9 91.5 95.2 77 89.1 NA 90.6 98.6 98.9 91.3 5.6
20090301 98.1 87.1 93.2 94.6 70 67.1 78.9 24.9 11.8 38.2 95.4 4.4 55.3 92.6 95.3 83.5 91.6 NA 94.5 99.2 98.8 93.3 4.7
20090302 99.1 94.6 95 95.2 78.4 79.4 80.3 31.5 12.9 45.6 97.1 4.1 49.5 95 95.5 91.6 94.8 NA 97.5 100 99 95.1 4.6
20090303 99 93.4 93.6 94.3 75.6 74.2 81.3 30.3 11.3 39 95.5 4.3 50.9 95 94.5 89.1 94.6 NA 93.4 100 99 94.3 4.4
20090304 99 90.6 90.9 93.2 72.1 69.7 80.7 27.8 8.6 32.1 93.4 4.6 50.9 95.1 93.6 87.3 94.1 NA 89.3 100 99 93.7 4.3
20090305 98.9 88.8 88.9 91.9 68.2 63.9 80.7 25.9 6.7 24.3 91.4 5 52.5 95.1 92.6 83.3 93.7 NA 84.1 100 99 92.2 4.4
20090306 98.7 77.7 82.8 91 64.6 58.7 76.4 22.7 6.3 24.1 87.1 5 49.7 94.2 92.7 82.4 81.9 NA 84.1 100 96.7 89.2 4.4
20090307 98.5 65.6 77.8 90 63 55 72.8 17.2 5.1 23.9 82.9 4.6 49.9 93.7 92.5 80.5 69.7 NA 84 100 95.1 88 3.7
20090308 98.3 51.6 69.8 88.9 59.2 49.3 66 12.7 3.6 23 76.6 3.3 48.2 90.7 91.9 79.2 58.2 NA 82.3 100 93.4 84.8 2.8
20090309 98.2 39.2 64.1 87.8 56.3 45.5 61 8.8 3.1 22.3 72.9 2.8 46.7 89.6 91.5 76.1 43.7 NA 82.2 100 90.3 81.4 2.1
20090310 98 27.7 58.6 87 53.1 39.8 57.1 4.8 2.3 22 68.4 2.6 45.9 89.1 91.4 75 34.5 NA 82.3 100 88.7 79.4 1.8
20090311 93.5 20 50.5 79.8 60.4 29.2 56.3 4.1 2.1 20 70.8 2.9 38.1 90.8 92.6 73.5 19.6 NA 68.8 100 93.2 82.9 1.8
20090312 88 12.4 40.7 72.6 66 17.4 52.5 2.1 1.6 16.2 71.4 2.8 29.6 87.9 92.1 69 6.8 NA 51.3 100 97.6 85.1 1.8
20090313 87.8 11.6 41.2 74.3 59.5 18.7 53.7 2.2 1.6 14.3 71.5 2.8 29.8 83.1 89.2 64 6.8 NA 49.9 100 94.3 82.1 1.8
20090314 86.8 11.1 42 76.6 52.6 19.9 53.8 2.2 1.6 11.2 71.7 2.8 30 76.5 88.1 60.5 6.1 NA 43.9 100 91.9 80.3 1.8
20090315 86.6 10.2 41.6 76.6 44.7 22.2 56.2 2.2 1.4 8.2 70.8 2.8 30.7 72.7 87.9 55.5 6.1 NA 41.7 100 87.4 77.7 1.7
20090316 85.6 9.6 41.6 78.2 39.1 23.3 56.8 2.3 1.4 5.1 69.6 2.8 30.4 62.2 83.2 49.3 5.4 NA 37 100 83.9 74.6 1.7
20090317 84.9 8.7 41.9 80 32 24.5 57.1 2.3 1.4 2.7 69.9 2.8 30.2 58.7 82.2 45.4 5 NA 33 100 81.5 72 1.7
20090318 85.1 7.3 32.1 78.4 28.9 26.9 39 2.5 1.6 3.3 69.2 3.3 24.5 40.8 76.3 45.9 5 NA 32.2 100 84.3 68.1 1.8
20090319 85.5 6.6 21.2 74.6 25.8 28.9 19.3 2.3 1.6 3.3 66.5 2.9 18.4 23.1 67.7 44.2 5 NA 31.8 100 87 63.2 1.5
20090320 85.8 6.5 19.6 72.7 23.2 25.3 19.1 2.3 1.6 3.5 65.7 2.9 16.1 31.6 69.1 42.3 5 NA 27.2 99.3 83.9 63 1.5
20090321 85.2 5.8 18.5 74.4 20.4 23.7 19.6 2.3 1.6 3.5 62.5 2.9 15.2 41.7 70.5 41.3 5 NA 20 98.6 80.7 62.7 1.5
20090322 84.8 5.6 17.1 74.9 16.9 19.8 18.4 1.5 1.1 3.4 61.8 2.1 14.3 53.5 71.5 38.9 5 NA 15.4 98.1 77.3 62.3 1.5
20090323 84 5.4 14.9 70.6 15.1 16.6 18.4 1.5 1.1 3.5 58.7 2.1 13 59 71 37.2 5 NA 10.8 97.3 75.3 60.3 1.5
20090324 83.8 5 13.5 71.6 11.9 14 17.9 1.5 1.1 3.6 57.7 2.1 10.9 69.8 73.3 35.4 5 NA 5 96.6 71.9 60.8 1.5
20090325 81 5 13 71.3 10.4 13.3 14.4 1.9 1.3 3.6 47.6 2.1 11 66 61.9 28.5 5 NA 5 95.4 66.8 63.9 1.6
20090326 77.7 5 11.6 69.6 8 12.1 11.3 1.9 1.3 3.2 36.5 2.1 10.6 57.3 47.2 19.4 5 NA 5 94.2 58.4 65.5 1.5
20090327 75.1 5 10.6 65 7.8 11.2 10.4 1.9 1.3 3.5 34.7 2.1 9.7 52.4 49 19.3 5 NA 5 93.9 58.7 59.9 1.5
20090328 71.7 5 8.6 55.3 7.4 9.4 8.2 1.9 1.3 4.2 30.9 2.1 8.7 47.2 51.1 18.8 5 NA 5 93.4 56.4 56.9 1.5
20090329 70.6 0 3.9 48.9 7.2 8.5 7.4 0 0 5.1 26.9 2.8 7.8 45.7 52.8 17.6 0 NA 5 93.3 55.6 51.8 1.9
20090330 67 0 2.7 40.5 6.9 7.5 6.5 0 0 5.9 25.9 2.8 6.8 39.9 54.6 16.9 0 NA 5 92.8 53.6 47.2 1.9
20090331 64.5 0 1.3 33.5 6.6 6.2 5 0 0 6.1 22.3 2.8 5.9 35.3 56.2 16.4 0 NA 5 92.5 53.2 42.4 1.9
20090401 69.9 0 0.9 33.1 5.6 4.1 3.1 0 0 6.2 23.3 3 5.8 34.8 50.7 17.1 0 NA 5 92.9 42.3 34.3 1.8
20090402 65.6 0 0.6 15.5 5.1 3.1 3.3 0 0 3 11.2 2.9 5.6 26.2 35.5 10.9 0 NA 5 92.4 39.5 32.8 1.6
20090403 56.5 0 1.3 29 6.5 5.9 5 0 0 5.8 21.1 2.8 5.9 30.6 50.5 15.2 0 NA 5 90.9 50.6 39.6 1.9
20090404 51.3 0 1.3 22.9 6.4 5.8 5 0 0 4.9 14 2.8 5.9 26 43 14 0 NA 5 89.2 44.9 36.9 1.9
20090405 43.9 0 0 16.8 5.1 2.7 1.6 0 0 3.9 12.4 2.8 4.2 19.2 37 12.6 0 NA 5 88.3 39.5 33.5 1.4
20090406 39.4 0 0 10.4 5 2.5 1.6 0 0 3.3 10.4 2.8 4.2 12 30.3 11.2 0 NA 5 86.6 37.2 31 1.4
20090407 31 0 0 6.1 4.8 2.2 1.6 0 0 2.7 6.5 2.8 4.2 7.4 23.9 10 0 NA 5 84.9 33 28.4 1.4
20090408 29.3 0 0 5.4 4.7 2.2 1.7 0 0 3.1 6 2.9 4.2 7.5 21.5 8.2 0 NA 5 83.3 30.6 27.8 1.4
20090409 24 0 0 4.1 4.3 2 1.6 0 0 2.8 5.4 2.9 4.1 7.7 17.8 5.5 0 NA 5 81.3 26.4 25.8 1.3
20090410 24.8 0 0 3.9 4.2 2 1.6 0 0 2.8 5.4 2.9 4.1 7.6 18.9 5.4 0 NA 5 80.4 26.7 25.7 1.3
20090411 24.6 0 0 3.6 4.2 2 1.6 0 0 2.8 5.4 2.9 4.1 7.3 20.7 5.4 0 NA 5 78.4 27.9 25.4 1.3
20090412 23.9 0 0.2 5.9 4.6 3.1 1.3 0 0 2.7 5.4 0 4.2 7.1 21.5 5.4 0 NA 4.9 76.5 28.9 24.9 0.2
20090413 24.3 0 0.2 5.5 4.6 3.1 1.3 0 0 2.7 5.4 0 4.2 7.1 23 5.4 0 NA 4.9 74.8 29.5 24.7 0.2
20090414 24.3 0 0.2 5.3 4.5 3.1 1.3 0 0 2.7 5.4 0 4.2 6.9 23.7 5.3 0 NA 4.9 73.9 31.1 24.5 0.2
20090415 17 0 0.2 5.2 4.5 3.1 1.3 0 0 2.7 5.2 0 4.2 6.8 21.7 5.3 0 NA 4.9 73.5 27.6 24.1 0.2
20090416 10.1 0 0 4.5 4 1.7 1 0 0 1.4 5 0 3.7 6.7 19.1 5.2 0 NA 4.9 72.1 22.7 23.7 0.2
20090417 8.9 0 0 4.5 4 1.7 1 0 0 1.4 5 0 3.7 6.4 17.4 5.2 0 NA 4.9 72.3 19.6 23.7 0.2
20090418 7.8 0 0 4.5 4 1.7 1 0 0 1.4 5 0 3.7 6.2 15.4 5.2 0 NA 4.9 69.8 16.4 23.7 0.2
20090419 6.7 0 0 0 0.6 0.1 0 0 0 0.2 0 0 0 5.9 12.5 2.8 0 NA 0 69.8 13 19.7 0
20090420 5.3 0 0 0 0.5 0.1 0 0 0 0.2 0 0 0 5.6 10.6 2.7 0 NA 0 67.3 9.4 19.7 0
20090421 5.1 0 0 0 0.5 0.1 0 0 0 0.2 0 0 0 5.4 10 2.7 0 NA 0 56.8 8.4 15.3 0
20090422 0.1 0 0 0 0.5 0.1 0 0 0 0 0 0 0 5.3 9.3 2.6 0 NA 0 43.7 7.1 10.4 0
20090423 0 0 0 0 0.5 0.1 0 0 0 0 0 0 0 5.2 8.8 2.6 0 NA 0 32.9 5.9 4.8 0
20090424 0 0 0 0 0.5 0.1 0 0 0 0 0 0 0 5.1 8.7 2.6 0 NA 0 29.3 5.7 4.2 0
20090425 0 0 0 0 0.5 0.1 0 0 0 0 0 0 0 5.1 8.8 2.6 0 NA 0 24.6 5.4 3.4 0
20090426 0 0 0 0 0 0 0 0 0 0 0 0 0 5.1 7.7 0.6 0 NA 0 17.7 4.9 2.3 0
20090427 0 0 0 0 0 0 0 0 0 0 0 0 0 5 7.6 0.5 0 NA 0 11.8 4.7 1.4 0
20090428 0 0 0 0 0 0 0 0 0 0 0 0 0 5 7.2 0.5 0 NA 0 9.7 4.7 1.4 0
20090429 0 0 0 0 0 0 0 0 0 0 0 0 0 4.5 5.9 0.3 0 NA 0 7.6 0.3 1.3 0
20090430 0 0 0 0 0 0 0 0 0 0 0 0 0 4.5 5.5 0.3 0 NA 0 5 0.3 1.3 0
20090501 0 0 0 0 0 0 0 0 0 0 0 0 0 4.5 5.1 0.3 0 NA 0 5 0.3 1.3 0
20090502 0 0 0 0 0 0 0 0 0 0 0 0 0 4.5 4.7 0.3 0 NA 0 5 0.3 1.3 0
20090503 0 0 0 0 0 0 0 0 0 0 0 0 0 0.1 2.5 0 0 NA 0 0 0 0 0
20090504 0 0 0 0 0 0 0 0 0 0 0 0 0 0.1 2 0 0 NA 0 0 0 0 0
20090505 0 0 0 0 0 0 0 0 0 0 0 0 0 0.1 1.6 0 0 NA 0 0 0 0 0
20090506 0 0 0 0 0 0 0 0 0 0 0 0 0 0 0.8 0 0 NA 0 0 0 0 0
20090507 0 0 0 0 0 0 0 0 0 0 0 0 0 0 0.5 0 0 NA 0 0 0 0 0
