20181115 0 0 0 0 0 0 0 0 0 0 0 0 0 0 0.1 0 0 NA 0 0 0 0 0
20181116 0 0 0 0 0 0 0 0 0 0 0 0 0 0 0.2 0 0 NA 0 0 0 0 0
20181117 0 0 0 0 0 0 0 0 0 0 0 0 0 0 0.5 0 0 NA 0 0.8 0.1 0 0
20181118 0 0 0 0 0 0 0 0 0 0 0 0 0 0 1 0 0 NA 0 4 0.1 0 0
20181119 0 0 0 0 0 0 0 0 0 0 0 0 0 0 0.9 0 0 NA 0 3.9 0.1 0 0
20181120 0 0 0 0 0 0 0 0 0 0 0 0 0 0 1.1 0 0 NA 0 4.2 0.1 0 0
20181121 0 0 0 0 0.1 0 0 0 0 0 0 0 0 0 1.7 0 0 NA 0 5.8 0.1 0 0
20181122 2 0 0 0 0 0 0 0 0 0 0 0 0.5 0 2 0 0 NA 0 13.5 1.3 0 0
20181123 2.8 0 0 0 0.1 0 0 0 0 0 0 0 2.6 0 1.7 0 0 NA 5.2 14.3 2.6 0.9 0.1
20181124 1.3 0 0 0 0 0 0 0 0 0 0 0 2.6 0 1.7 0 0 NA 5.8 8.8 1.3 0 0
20181125 0.4 0 0 0 0 0 0 0 0 0 0 0 2.6 0 1.5 0 0 NA 1.8 8.8 1.3 0 0
20181126 0.1 0 0 0 0 0 0 0 0 0 0 0 2.5 0 1.3 0 0 NA 0.5 3.2 0 0.2 0
20181127 0.2 0 0 0 0 0 0 0 0 0 0 0 2.5 0 1.3 0 0 NA 0 3.7 0.2 0.3 0
20181128 0.4 0 0 0 0 0 0 0 0 0 0 0 2.5 0 1.5 0 0 NA 0 3.8 0.4 0.3 0
20181129 4.4 0 0 0 0 0 0 0 0 0 0 0 2.2 0 1.6 0 0 NA 8.5 3.4 1.4 0.3 0
20181130 5.4 0 0 0 0 0 0 0 0 0 0 0 1.6 0 1.6 0 0 NA 10.6 5.7 1.6 0.6 0
20181201 3.2 0 0 0 0 0 0 0 0 0 0 0 1.6 0 1.7 0 0 NA 4.5 7.4 1.2 0.5 0
20181202 1.6 0 0 0 0 0 0 0 0 0 0 0 1.1 0 1.7 0 0 NA 0 8.6 0.7 0.5 0
20181203 1.6 0 0 0 0 0 0 0 0 0 0 0 1.1 0 1.8 0 0 NA 0 8.6 0.7 0.5 0
20181204 1.8 0 0 0 0 0 0 0 0 0 0 0 0.5 0 2 0 0 NA 0 9.6 1.1 0.7 0
20181205 1.5 0 0 0 0 0 0 0 0 0 0 0 0.5 0 2.2 0 0 NA 0 11.1 2.1 0.9 0
20181206 1.7 0 0 0 0 0 0 0 0 0 0 0 0.5 0 2.4 0 0 NA 0 12.2 2.5 1.2 0
20181207 8.2 0 0 0 0 0 0 0 0 0 0 0 0.1 0 3.1 0.3 0 NA 2.7 38.2 11.8 4.5 0
20181208 18.5 0 0 0 0 0 0 0 0 0 0 0 0.1 0 3.1 0.1 0 NA 5.1 39.3 3.5 4.1 0
20181209 22.2 0 0 0 0 0 0 0 0 0 0 0 0.2 0 2.9 0.1 0 NA 31.5 39.6 2.1 4.1 0
20181210 17.8 0 0 0.3 0.2 0 0 0 0 0 0.3 0 3.9 0 3 0.1 0.7 NA 33.7 43.4 0.7 3.9 0
20181211 20 0 0 0.3 0.2 0 0 0 0 0 0.3 0 3.9 0 3.5 0.1 0.7 NA 33.7 43.5 0.7 4.5 0
20181212 19.9 0 0 0.4 0.5 0.1 0 0 0 0 0.3 0 3.9 0 2.8 0.1 0.8 NA 35.1 33.5 0.8 4.1 0
20181213 18.5 1.9 0 0.6 0.4 0 0 0 0 0 0.1 0 3.8 0 2.7 0.1 1.7 NA 37.9 23.5 0.4 3.1 0
20181214 17.3 0.9 0 0.2 0.2 0 0 0 0 0 0 0 2.2 0 2.1 0.1 0 NA 42.6 18.3 0.4 2.4 0.1
20181215 16 0.9 0 0.2 0.2 0 0 0 0 0 0 0 2.2 0 2 0.1 0 NA 42.6 18.3 0.4 2.4 0
20181216 17.9 0.4 0 0 0.2 0 0 0 0 0 0 0 1.9 0 2.2 0.1 0 NA 21.5 17.6 0.3 1.9 0
20181217 13.6 0.4 0 0 0.3 0 0 0 0 0 0 0 2 0 2.5 0.1 0 NA 28 17.7 0.2 2.3 0
20181218 13.9 0.4 0 0 0.2 0 0 0 0 0 0 0 1.9 0 2.5 0.1 0 NA 12.8 19.1 0.2 2.7 0
20181219 14.1 0.4 0 0 0.3 0 0 0 0 0 0 0 1.5 0 2.5 0.1 0 NA 9 16.3 0.1 4.5 0
20181220 14.1 0.4 0 0 0.2 0 0 0 0 0 0 0 2.5 0 2.6 0.1 0 NA 9.8 16.1 0.1 4.7 0
20181221 14.3 0 0 0 0.2 0 0 0 0 0 0 0 1 0 4.2 0.1 0 NA 5.5 17.7 0 3.7 0
20181222 4.7 0 0 0 0.4 0 0 0 0 0 0 0 2.9 0 2.3 0.1 0 NA 4.9 30 2 4.9 0.1
20181223 23.4 0 0 0 0.2 0 0 0 0 0 0 0 4.1 0 2.8 0.1 0 NA 7.9 35.4 3.8 6.7 0.1
20181224 24.1 0 0 0 0.5 0 0.6 0 0 0 0 0 3.4 0 3.1 0.1 0 NA 13.3 25.3 7 9.3 0.1
20181225 13.1 0 0 0 0.4 0 0.5 0 0 0 0 0 3.5 0 3 0.1 0 NA 8.2 25.9 5.5 6.5 0.1
20181226 20.7 0 0 0 0.5 0.1 0.5 0 0 0 1.7 0 3.9 0.1 2.9 0.1 0 NA 9.4 28 7.8 8.9 0.2
20181227 31 0 0 0 0.5 0.1 0 0 0 0 1.9 0 4.7 0.3 3.7 0.1 0 NA 22.3 39.9 5.8 9.6 0.1
20181228 22.5 0 0 0 0.1 0.3 0 0 0 0 0 0 3.9 0.6 4.1 0.1 0 NA 19.3 41.3 5.4 7.6 0.1
20181229 28.2 0 0 0 0.4 0.3 0 0 0 0.1 0 0 3.9 0.5 5.2 0.1 0 NA 11 53.7 5.2 7.6 0.1
20181230 30.3 0 0 0 2.4 0.3 0.1 0 0 0 5.1 0 3.9 0.5 5.1 0.1 0 NA 7.2 59.2 8.5 14.8 0.1
20181231 37 0 0 0 3 0 0.1 0 0 0 3 0 5.3 1.2 5.5 0.2 0 NA 31 70.5 14.9 12.6 0.1
20190101 39.1 0 0 0 3.1 0 0.1 0 0 0 4 0 3.9 0.6 5.6 0.1 0 NA 30.2 66.8 8.2 17 0.1
20190102 49.9 0 0 0 4.9 0 0.3 0 0 1 14.2 0 3.9 2.6 8 0.3 0 NA 30.2 73.9 14.2 20.8 0.1
20190103 56.8 0 0 0 0.9 0.3 2 0 0 0.9 9.4 0 3.9 2.7 8.5 0.2 0 NA 43 87.1 12.6 17.3 0.3
20190104 41.4 0 0 0 1 0 0 0 0 0.1 7.5 0 4.9 2.6 4.8 0.1 0 NA 23.6 86.5 16.1 14.3 0
20190105 31.8 0 0 0 1.5 0 0.5 0 0 0.1 1.2 0 4.6 0.7 4.2 0.1 0 NA 23.2 79.4 5 10.8 0
20190106 32.8 0 0 0 0.7 0.4 0.4 0 0 0.1 2.9 0 4 0 3.7 0.1 0 NA 15.4 82.3 5.8 15.4 0
20190107 32.8 0 0 0 0.7 0.4 0.4 0 0 0.1 2.9 0 4.1 0 3.7 0.1 0 NA 15.4 82.3 5.1 16 0
20190108 29 0 0 0 0.7 0.4 0.3 0 0 0 1.7 0 4.7 0.1 4.1 0.1 0 NA 16.3 81.9 6 15.3 0.1
20190109 27 0 0 0 0.7 0.6 0.3 0 0 0.2 7.2 0 4.7 0.4 5.8 0.1 0 NA 17.2 73.9 7.1 16.8 0.1
20190110 35.1 0 0 0 0.8 1.1 0.7 0 0 0.3 8.6 0 5.6 0.5 4.7 0.3 0 NA 8.7 85.8 10.2 22.2 0.1
20190111 49.7 0 0 0 1.2 2.4 3 0 0 0.9 18.3 0 7.8 2.3 7.6 0.6 8.6 NA 40.9 92.4 17.2 35.4 0.3
20190112 58.7 7.3 0 0 6 6.9 4.5 0 0 0.7 17.9 0 12.5 1.2 5 0.1 9.5 NA 48 96.7 21.7 46.5 0.8
20190113 52.1 0 0 1.8 3 1.7 1.8 0 0 0.6 30.6 0 13.4 0.7 6.4 1 15.5 NA 40.9 97.2 55.6 42.7 0.7
20190114 73.1 1 0 2.7 5.3 1.7 5.1 0 0 0.9 32.3 0.2 14.8 1.2 6.5 0.6 51 NA 57.2 97.2 58.7 50 1.3
20190115 72.6 1.4 0 2.7 6.2 1.7 4.4 0 0.1 1.6 17.1 0.2 14.9 2 6.5 0.5 51 NA 53.2 97.2 64.1 50.1 1.2
20190116 71.7 5.5 0 2.7 7.3 2.2 6.1 0 0 3.1 27.9 0.2 14.9 2.2 6.9 0.5 51 NA 46.7 97.2 25 39.4 1.1
20190117 83.4 7.8 1.8 14.4 11.7 4.1 10.8 0 0 3.8 35.9 4.2 21.4 3.7 8.1 0.8 57.4 NA 62.1 88.6 30.7 43.5 3.1
20190118 91.2 9.1 0.4 8.1 7 3.1 9.1 0 0 2.7 27.7 0 22.2 4.9 9.8 1.8 61.1 NA 71.3 92 25.5 38.7 0.6
20190119 95.8 29.1 2 10.2 18.7 8 12.5 0 0.7 3.6 60 0 34.1 6 14.9 4.2 87 NA 73.3 97.2 67 55.7 2
20190120 95.8 80.4 7.8 28.8 16.1 12.9 16.2 4.4 2.9 9.2 58.9 0.3 43.4 7.4 12.7 3.6 95 NA 85.2 97.9 80.8 52.5 2.4
20190121 94.2 89.8 17.2 26 20.6 9.4 20.1 2.2 3.2 7.7 66.2 1.1 45.9 15.5 16.5 8.4 95 NA 84.1 97.9 95.3 61.2 3.3
20190122 94.2 92.2 29.7 27 23.5 10.5 33 2.2 3.8 10.3 73.6 1.2 54.8 25.9 20.5 11 95 NA 97.7 98 95.4 65.6 4.7
20190123 99.5 81.8 19 24.2 15.6 6.9 28.2 5.3 4.4 10.5 53.1 0.3 46.2 14.5 15.6 5.5 95 NA 74.4 99.5 77.9 52.1 1.8
20190124 99.6 81.9 8.9 11.1 19.5 7.8 20.7 6 4.1 10.1 54.2 3.9 29.6 5.7 14.9 5.5 95 NA 88 99.6 91 39.8 2
20190125 98.2 95.1 25.7 22.5 25.1 3 29.1 14.7 9.4 19.4 59.3 3.1 41.7 7.5 20.6 6.6 95 NA 93.8 100 90.8 51.5 3.5
20190126 98.3 94.3 43 29 29.8 5.8 29.9 21.4 13.3 15.6 53.6 0.7 32.7 24.4 34.6 16.6 94.8 NA 91.8 100 95.1 59.6 2.4
20190127 98.3 94.3 48.8 23.5 34.9 6.8 42.8 16.7 7.5 10 52.4 0 36.4 21.2 26.1 13.2 84.4 NA 90 100 97.5 52.5 3.6
20190128 98.3 95.1 73.3 40 46.3 14.8 49 22.8 13.8 16.2 67.7 1.6 70.1 47.4 39.8 27.4 95 NA 97.5 100 99.2 66.2 9.3
20190129 98.3 95.1 73.8 40.9 36.9 15.1 31.5 30 19 22.5 72.2 7 66 34.1 43.9 33.6 95 NA 96.2 100 99.1 68.6 7.7
20190130 98.3 95.2 89.3 53.4 29.5 12.6 42.3 27.9 9.9 10.5 63 1.9 62.5 34.2 39.1 30.5 100 NA 87.7 100 99.1 56.5 7
20190131 99.9 98.1 93.9 72.3 41.3 8.9 50.7 31.9 21.8 19.2 62.2 7.3 67.8 77.1 57.6 34.1 100 NA 93.2 100 99 65.6 10.9
20190201 100 98.1 94.1 81.7 44 7.9 58.1 42.7 25.9 39.3 84.2 24.4 77.6 85.4 67 43.2 100 NA 96.8 100 99 67.3 26.7
20190202 99.7 94.8 91.9 88.8 28.9 7.7 46.1 33.8 17.2 5.7 63.5 8 77 64.3 62.1 27.4 100 NA 74.1 100 99 62.6 15.4
20190203 99.7 82.8 86.6 86 21.6 20.4 57.4 20 15.4 6.9 66.4 1.4 74.1 58.3 51.9 19.9 100 NA 67.8 100 97.9 63.4 7.3
20190204 99.7 76 80.9 90.1 23.5 13.6 52.7 18.2 13.9 7.9 67.6 0 66.2 57.8 52.7 22.9 100 NA 64.4 100 98 63.2 4.6
20190205 98.8 79.1 81.6 90.1 15.8 16.4 16.2 6 6.6 10 68.1 0 63.1 70.4 53.3 21.4 100 NA 50.4 100 98.9 64.6 5.2
20190206 98.6 70.7 82.1 85.3 18 30.4 20.2 3.2 4.7 9.8 70.7 0 53.8 72.3 57 29.7 100 NA 67.6 100 96.8 71.2 3.1
20190207 98.6 71.4 68.6 73.1 19.2 33.4 19.7 10.4 11.8 11.5 73.6 0 60.6 81.3 58.7 35.8 100 NA 63.9 100 96.8 71.2 11.9
20190208 99.6 66.3 69.2 81.8 36 23.2 28 14.8 13.9 30.6 76 0 58.7 91.2 79.7 50.2 100 NA 92 100 99.5 72.9 7.4
20190209 98.8 88.3 91.2 94.1 29.7 16.8 24.9 15.1 12.6 20.1 71.4 0 92.4 94.1 85.2 38.1 100 NA 90.1 100 99 65.8 6.1
20190210 98.8 88.9 93.8 95.3 40.4 17.7 53.6 12.9 12.6 20.5 72.1 5.1 73 94.9 93.4 46.7 100 NA 90.6 100 97.6 70.6 7.2
20190211 98 80.3 89.6 90.6 48.8 34.9 54.2 11 11.6 20.6 78.7 3.6 68.5 94.1 90.3 47.3 100 NA 90.7 100 97.8 80.6 8.6
20190212 99.2 77.7 87.8 90.6 50 38.4 56.1 11 10.4 13.5 71.9 4 71.7 92.8 83.7 44.1 100 NA 96.1 100 98.6 80.9 10.4
20190213 100 67.3 80.1 73.7 38.9 23.3 39.7 21.6 14.6 23.7 75.3 2.7 66.5 86.1 84.2 41.5 95.4 NA 92.9 100 98.6 76.2 7.8
20190214 100 56.3 75.8 71.6 36.8 20.2 42.1 18 14.5 26.7 80.2 2.4 62.7 90.1 87.7 47.1 95.3 NA 92.6 100 99.3 75.3 7.4
20190215 100 43 73.6 69.7 28.7 13.3 42.2 11.6 8.4 30 79.7 0 43.2 57.6 82.6 49.3 74.9 NA 87.9 100 99.3 71.7 0.2
20190216 100 72.3 86.2 78.3 35.3 22.2 47.7 18.2 15.1 20.9 82.3 0 51.5 78.2 89.3 36.1 88.7 NA 93.5 100 98.4 71.3 3.2
20190217 100 78.7 82.8 90.5 37.7 31.8 51 17 14.9 24 81.6 0.9 74.6 93.5 95.2 52.1 91.8 NA 91 100 99.1 82.3 12
20190218 100 89.9 88.4 78.8 59.6 50.5 44.2 24.6 20.2 28 86.6 0 81.4 93.2 91 59.8 95.6 NA 94.8 100 98.9 89.5 13.9
20190219 100 85.7 88.1 93.9 59.7 33.9 51.6 30.1 26.2 51 93.8 0 78.2 93.5 90.2 68.6 96 NA 93.9 100 98.9 88.4 15
20190220 100 90.1 90.4 94.9 59.2 33.6 66.9 24 22.8 34.8 91.1 17.7 80 93.6 91.8 69.1 96.4 NA 88.8 100 99.1 91 29.2
20190221 99.9 80.5 86.8 94.9 64 28.3 63.8 12 9.2 19.7 86.2 11.8 70.1 96.1 94 70.1 92.9 NA 78.4 100 99 88.2 17.9
20190222 99.9 74.9 87.6 88.5 37 16.5 59.5 14.4 10.7 27.4 86 0 66.8 90.1 93.2 65.4 92.9 NA 84.1 100 99 84.9 8.6
20190223 99.9 85.2 87.1 88.9 36.7 23 55.9 8 6.7 19.5 86.1 0 61.2 91.8 93.1 58 90.8 NA 80.3 100 97.5 80.9 7.7
20190224 99.9 60.2 81.3 86.2 29.9 30.3 52.4 12.3 7.7 20.9 85.4 0 49 84.5 93.7 60.7 87.1 NA 70.2 100 94 78.7 1
20190225 99.9 72.9 88.6 88 27.8 25.6 57.1 11.5 12.7 29.6 84.8 0 46.7 78.9 87.4 63.1 80.3 NA 82.1 100 99.5 71.4 0.3
20190226 99.6 79.7 90.2 89.9 56.8 39.9 56.5 24.5 23 36.9 89.9 2 61.3 84.8 84.3 66.8 85.2 NA 82 100 100 76.9 8.3
20190227 99.9 90.5 93.9 93.5 62.7 48 73.2 27.8 27.5 46.3 93.3 2.6 64.2 96.1 93.6 75 78.9 NA 86.8 100 100 88.9 10.6
20190228 100 86.6 92.9 94.6 69.7 57.9 79.4 22.5 22.1 40.8 97.5 2.8 76.3 74.6 93.1 80.6 80.2 NA 97.9 100 100 95.9 24
20190301 100 92.2 93.3 94.6 85.9 78.5 90.9 28.2 31.6 36.8 97.6 2.8 88.5 80.9 90.2 77.9 90.8 NA 98.2 100 100 96.6 32.5
20190302 100 94 94 95.7 73.6 47.7 87.7 26 25.4 35.1 95.4 2.8 74 92.1 91.5 79 95 NA 95.5 100 99.9 95.2 18.4
20190303 100 94.9 93.5 95.6 83.2 61.4 87 30 13.8 38.5 96.2 8.9 68.7 96.1 95.6 84.9 95.1 NA 96.5 100 100 95.1 23.8
20190304 100 92.8 93 95.9 83.3 66.5 88.8 29.9 19.8 32.9 94.3 5.7 67.7 92.6 95.3 88 95.1 NA 97.8 100 100 95.4 7.4
20190305 100 92.9 92.9 92.2 83.6 86.2 85.2 25.3 20.1 42 97.2 9.1 67 92.8 93.2 91.8 95.1 NA 87 100 100 95 5.2
20190306 100 93.3 91.3 93.2 84.4 50.7 80.2 30.7 23.4 48.7 97.2 4.3 69.6 92.8 94 94 95.1 NA 87 100 100 95.8 13
20190307 100 97.3 93 94.7 79.1 63.7 87.4 20.4 12.5 42.2 99.5 0.7 75 92.5 93.5 94.3 97.8 NA 93.5 100 100 95.9 15.6
20190308 100 92 93.4 95.9 87.5 85.1 89.5 37.5 41 58.3 97.5 1.4 72.3 94.1 94.6 95.1 97.8 NA 93.3 100 100 95.4 19.3
20190309 100 93.3 93.8 95.9 94.9 95.5 95.2 30.9 41.7 58.8 97.5 2.8 77.2 95.7 94.7 94.1 97.6 NA 97.7 100 100 96.1 18.1
20190310 100 85.6 93.3 95.8 95.2 89.5 85.2 15.2 10.6 34 91 0 57.5 96.1 85.6 87.3 97.6 NA 79.3 100 100 92.2 2
20190311 100 80.3 83.5 86.1 89.4 95.5 79.9 7 1.9 19.9 84 0 47.7 53.1 81.2 87.8 82.2 NA 72.9 100 100 87.8 0.2
20190312 98.2 34.9 72.7 85.4 40.6 22.6 49.9 4.5 0.2 17.5 86.8 0 44.3 48.8 79.2 86.3 75.2 NA 54.9 100 100 69.1 0.3
20190313 98.2 34 72 83 39.8 22.1 50.6 4.7 0.2 14.2 89.5 0 44.5 82.6 83.2 82 75.2 NA 54 100 100 70.7 0.3
20190314 98.7 33 66.8 82.4 35.6 22.4 49.2 4.3 0.4 15 93.1 0 47.3 91 85.6 81.3 75.2 NA 53 100 100 70.4 0.4
20190315 98.2 32.1 65.2 82.1 28.2 33.9 44.9 1.1 0.1 5 83.2 0 44.9 34.2 72.4 69.5 75.2 NA 49.2 100 100 67.2 0
20190316 98.8 8 28.5 72.5 10 15.8 12.8 0.4 0.5 7.8 84.9 0 41.7 47.8 69.2 72.4 37.2 NA 45.8 100 100 64.3 0.6
20190317 93.7 12.2 31.2 73 15.4 15.2 9 1.4 0.5 5.7 84.4 0 37.9 28.2 55.1 68.3 37.8 NA 41.6 100 100 66 0.3
20190318 93.7 17 32.1 71.5 4.4 15.4 6.9 0.8 0.6 2.5 81.8 0 38.1 27.1 63.4 72.1 21.8 NA 36.9 100 100 64.5 0.3
20190319 93.5 7.2 29.2 72 29.6 20.8 12.1 0.6 0.4 2.5 84.6 0 39.8 25.2 66.6 78.1 18.3 NA 35.2 100 100 81.9 0.4
20190320 93.5 6.6 21.7 75.9 11.5 17.5 7.7 0.6 0.4 1.6 83.3 0 38.3 26 63.3 73.7 16.8 NA 42.6 100 100 63.4 0.2
20190321 93.5 6.5 22.9 76.1 10.4 16.7 7.2 0.6 0.4 1.7 83.3 0 38.1 22.4 50.4 68.3 16.8 NA 43.9 100 100 64.3 0.2
20190322 92.7 3.6 21.1 73.7 4.7 12.9 4.1 0.2 0.8 0.5 76.8 0 37.6 22.6 38.5 54.4 11 NA 38.9 100 100 63 0.3
20190323 92.7 6.6 13 58 4.1 16.3 2.6 1.1 1.5 0.7 74.6 0 34.8 23.8 35.3 49.1 0 NA 24.3 100 100 65.3 0.2
20190324 91.9 4.2 9.5 58.2 3.5 12.4 2.3 0.3 0.5 0.7 73.5 0 35 22.4 31.5 40.9 0 NA 24.8 100 100 59.2 0.2
20190325 91.2 6.4 9.4 64.6 4.2 22.5 4.2 1.4 0.4 1 74.7 0 43.2 25.4 32.7 40.2 0 NA 23.1 100 100 62.8 0.4
20190326 91.8 4.1 13.4 61 3.5 13.7 3.4 1.8 0 0.7 67.9 0 35.3 26.4 31 32.6 0 NA 17 100 100 63.9 0.1
20190327 91.8 4.8 13.1 63.1 4.4 12.6 4.6 1.7 0 0.1 67 0 33 25 33.4 33.9 0 NA 22.7 100 100 60.8 0.1
20190328 92.7 1.9 8.4 65.5 3.4 10.8 3.9 0 0 0 54.9 0 32.6 25.7 29.2 30.8 0 NA 11.5 98.7 98 59 0.1
20190329 91.1 0.4 3.9 52.9 3.4 10.3 2.8 0 0 0.1 62.9 0 29.5 21.2 25.7 22.8 0 NA 4.2 99 98.3 54.6 0.1
20190330 92.7 0.3 5.1 58.2 3.7 14.7 4.2 0 0 0.2 66.7 0 33.8 19.7 20.1 24.4 0 NA 4.1 97.2 95.7 56.5 0.2
20190331 89.3 0.4 2.7 51.3 3.5 14.6 4.8 0 0 0.5 47.5 0 33.9 21.2 18 23.8 0 NA 6.2 97.2 97.2 60.1 0.2
20190401 85.1 0 2.2 36.7 2.8 6.7 0.6 0 0 0.5 51.5 0 24.8 24.4 15 17.7 0 NA 0 97 96.1 53.8 0.1
20190402 85.2 0 2.7 41.6 2.8 8.6 1.3 0 0 0.2 50.4 0 20.9 24.4 15.8 16.2 0 NA 0 98.6 96.1 48.7 0
20190403 76.3 0 0.6 39.9 2.7 6.2 0.7 0 0 1.2 38.8 0 18.9 13.5 13 9.1 0 NA 0 98.7 95.3 44.6 0
20190404 84 0 0.7 40 3 6.4 0.7 0 0 0.8 43.7 0 13.8 15.6 13.3 8.9 0 NA 0 97.1 93.7 44.5 0.1
20190405 84.8 0 1 44.7 2.5 8.7 1.3 0 0 0.2 49.3 0 13.6 18.8 15.9 11.1 0 NA 0 96.5 93.8 46.2 0
20190406 83.4 0 0 38.3 1.7 9.3 1.1 0 0 0.2 44.6 0 11.1 17.8 15.3 10.1 0 NA 0 95 91.8 43.9 0.2
20190407 83.7 0 0 41.6 1.7 13.5 0.7 0 0 0.1 45 0 11.1 16.6 17 10.8 0 NA 0 95 91.8 49.3 0.1
20190408 76.9 0 0 42.6 1.5 13.4 0.8 0 0 0 43 0 11.4 13.3 17.3 9.9 0 NA 0 95 85.4 52.6 0.1
20190409 77.2 0 0 32.2 2.6 6.7 0.2 0 0 0 46.7 0 12.7 13 16.7 9.7 0 NA 0 95.8 89.7 45 0.1
20190410 60.1 0 0 27.8 2.1 6.9 0 0 0 0.6 38 0 10.6 7.2 11.6 10.5 0 NA 0 90.6 86.5 46 0
20190411 67.5 0 0 29.9 1.6 8.3 0 0 0 0.6 41 0 5 5.1 11.8 10.1 0 NA 0 90.4 74.4 45.2 0
20190412 5.6 0 0 36 0 8.9 0 0 0 1.8 8.8 0 0 7.1 13 8.6 0 NA 0 86.8 62.4 49.2 0
20190413 25.7 0 0 29.7 0 6.1 0 0 0 1.6 9.4 0 0 6.9 13.1 8.6 0 NA 0 86.8 74.1 43.9 0
20190414 26.5 0 0 38.6 0.4 7.2 0 0 0 0.9 5.5 0 0 1.2 11.4 6.3 0 NA 0 85.3 75.6 45 0
20190415 7.8 0 0 36.6 0.9 2.7 0 0 0 0.1 7.2 0 0 1.4 11.9 6.9 0 NA 0 80.4 71.9 40.7 0
20190416 7.2 0 0 19.1 0.8 2 0 0 0 0.1 7.8 0 0 1.2 13.5 7.5 0 NA 0 80.2 72.7 37.5 0
20190417 5.7 0 0 22.6 0.3 1.9 0 0 0 0 6.5 0 0 1.2 14.3 8.3 0 NA 0 79.2 73.6 39.8 0
20190418 4.9 0 0 22 0.3 1.3 0 0 0 0 5.9 0 0 0.7 9.8 7.6 0 NA 0 79.2 72.2 37.4 0
20190419 3.5 0 0 20.1 0.3 1.4 0 0 0 0 5 0 0 1.3 9.2 5.1 0 NA 0 73.4 62.9 39.1 0
20190420 1.3 0 0 24.8 0.7 2.2 0 0 0 0 4.8 0 0 1.8 9.8 5.3 0 NA 0 71.2 60.8 43.7 0
20190421 1 0 0 18.2 0.7 1 0.2 0 0 0 2.9 0 0 1.1 8.7 5.4 0 NA 0 70.4 62.9 43.5 0
20190422 0.2 0 0 26.2 0.3 0.3 0 0 0 0 1.7 0 0 1 7.2 5.4 0 NA 0 70.2 54.3 39.7 0
20190423 0.2 0 0 25.4 0.3 0.2 0 0 0 0 1.4 0 0 0.8 7 4 0 NA 0 70.2 46.9 34.7 0
20190424 0 0 0 14 0.3 0 0 0 0 0 0.7 0 0 0.8 7 2.3 0 NA 0 61.1 32.4 27.2 0
20190425 0 0 0 9 0.1 0 0 0 0 0 0 0 0 0.9 6.4 2 0 NA 0 61 30.8 22.8 0
20190426 0 0 0 9 0 0 0 0 0 0 0.1 0 0 1.1 4.3 1.2 0 NA 0 42.3 18.8 18.3 0
20190427 0 0 0 8.2 0 0 0 0 0 0 0 0 0 0.7 3.7 0.5 0 NA 0 45.6 21.4 19.3 0
20190428 0 0 0 3.2 0 0 0 0 0 0 0 0 0 0.8 8.5 0 0 NA 0 31.6 0.9 6.9 0
20190429 0 0 0 2.2 0 0 0 0 0 0 0 0 0 0.8 3 0 0 NA 0 2.5 0.5 3.7 0
20190430 0 0 0 2.5 0 0 0 0 0 0 0 0 0 0.8 2.6 0 0 NA 0 2.5 1.1 2.2 0
20190501 0 0 0 3.1 0 0 0 0 0 0 0 0 0 0.2 2.5 0 0 NA 0 2.5 0.5 2.1 0
20190502 0 0 0 2.7 0 0 0 0 0 0 0 0 0 0.2 2.3 0 0 NA 0 2.5 0.2 1.7 0
20190503 0 0 0 1.7 0 0 0 0 0 0 0 0 0 0.2 2.3 0 0 NA 0 0 0 0.5 0
20190504 0 0 0 1.8 0 0 0 0 0 0 0 0 0 0.2 2.2 0 0 NA 0 0 0 0.4 0
20190505 0 0 0 0 0 0 0 0 0 0 0 0 0 0.3 2.1 0 0 NA 0 0 0 0 0
20190506 0 0 0 0.3 0 0 0 0 0 0 0 0 0 0.2 2.1 0 0 NA 0 0 0 0 0
20190507 0 0 0 0 0 0 0 0 0 0 0 0 0 0.1 2.1 0 0 NA 0 0 0 0 0
20190508 0 0 0 0 0 0 0 0 0 0 0 0 0 0 1.6 0 0 NA 0 0 0 0 0
20190509 0 0 0 0 0 0 0 0 0 0 0 0 0 0 1.6 0 0 NA 0 0 0 0 0
20190510 0 0 0 0 0 0 0 0 0 0 0 0 0 0 1.6 0 0 NA 0 0 0 0 0
20190511 0 0 0 0 0 0 0 0 0 0 0 0 0 0 1.6 0 0 NA 0 0 0 0 0
20190512 0 0 0 0 0 0 0 0 0 0 0 0 0 0 0.8 0 0 NA 0 0 0 0 0
20190513 0 0 0 0 0 0 0 0 0 0 0 0 0 0 0.5 0 0 NA 0 0 0 0 0
20190514 0 0 0 0 0 0 0 0 0 0 0 0 0 0 0.7 0 0 NA 0 0 0 0 0
20190515 0 0 0 0 0 0 0 0 0 0 0 0 0 0 0.1 0 0 NA 0 0 0 0 0
20190516 0 0 0 0 0 0 0 0 0 0 0 0 0 0 0 0 0 NA 0 0 0 0 0
