20191110 0 0 0 0 0 0 0 0 0 0 0 0 0 0 0 0 0 NA 0 2.9 2.1 0 0
20191111 0 0 0 0 0 0 0 0 0 0 0 0 0 0 0 0 0 NA 0 2.9 2.1 0 0
20191112 0 0 0 0 0 0 0 0 0 0 0 0 0 0 0.2 0 0 NA 0 4.6 2.1 0 0
20191113 0 0 0 0 0 0 0 0 0 0 0 0 0 0 0.3 0 0 NA 0 9.3 0.8 0 0
20191114 3 0 0 0 0 0 0 0 0 0 0 0 0 0 0.7 0 0 NA 2 8.1 0.5 0 0
20191115 0.8 0 0 0 0 0 0 0 0 0 0 0 0 0 1 0 0 NA 3.9 8.3 0.5 0.1 0
20191116 2.4 0 0 0 0 0 0 0 0 0 0 0 0 0 1 0 0 NA 3.8 8.3 0.5 0.1 0
20191117 3 0 0 0 1.5 0 0.3 0 0 0.4 0.7 0 0 0 1.7 0.1 0 NA 6.5 12.6 3.5 0.3 0
20191118 1.3 0 0 0 0.1 0 0 0 0 0 0 0 0 0 1.2 0 0 NA 4.7 8.5 2.3 0.1 0
20191119 1.2 0 0 0 0.1 0 0 0 0 0 0 0 0 0 1.2 0 0 NA 4.4 8.5 2.3 0.1 0
20191120 1.7 0 0 0 0 0 0 0 0 0 0 0 0 0 1.4 0 0 NA 4.5 8.5 2.1 0 0
20191121 1.8 0 0 0 0 0 0 0 0 0 0 0 0 0 1.7 0.2 0 NA 3.3 8.6 1.9 0.3 0
20191122 1.7 0 0 0 0 0 0 0 0 0 0 0 0 0 1.7 0.2 0 NA 1.8 8.8 1.6 0.2 0
20191123 0.4 0 0 0 0 0 0 0 0 0 0 0 0 0 2.8 0 0 NA 0.9 8.8 1.6 0.1 0
20191124 0.2 0 0 0 0.2 0 0 0 0 0 0.2 0 0 0 2.2 0 0 NA 0.3 8.9 0.1 1.6 0
20191125 0.2 0 0 0 0 0 0 0 0 0 0 0 0 0 2.2 0 0 NA 0.3 3.5 0.3 0.3 0
20191126 0 0 0 0 0 0 0 0 0 0 0 0 0 0 2.2 0 0 NA 0 3.5 0.3 0.2 0
20191127 0 0 0 0 0 0 0 0 0 0 0 0 0 0 1.1 0 0 NA 0 3.5 0.3 0.2 0
20191128 0 0 0 0 0 0 0 0 0 0 0 0 0 0 1.2 0 0 NA 0 4.1 0.2 0.2 0
20191129 0 0 0 0 0 0 0 0 0 0 0 0 0 0 1 0 0 NA 0 4.1 0.2 0.2 0
20191130 0 0 0 0 0 0 0 0 0 0 0 0 0 0.1 1 0 0 NA 0 3.7 0.2 0.3 0
20191201 0.2 0 0 0 0 0 0 0 0 0 0 0 0 0 1.1 0 0 NA 0 7.5 0.2 0.1 0
20191202 0.5 0 0 0 0 0 0 0 0 0 0 0 0 0 2 0 0 NA 0 7.5 0.4 0.1 0
20191203 0.5 0 0 0 0 0 0 0 0 0 0 0 0.7 0 2.1 0 0 NA 0 7.5 0.4 0.1 0
20191204 0.3 0 0 0 0 0 0 0 0 0 0 0 0.7 0 1.6 0 0 NA 0 7.4 2.3 0.1 0
20191205 0.3 0 0 0 0 0 0 0 0 0 0 0 1.4 0 1.4 0 0 NA 0 7.5 1.8 0.4 0
20191206 0.5 0 0 0 0 0 0 0 0 0 0 0 2.2 0 1.4 0 0 NA 0 7.5 1.9 1 0
20191207 0.3 0 0 0 0 0 0 0 0 0 0 0 2.5 0.1 1.6 0 0 NA 0 7.8 1 0.7 0
20191208 0.1 0 0 0 0 0 0 0 0 0 0 0 2.5 0.1 1.7 0 0 NA 0 7.9 0.2 0.3 0
20191209 0.1 0 0 0 0 0 0 0 0 0 0 0 3.6 0.8 2.7 0.1 0 NA 0 8.1 0.2 0.6 0
20191210 0.4 0 0 0 0.1 0 0 0 0 0 0 0 3 0.8 2.7 0.1 0 NA 0 8.1 0.3 0.9 0
20191211 19.4 0 0 0 0.1 0 0 0 0 0 0.1 0 3 0.4 2.8 0.1 0 NA 0.8 15.6 2.6 1.2 0
20191212 20.1 0 0 0.3 0.1 0 0.5 0 0 0 0.1 0 3 0.4 2.9 0.1 1.1 NA 13.3 16.5 4.8 1.4 0
20191213 20.7 0 0 0.2 0.1 0.2 0 0 0 0 0.1 0 2.9 1 3.4 0.1 0 NA 26.2 16.5 4.8 1.4 0
20191214 32.4 0 0 0 0.2 0.2 0 0 0 0.2 0.1 0 3.1 0.7 3.4 0.1 0 NA 12.9 16.3 5 2 0
20191215 28.9 0.3 0 0 0.4 0.1 0 0 0 0.3 0.1 0 2.2 1.5 3.8 0.1 0 NA 14.7 20.9 2.3 2.7 0
20191216 28.9 0.3 0 0 0.4 0.1 0 0 0 0.3 0.1 0 4 1.5 4 0.1 0 NA 14.7 20.9 2.3 2.9 0.1
20191217 31 0.3 0 0 0.4 0.1 0 0 0 0 0.3 0 4 2.3 3.7 0.1 0 NA 5.8 20.9 2.3 2.7 0.1
20191218 33.3 0.3 0 0 0.7 0.1 0.4 0 0 0.6 5.2 0 4.3 5 3.7 0.1 0 NA 35.9 58 7.9 3.6 0.1
20191219 33.3 0.4 0 1.3 1.8 2.6 2.6 0 0 0.6 5.2 0 4.7 3.9 3.8 0.1 0 NA 43.4 56.9 11.2 11.4 0.2
20191220 35.9 1.1 0 2.1 1.4 0.9 1.2 0 0 0.1 3.8 0 5.6 5.9 4.2 0.2 0 NA 51.2 59.2 13.6 11.5 0.2
20191221 29.4 1.1 0 2.1 1.8 0.9 1.6 0 0 0 4.8 0 5.6 6.7 7.5 0.5 0 NA 50.4 63.1 13.6 11.4 0.2
20191222 30.1 2.8 0 1 0.5 0.4 0.1 0 0 0 1.1 0 7 4.7 4.4 0.5 18 NA 29.8 69.3 9.5 5.5 0.1
20191223 24.7 1.8 0 1 0.5 0.4 0.1 0 0 0 1.3 0 6 3.3 3.9 0.1 3.4 NA 34.5 69.3 8.8 5.5 0.1
20191224 26.2 1.4 0 1 0.7 0.4 0.1 0 0 0.1 3.2 0 6 0.8 3.5 0.1 3.4 NA 27.1 66.5 5.5 5.5 0.1
20191225 25.3 1.9 0 2.5 0.4 0.7 0 0 0 0 0.8 0 11.9 0.2 4.3 0.1 4.9 NA 21 55.1 4.9 4.6 0.3
20191226 25.3 1.3 0 1.6 0.3 0.5 0 0 0 0 0.8 0 5.4 0.2 4.3 0.1 4.9 NA 21 55.1 4.9 3.9 0
20191227 25.7 0.8 0 0 0.2 0.4 0 0 0 0 0.6 0 3.8 0.4 3.4 0.1 0 NA 17.5 55.7 5 3.9 0
20191228 19.9 0.2 0 0 0.2 0.3 0 0 0 0 2.4 0 2.3 0.4 2.9 0.1 0 NA 15.5 48.3 3.9 3.1 0
20191229 23.6 0 0 0 0.2 0.1 0 0 0 0 3.3 0 2.5 0 2.9 0.1 0 NA 8.7 50.7 3.7 4.2 0
20191230 17.4 0 0 0 0.2 0 0 0 0 0 0.8 0 2.2 0 2.7 0.1 0 NA 4.4 43.3 3.7 3 0
20191231 17.4 0 0 0 0.1 0 0 0 0 0 0.8 0 2.2 0 3 0.1 0 NA 4.4 35.2 3 3.2 0
20200101 13.6 0 0 0 0.1 0 0 0 0 0.1 3.2 0 2.2 0 4 0.1 0 NA 0 33.7 2.2 3.2 0
20200102 13.4 0 0 0 0.1 0 0 0 0 0.1 3.2 0.7 2.3 0 4 0.1 0 NA 0 33.7 2.2 3.2 0.1
20200103 22.6 0 0 0 0.1 0 0 0 0 0 6.3 0 2.2 0 4.1 0.1 0 NA 0 31.1 1.9 2.9 0.1
20200104 18.2 0 0 0 0.2 0 0 0 0 0.1 2.3 0 2.2 0 3.1 0.1 0 NA 0 46.7 2.7 3.4 0
20200105 17.3 0 0 0 0.1 0 0 0 0 0 1.7 0 2.5 0 3.3 0.1 0 NA 0 20.8 1.6 3 0
20200106 16.4 0 0 0 0.1 0 0 0 0 0 1.8 0 2.5 0.1 3.6 0.1 0 NA 0 22.2 1.6 2.4 0
20200107 32 0 0 0 0.1 0 0 0 0 0 1.8 0 2.5 0.7 3.4 0.1 0 NA 0 22.2 1.6 2.4 0
20200108 35.3 0 0 0 0.5 0 0 0 0 0.3 4.6 0 2.5 0.2 3.5 0.1 0 NA 0.4 28.2 2.9 3.8 0
20200109 35.3 0 0 0 0.5 0 0 0 0 0.3 4.6 0 2.4 0.2 3.5 0.1 0 NA 0.4 28.2 2.9 4.1 0
20200110 37.7 0 0 0 0.2 0 0 0 0 0.4 1.7 0 2.3 1.2 4 0.1 0 NA 0 22.5 4.9 2.4 0
20200111 43.3 0 0 0 0.3 0 0.1 0 0 0.2 6.3 0 2.3 3.7 6.4 0.1 0 NA 6.7 50.3 6.9 7 0
20200112 73.4 0 0 0 1.6 2.2 0.5 0 0 0.3 24.8 0 2.3 6.1 10.4 0.1 0 NA 22.5 54.8 12.6 18.8 0.1
20200113 78.8 0 0 0 1.3 2.6 0.3 0 0 0.3 16.9 0 3.3 7.7 10 0.1 0 NA 30.2 64 16.5 22.7 0.1
20200114 71.6 0 0 0 1.3 2.6 0.3 0 0 0 13.7 0 3.3 8.6 6.1 0.1 0 NA 30.2 64 15.4 22 0.1
20200115 71.6 0 0 0 2.1 0.6 2.5 0 0 0 6.9 0 2.4 7.4 6 0.1 0 NA 46.8 87 8.7 17.6 0.1
20200116 86 0 0 0 2.1 0.6 2.5 0 0 2.4 10.5 0 2.4 6.5 6.5 0.1 0 NA 46.8 87 8.7 18.1 0
20200117 95.2 0 0 0 8.1 1.5 3.6 0 0 6.7 33.2 0 7.3 16 15.4 1.8 0 NA 55.8 96.6 40.6 43.9 0.6
20200118 89.4 0 0 0 2.3 4.1 2.3 0 0 1.4 18.8 0 6.7 12.4 15.2 0.8 7.2 NA 54.6 96.6 25.1 35.5 0.4
20200119 92.8 0.1 0 0 10.5 4.3 2 0 0 2.3 31.9 0 11.8 8.1 12.9 0.7 7.7 NA 51.6 96.4 28.3 39.9 0.4
20200120 93.7 0.7 0 1.3 9.1 3.6 7.9 0 0 3.9 41.6 0 15.3 7.2 9.8 1.2 20.1 NA 59.8 99.8 27.5 48.9 2.2
20200121 93.8 0.7 0 1.3 7.5 3.6 7.9 5.5 0.6 4.1 30.4 0 15.3 11.2 11 1.8 20.1 NA 60.5 99.8 32.1 48.9 2.2
20200122 92.4 24.2 0 3.3 5.1 2 8.1 4.8 0.4 1.1 12.3 0 15.3 11.9 10.9 2.1 72.2 NA 78.1 99.7 24.1 30.1 1
20200123 92.4 24.9 0 3.3 5.1 1.9 8.3 4.8 0.4 1.1 12.3 0 12.2 11.9 10.9 2.1 72.2 NA 78.1 99.7 24.1 30.1 0.7
20200124 91.5 2 0 3.4 3.1 1.7 2.6 0 0 1 15 0 13.9 2.8 8.2 1.4 50 NA 59.2 97.4 21 26.9 0
20200125 85.6 8 0 1.3 1.4 0.3 0.4 0 0 0.1 12.9 0 10.8 2.7 7.3 0.3 41 NA 49.8 98.9 18.3 24.5 0
20200126 82.9 6.1 0 1 2.5 0.4 0.3 0 0 1.2 10.1 0 8.5 2.5 7.3 0.6 38 NA 45.1 98.6 16.5 20.7 0
20200127 84.2 1.7 0 1.5 3.6 0.3 0.5 0 0 0.6 16.1 0 9.5 0.6 6.8 0.3 7.8 NA 43 99.3 17.3 23.4 0
20200128 71.7 1.7 0 1.5 1.7 0.3 0.2 0 0 1 9 0 9.4 1.7 5.6 0.1 7.8 NA 38.6 99.1 10.7 25.3 0
20200129 71.5 1.9 0 0.2 1.7 0.9 0.3 0 0 0.4 15 0 7.4 1.7 5.6 0.1 10.8 NA 34.3 98.6 19.9 37.8 0.1
20200130 73.3 1.9 0 0.2 1.7 0.9 0.3 0 0 0.4 15 0 7.8 1.7 6 0.1 10.8 NA 34.3 98.7 20 37.8 0.1
20200131 90.7 2.3 0 0.1 1.8 1.5 0.5 1.5 1 7.5 20.3 0 8.9 14.8 15 1.8 10.9 NA 40 98.8 50.6 43.8 0.1
20200201 95.6 3.2 0.1 2.2 5.2 0.4 0.5 0 0 2.1 12.8 0 20.2 13.3 15.9 1.1 27.8 NA 54.5 99 13.7 33.1 0.6
20200202 81.9 0.4 0 0 3.7 0.4 0.4 0 0 0.7 9.5 0 15.8 2 8.2 0.6 2 NA 46.1 99 16.3 28.1 0.2
20200203 76.9 0 0 0 4.1 0.4 0.1 0 0 0.8 9.3 0 7.2 0.1 5.1 0.1 0.2 NA 26.2 97.9 9.4 24.5 0.1
20200204 72.3 0 0 0 3.5 0.2 0.4 0 0 2.3 6.6 0 7.2 0.1 5.1 0.1 0.2 NA 35.8 97.2 9.2 25.7 0.1
20200205 73.5 0 0 0 3.6 0.2 0 0 0 1.7 8.4 0 8.9 5.6 8.7 0.3 0.1 NA 32.7 97.1 18.5 28.9 0.1
20200206 71.6 0 0 0 3.6 0.2 0 0 0 0.3 10.9 0 8.9 3.8 7.6 0.1 0.1 NA 32.7 97.1 26.4 29 0.1
20200207 94.1 0 0 0.7 9.1 1.6 2.1 0 0 1.9 35.6 0 11.5 8.5 9.8 1.1 4.9 NA 59.5 99 73.1 43.6 0.1
20200208 95.5 0 0 4 15.5 4.9 5.8 0 0 2.5 44.1 0 10.4 9.8 10.4 4.5 3.5 NA 71.4 99.5 66.5 54.1 0.1
20200209 95.5 0 0 3.3 6.5 2.8 7.4 0 0 2.7 27.6 0 19.1 6.8 11.8 2.8 1.5 NA 74 99 50.7 46.9 1.7
20200210 93 0 0 2.8 11.6 2.2 7.2 0 0 3.5 40.1 0 39 11.3 16.3 4.9 2.5 NA 83.4 99.3 90.8 40.1 4.7
20200211 92.7 0 0 2.8 14.6 0.4 7.5 0 0 2.6 20.7 0 39.1 10.4 13.5 2.9 2.6 NA 79.7 99.6 71.5 38.9 4.8
20200212 88.5 0 0 3.4 5.4 0.5 3.5 0 0 1.3 20 0 19.1 10.4 14.2 2.7 2.6 NA 59.3 99.7 54.4 30.3 0.1
20200213 91.2 0 0 3.4 6.1 0.5 3.5 0 0 1.1 37.7 0 19.3 8 12.8 5.6 2.6 NA 64.1 99.5 91 32.6 0.1
20200214 97.5 3.5 0.7 4.9 15.5 4.2 14.2 4.2 0.5 4 40.1 0 19 12 18.3 14.1 57.5 NA 89.6 99.5 86.3 50.5 0.9
20200215 96.3 38.3 0.5 4.4 16.5 4.5 21.2 9.7 1.4 1.5 32.1 0.2 28.4 17.1 19.2 13.3 70 NA 93.5 99.6 90.8 43.6 0.8
20200216 94 12.7 0 3.7 10.7 3.2 11.6 7.7 1.2 3.1 35.9 0 19.8 7 15.8 8 70 NA 75.9 99.6 90.9 35.4 0.1
20200217 96.2 20 0.5 1.9 13.2 4.7 5.9 8 2.4 4.5 37.3 0.3 18.9 18.8 26.8 15.4 65.1 NA 72.1 99.6 92.5 40.8 0.6
20200218 96.6 20.3 0 0.7 8.4 8.5 7.1 0 0 0.6 42.2 0 18.9 18.9 24.4 13.7 72.8 NA 68.6 99.7 85.1 40.7 0.5
20200219 96.6 16.5 0 0.3 12 8.3 4.3 0 0 2.5 39.4 0 15.1 15.4 22.8 13.6 45.6 NA 66.3 99.6 85.1 36.1 0.2
20200220 96.6 18.2 0.8 0.3 16.4 6.2 6.6 1.5 0.3 2.1 51 0 10 15.1 20.4 17.2 47.2 NA 65.6 99.8 93.2 54 0.1
20200221 97.6 32.2 4.4 7.9 20 8.9 20.4 10.5 2.9 4.1 50.9 0 26.4 19 18.7 13.6 73.5 NA 73 99.8 95.8 46.4 1.6
20200222 92.5 13.3 0.3 1.2 5.2 1.1 4.9 0 0 1.5 35.4 0 10.3 6.7 11.4 8 52.3 NA 62.4 99.3 82.5 31.7 0.1
20200223 93.5 5.9 0.3 0 3.3 1.7 3.5 0 0 0.3 22.1 0 10.3 1.8 8.2 4.4 45.7 NA 44.6 99.3 77.2 31.5 0.1
20200224 92 0.8 0.2 0 6.5 1.6 2.3 0 0 1.2 25 0 12.5 0.6 8.8 2.8 39.4 NA 45.1 99.4 83.3 32.5 0.1
20200225 90.8 1.5 0 0 5.6 2.3 2.1 0 0 1.1 29.6 0 12.5 0.7 8.6 2.6 43 NA 43.1 99.5 76.1 33.3 0.1
20200226 89.8 1.5 0 0 6 2.3 2.1 0 0 0.8 38.7 0 14.2 1.2 8.2 3.9 43 NA 43.1 99.8 86.6 35.6 0.3
20200227 83.8 0 0 0 5.9 2.3 1.8 0 0 2.3 39.3 0 14.2 1 9.3 4.3 17.8 NA 34.9 99.7 86.6 39.4 0.3
20200228 96.5 38.6 2.5 0 13.6 3.3 16.4 0 0 3.9 37.4 0 9.8 1.8 9.6 10.6 54.4 NA 70.5 99.8 92 39.4 0.2
20200229 93.4 61.5 5.6 11.4 16.3 8.9 19.1 0 0 3.5 43.4 0 26.6 7.6 11.2 13.6 65 NA 72.5 99.8 92.3 54.9 1.6
20200301 97.4 46 7.1 9.4 15.9 6 18.3 0 0 1.4 40.2 1.4 29.7 6.4 12.5 8.6 76.9 NA 71.2 99.8 92.9 58.1 3.2
20200302 87.8 27.1 1.6 2 7.7 2 12.7 0 0 0.3 20.5 0 20 0.4 8.2 6.4 67.6 NA 62.1 99.7 93.4 49.2 0.9
20200303 87 14.3 0.5 1.2 7.2 2.3 11.6 0 0 0.3 26.4 0 13.6 0.5 7.4 3.4 64.1 NA 70.9 99.7 83.2 47.2 0.1
20200304 85.1 14.6 0.7 1.2 6.4 1.5 5.7 0 0 0.4 26.4 0 9.8 0.2 6.4 5.9 64.1 NA 61.7 99.7 83.2 44.5 0.1
20200305 85.2 4 0.2 0 7 1.2 2 0 0 1.4 21.6 0 7.7 0.9 8.8 2 22.8 NA 37.7 99.9 82.3 36 0.1
20200306 76.6 1.6 0 0 5 6.7 4.9 0 0 1.5 48.6 0 6.7 0 11.7 7.9 19.1 NA 42.9 99 91.8 47.1 0.1
20200307 81.8 2.4 0 0 5.2 5.2 3.4 0 0 1 43 0 5.5 3.5 11.1 11.2 5.9 NA 18.2 99.1 94.1 52 0
20200308 80.1 1.2 0.2 0 5.1 1.8 3.5 0 0 0.1 28.5 0 5.2 5 11.3 6.2 7.2 NA 28.2 98.8 88.1 41.7 0
20200309 75.2 2.7 0.1 0 3.8 2.7 3.3 0 0 0.7 21.7 0 5.2 1.4 8.3 6 7.6 NA 29.6 98.8 77.4 41.7 0
20200310 71 0 0 0 2.5 2.8 1.6 0 0 0.4 21.9 0 5.2 2 7.5 5.7 1.7 NA 20.3 99.3 80.4 30.1 0
20200311 71.6 0 0 0 2.3 2.9 1.9 0 0 0.6 22.3 0 5.2 2.1 8.9 4.2 1.4 NA 16.2 96.6 81 31.5 0
20200312 71.6 0 0 0 2.3 2.9 1.8 0 0 0.6 21.2 0 3.8 1.4 8.1 2.9 0.5 NA 16.2 99 84.6 32 0
20200313 73.2 0 0 0 2 0.9 1.1 0 0 0.2 16 0 3.8 0.6 7.1 1.6 0 NA 1.6 98.4 68.6 28.2 0
20200314 56.1 0 0 0 2.9 0.6 0.2 0 0 1.5 8.6 0 0.7 0 4.7 0.4 0 NA 0 97.3 47.7 23.6 0
20200315 57.5 0 0 0 1.7 1.7 0.8 0 0 2.4 15.7 0 0.7 2.3 4.7 2.9 0 NA 0 94.7 66 28.3 0
20200316 54.1 0 0 0 3.7 2.3 2.5 0 0 0.1 24.3 0 0.7 1.8 5.7 3.5 0 NA 0 95.3 75.4 32 0
20200317 52.1 0 0 0 6 0.5 0.8 0 0 0.1 8.2 0 0.5 0 3.4 2.3 0 NA 0 95.1 58.9 23.5 0
20200318 52.1 0 0 0 6 0.3 0.2 0 0 0.1 8.2 0 0.2 0 3.3 2.3 0 NA 0 95.1 58.9 23.6 0
20200319 55 0 0 0 4.1 0.7 0.2 0 0 0 9.4 0 0.2 0 4.4 1.9 0 NA 0 95.7 58.9 27 0
20200320 52 0 0 0 1.6 0.6 0.8 0 0 0.1 14.9 0 0 0 5.1 2.1 0 NA 0 96.2 68.5 25.4 0
20200321 38.9 0 0 0 1.7 0.3 0.1 0 0 0.5 19 0 0 0 3.6 2.2 0 NA 0 95.1 68.3 29.4 0
20200322 51.3 0 0 0 3.2 1.2 0 0 0 0.5 34.4 0 0 1.7 8.9 9 0 NA 0 97 82.2 39.7 0
20200323 58.3 0 0 0 3.3 0 0.1 0 0 0.4 30.6 0 0 1.4 5.8 4 0 NA 0 94.9 69.3 38.1 0
20200324 53.2 0 0 0 3.2 0.1 0 0 0 0.2 22.3 0 0 0 4.5 2.7 0 NA 0 92.5 69 31.3 0
20200325 53.2 0 0 0 3.2 0 0 0 0 0.2 22.3 0 0 0 4.5 2.7 0 NA 0 92.5 69 30.3 0
20200326 43.8 0 0 0 3.2 0 0 0 0 0 16.5 0 0 0 3.7 3.5 0 NA 0 95.1 82.4 30.1 0
20200327 32.9 0 0 0 2.1 0 0 0 0 0 10.1 0 0 0 3.3 2.4 0 NA 0 95.5 56 23.4 0
20200328 39.4 0 0 0 3.2 0 0 0 0 0 14.3 0 0 0 3.6 4.5 0 NA 0 94.4 72.3 25.1 0
20200329 26.8 0 0 0 0.4 0 0 0 0 0 9.2 0 0 0 3.4 4.2 0 NA 0 90.3 64.7 23.4 0
20200330 15.3 0 0 0 0.5 0 0 0 0 0 3.2 0 0 0 3.1 2 0 NA 0 88 48.7 18 0
20200331 15.3 0 0 0 0.5 0 0 0 0 0 3.2 0 0 0 3.1 2 0 NA 0 88 48.7 17.9 0
20200401 14 0 0 0 0.5 0 0 0 0 0 2.3 0 0 0 3.1 0.5 0 NA 0 81.5 45.5 15.3 0
20200402 6.3 0 0 0 0.2 0 0 0 0 0 0 0 0 0 3 0.2 0 NA 0 75.4 47.6 13.6 0
20200403 5.1 0 0 0 0.4 0 0 0 0 0 0 0 0 0 2.8 0.2 0 NA 0 68.8 32.9 14.7 0
20200404 5 0 0 0 0.8 0 0 0 0 0 0 0 0 0 2.8 0.1 0 NA 0 70.5 24.6 12.4 0
20200405 4.6 0 0 0 0.2 0 0 0 0 0.1 0 0 0 0 2.9 0.1 0 NA 0 68.9 16.5 9.9 0
20200406 3 0 0 0 0.3 0 0 0 0 0 0 0 0 0 2.9 0.5 0 NA 0 65.7 22.8 10.3 0
20200407 2.9 0 0 0 0.4 0 0 0 0 0 0 0 0 0 2.8 0.5 0 NA 0 66.6 24.5 10.5 0
20200408 2 0 0 0 0.4 0 0 0 0 0 0 0 0 0 2.8 0.2 0 NA 0 66.6 24.5 10.8 0
20200409 2 0 0 0 0 0 0 0 0 0 0 0 0 0 2.5 0.1 0 NA 0 52.8 11.8 7.2 0
20200410 3 0 0 0 0.1 0 0 0 0 0 0 0 0 0 2.5 0.1 0 NA 0 42.3 5.4 3.9 0
20200411 1.2 0 0 0 0 0 0 0 0 0 0 0 0 0 2.5 0.1 0 NA 0 30.1 4.8 2.9 0
20200412 0.9 0 0 0 0 0 0 0 0 0 0 0 0 0 2.5 0.1 0 NA 0 29.6 8.9 3.1 0
20200413 0.2 0 0 0 0 0 0 0 0 0 0 0 0 0 2.4 0 0 NA 0 23.7 5.8 2.1 0
20200414 0.2 0 0 0 0 0 0 0 0 0 0 0 0 0 2.4 0 0 NA 0 18.9 3.2 1.3 0
20200415 0.2 0 0 0 0 0 0 0 0 0 0 0 0 0 2.3 0 0 NA 0 18.9 3.2 1.3 0
20200416 0.1 0 0 0 0 0 0 0 0 0 0 0 0 0 2.1 0 0 NA 0 13.4 2.7 0.7 0
20200417 0.1 0 0 0 0 0 0 0 0 0 0 0 0 0 2.1 0 0 NA 0 9.7 4.2 0.1 0
20200418 0.1 0 0 0 0 0 0 0 0 0 0 0 0 0 2.1 0 0 NA 0 10 3.7 0.1 0
20200419 3 0 0 0 0.1 0 0 0 0 0 0 0 0 0 2.5 0.1 0 NA 0 42.3 5.4 3.9 0
20200420 0 0 0 0 0 0 0 0 0 0 0 0 0 0 2.1 0 0 NA 0 8.3 3.6 0 0
20200421 0 0 0 0 0 0 0 0 0 0 0 0 0 0 2.1 0 0 NA 0 8.5 3.5 0 0
20200422 0 0 0 0 0 0 0 0 0 0 0 0 0 0 2.1 0 0 NA 0 0 1.8 0 0
20200423 0 0 0 0 0 0 0 0 0 0 0 0 0 0 2.1 0 0 NA 0 0 1.9 0 0
20200424 0 0 0 0 0 0 0 0 0 0 0 0 0 0 2.1 0 0 NA 0 0 1.3 0 0
20200425 0 0 0 0 0 0 0 0 0 0 0 0 0 0 2.1 0 0 NA 0 0 1.3 0 0
20200426 0 0 0 0 0 0 0 0 0 0 0 0 0 0 2.1 0 0 NA 0 0 1.3 0 0
20200427 0 0 0 0 0 0 0 0 0 0 0 0 0 0 2.1 0 0 NA 0 0 0.3 0 0
20200428 0 0 0 0 0 0 0 0 0 0 0 0 0 0 2.1 0 0 NA 0 0 0.1 0 0
20200429 0 0 0 0 0 0 0 0 0 0 0 0 0 0 2 0 0 NA 0 0 0 0 0
20200430 0 0 0 0 0 0 0 0 0 0 0 0 0 0 2 0 0 NA 0 0 0 0 0
20200501 0 0 0 0 0 0 0 0 0 0 0 0 0 0 2 0 0 NA 0 0 0 0 0
20200502 0 0 0 0 0 0 0 0 0 0 0 0 0 0 2 0 0 NA 0 0 0 0 0
20200503 0 0 0 0 0 0 0 0 0 0 0 0 0 0 1.9 0 0 NA 0 0 0 0 0
20200504 0 0 0 0 0 0 0 0 0 0 0 0 0 0 1.2 0 0 NA 0 0 0 0 0
20200505 0 0 0 0 0 0 0 0 0 0 0 0 0 0 1.2 0 0 NA 0 0 0 0 0
20200506 0 0 0 0 0 0 0 0 0 0 0 0 0 0 0.7 0 0 NA 0 0 0 0 0
20200507 0 0 0 0 0 0 0 0 0 0 0 0 0 0 0.2 0 0 NA 0 0 0 0 0
20200508 0 0 0 0 0 0 0 0 0 0 0 0 0 0 0.2 0 0 NA 0 0 0 0 0
20200509 0 0 0 0 0 0 0 0 0 0 0 0 0 0 0 0 0 NA 0 0 0 0 0
20200510 0 0 0 0 0 0 0 0 0 0 0 0 0 0 0 0 0 NA 0 0 0 0 0
20200511 0 0 0 0 0 0 0 0 0 0 0 0 0 0 0 0 0 NA 0 0 0 0 0
20200512 0 0 0 0 0 0 0 0 0 0 0 0 0 0 0 0 0 NA 0 0 0 0 0
20200513 0 0 0 0 0 0 0 0 0 0 0 0 0 0 0 0 0 NA 0 0 0 0 0
20200514 0 0 0 0 0 0 0 0 0 0 0 0 0 0 0 0 0 NA 0 0 0 0 0
20200515 0 0 0 0 0 0 0 0 0 0 0 0 0 0 0 0 0 NA 0 0 0 0 0
